-2.012461179749810647e+00,-3.354101966249684263e+00,-2.683281572999747677e+00,-1.788854381999831711e+00,-3.130495168499705549e+00,-1.341640786499873839e+00,-1.788854381999831711e+00,-8.944271909999158554e-01,-8.944271909999158554e-01,-8.944271909999158554e-01,-1.565247584249852775e+00,-2.236067977499789639e-01,1.341640786499873839e+00,2.459674775249768519e+00,4.248529157249600452e+00,4.024922359499621294e+00,4.472135954999579610e+00,5.813776741499452783e+00,4.024922359499621294e+00,3.801315561749642136e+00,4.248529157249600452e+00,3.130495168499705549e+00,3.577708763999663422e+00,4.472135954999579277e-01,-4.472135954999579277e-01,-2.236067977499789639e-01,4.472135954999579277e-01,2.236067977499789805e+00,3.130495168499705549e+00,3.354101966249684263e+00,1.341640786499873839e+00,1.118033988749894903e+00,2.236067977499789805e+00,2.236067977499789639e-01,-8.944271909999158554e-01,-1.341640786499873839e+00,-1.341640786499873839e+00,-2.236067977499789639e-01,-2.683281572999747677e+00,-8.944271909999158554e-01,-2.236067977499789639e-01,6.708203932499369193e-01,8.944271909999158554e-01,3.577708763999663422e+00,4.024922359499621294e+00,1.788854381999831711e+00,3.577708763999663422e+00,4.919349550499537038e+00,5.366563145999495354e+00,4.472135954999579610e+00,2.906888370749726391e+00,1.565247584249852775e+00,2.236067977499789639e-01,-2.236067977499789639e-01,4.472135954999579277e-01,1.788854381999831711e+00,2.683281572999747677e+00,2.236067977499789805e+00,2.459674775249768519e+00,3.577708763999663422e+00,5.142956348249516196e+00,4.919349550499537038e+00,4.695742752749557880e+00,6.037383539249431941e+00,6.484597134749389369e+00,4.919349550499537038e+00,7.155417527999326843e+00,6.708203932499368527e+00,5.813776741499452783e+00,4.919349550499537038e+00,4.248529157249600452e+00,3.577708763999663422e+00,2.683281572999747677e+00,2.012461179749810647e+00,1.565247584249852775e+00,4.472135954999579277e-01,4.472135954999579277e-01,-6.708203932499369193e-01,-1.341640786499873839e+00,-1.565247584249852775e+00,-3.130495168499705549e+00,-4.695742752749557880e+00,-3.577708763999663422e+00,-3.130495168499705549e+00,-2.236067977499789805e+00,-3.577708763999663422e+00,-4.695742752749557880e+00,-4.919349550499537038e+00,-3.577708763999663422e+00,-3.354101966249684263e+00,-2.236067977499789805e+00,-2.012461179749810647e+00,-3.130495168499705549e+00,-2.236067977499789805e+00,-1.118033988749894903e+00,-4.472135954999579277e-01,2.236067977499789639e-01,-4.472135954999579277e-01,-4.472135954999579277e-01,-1.788854381999831711e+00,-1.118033988749894903e+00,-2.236067977499789639e-01,6.708203932499369193e-01,1.788854381999831711e+00,1.341640786499873839e+00,0.000000000000000000e+00,2.236067977499789805e+00,2.459674775249768519e+00,1.341640786499873839e+00,1.788854381999831711e+00,3.354101966249684263e+00,4.024922359499621294e+00,5.142956348249516196e+00,4.248529157249600452e+00,4.024922359499621294e+00,2.906888370749726391e+00,0.000000000000000000e+00,-6.708203932499369193e-01,-6.708203932499369193e-01,-6.708203932499369193e-01,-4.472135954999579277e-01,-1.118033988749894903e+00,-2.012461179749810647e+00,-1.788854381999831711e+00,-1.341640786499873839e+00,-8.944271909999158554e-01,-2.236067977499789639e-01,0.000000000000000000e+00,2.236067977499789639e-01,-1.341640786499873839e+00,-1.118033988749894903e+00,-1.565247584249852775e+00,-2.236067977499789639e-01,-2.906888370749726391e+00,-2.683281572999747677e+00,-2.236067977499789805e+00,-2.459674775249768519e+00,-2.236067977499789805e+00,-8.944271909999158554e-01,-2.236067977499789639e-01,-2.236067977499789639e-01,4.472135954999579277e-01,2.236067977499789639e-01,8.944271909999158554e-01,1.341640786499873839e+00,2.236067977499789639e-01,1.341640786499873839e+00,1.341640786499873839e+00,-1.341640786499873839e+00,-2.236067977499789805e+00,-2.236067977499789639e-01,8.944271909999158554e-01,-1.118033988749894903e+00,-3.130495168499705549e+00,-2.012461179749810647e+00,-2.236067977499789805e+00,-2.683281572999747677e+00,-2.236067977499789805e+00,0.000000000000000000e+00,-2.236067977499789639e-01,8.944271909999158554e-01,1.788854381999831711e+00,2.012461179749810647e+00,1.565247584249852775e+00,2.683281572999747677e+00,1.565247584249852775e+00,6.708203932499369193e-01,3.354101966249684263e+00,3.354101966249684263e+00,2.459674775249768519e+00,2.906888370749726391e+00,2.906888370749726391e+00,2.683281572999747677e+00,1.118033988749894903e+00,2.236067977499789805e+00,1.341640786499873839e+00,0.000000000000000000e+00,-2.236067977499789639e-01,6.708203932499369193e-01,8.944271909999158554e-01,-4.472135954999579277e-01,-2.683281572999747677e+00,-4.248529157249600452e+00,-2.906888370749726391e+00,-1.565247584249852775e+00,-1.788854381999831711e+00,-4.024922359499621294e+00,-2.683281572999747677e+00,-2.459674775249768519e+00,-1.118033988749894903e+00,-8.944271909999158554e-01,-6.708203932499369193e-01,-2.236067977499789805e+00,-3.130495168499705549e+00,-4.472135954999579610e+00,-2.906888370749726391e+00,-4.024922359499621294e+00,-4.695742752749557880e+00,-4.024922359499621294e+00,-6.260990336999411099e+00,-4.695742752749557880e+00,-7.379024325749306001e+00,-1.028591269649903239e+01,-8.497058314499200904e+00,-8.497058314499200904e+00,-7.155417527999326843e+00,-5.590169943749473624e+00,-5.590169943749473624e+00,-6.037383539249431941e+00,-6.708203932499368527e+00,-7.155417527999326843e+00,-7.379024325749306001e+00,-7.602631123499284271e+00,-4.695742752749557880e+00,-4.472135954999579610e+00,-8.944271909999158554e-01,2.236067977499789639e-01,1.565247584249852775e+00,2.683281572999747677e+00,3.577708763999663422e+00,2.906888370749726391e+00,2.683281572999747677e+00,2.683281572999747677e+00,2.236067977499789805e+00,1.788854381999831711e+00,3.577708763999663422e+00,3.801315561749642136e+00,4.695742752749557880e+00,4.919349550499537038e+00,5.366563145999495354e+00,5.590169943749473624e+00,5.142956348249516196e+00,5.366563145999495354e+00,4.695742752749557880e+00,2.906888370749726391e+00,1.788854381999831711e+00,2.012461179749810647e+00,1.118033988749894903e+00,1.341640786499873839e+00,2.236067977499789639e-01,1.341640786499873839e+00,1.788854381999831711e+00,1.788854381999831711e+00,6.708203932499369193e-01,1.788854381999831711e+00,1.565247584249852775e+00,8.944271909999158554e-01,2.459674775249768519e+00,2.459674775249768519e+00,2.236067977499789805e+00,0.000000000000000000e+00,8.944271909999158554e-01,1.565247584249852775e+00,1.118033988749894903e+00,1.341640786499873839e+00,1.118033988749894903e+00,3.801315561749642136e+00,3.354101966249684263e+00,4.919349550499537038e+00,5.142956348249516196e+00,2.012461179749810647e+00,1.341640786499873839e+00,4.472135954999579277e-01,3.130495168499705549e+00,2.683281572999747677e+00,4.472135954999579277e-01,2.012461179749810647e+00,1.788854381999831711e+00,1.788854381999831711e+00,3.801315561749642136e+00,2.683281572999747677e+00,2.683281572999747677e+00,3.577708763999663422e+00,2.683281572999747677e+00,3.130495168499705549e+00,2.459674775249768519e+00,2.012461179749810647e+00,1.118033988749894903e+00,1.118033988749894903e+00,2.012461179749810647e+00,1.118033988749894903e+00,6.708203932499369193e-01,-4.472135954999579277e-01,-4.472135954999579277e-01,-2.459674775249768519e+00,-4.695742752749557880e+00,-3.801315561749642136e+00,-4.919349550499537038e+00,-2.459674775249768519e+00,-2.236067977499789805e+00,-3.801315561749642136e+00,-5.366563145999495354e+00,-7.602631123499284271e+00,-6.484597134749389369e+00,-6.260990336999411099e+00,-5.142956348249516196e+00,-5.366563145999495354e+00,-6.037383539249431941e+00,-6.037383539249431941e+00,-5.813776741499452783e+00,-4.024922359499621294e+00,-6.708203932499369193e-01,2.236067977499789639e-01,2.236067977499789639e-01,8.944271909999158554e-01,-1.118033988749894903e+00,-8.944271909999158554e-01,1.341640786499873839e+00,6.708203932499369193e-01,-2.236067977499789639e-01,-1.341640786499873839e+00,-2.236067977499789805e+00,-6.708203932499369193e-01,-1.118033988749894903e+00,-3.801315561749642136e+00,-3.801315561749642136e+00,-3.130495168499705549e+00,-3.801315561749642136e+00,-3.801315561749642136e+00,-4.472135954999579610e+00,-2.906888370749726391e+00,-1.565247584249852775e+00,-2.683281572999747677e+00,-2.906888370749726391e+00,-2.906888370749726391e+00,-3.577708763999663422e+00,-3.130495168499705549e+00,-1.788854381999831711e+00,-3.130495168499705549e+00,-2.236067977499789805e+00,-1.118033988749894903e+00,2.236067977499789639e-01,-1.788854381999831711e+00,-2.012461179749810647e+00,-3.801315561749642136e+00,-4.919349550499537038e+00,-4.248529157249600452e+00,-4.919349550499537038e+00,-4.248529157249600452e+00,-1.788854381999831711e+00,0.000000000000000000e+00,2.012461179749810647e+00,0.000000000000000000e+00,-1.341640786499873839e+00,-2.906888370749726391e+00,-2.683281572999747677e+00,-3.354101966249684263e+00,-3.354101966249684263e+00,-4.919349550499537038e+00,-4.248529157249600452e+00,-1.341640786499873839e+00,2.236067977499789639e-01,4.472135954999579277e-01,-2.236067977499789639e-01,-4.472135954999579277e-01,2.236067977499789639e-01,8.944271909999158554e-01,-8.944271909999158554e-01,4.472135954999579277e-01,6.708203932499369193e-01,6.708203932499369193e-01,-4.472135954999579277e-01,-2.236067977499789805e+00,-1.341640786499873839e+00,4.472135954999579277e-01,-2.012461179749810647e+00,-3.577708763999663422e+00,-2.236067977499789805e+00,8.944271909999158554e-01,2.236067977499789805e+00,6.708203932499369193e-01,-2.236067977499789639e-01,4.472135954999579277e-01,-1.788854381999831711e+00,-2.012461179749810647e+00,-2.683281572999747677e+00,-4.248529157249600452e+00,-2.683281572999747677e+00,-2.459674775249768519e+00,-2.459674775249768519e+00,-2.906888370749726391e+00,-1.788854381999831711e+00,-2.012461179749810647e+00,-1.341640786499873839e+00,-1.565247584249852775e+00,-1.788854381999831711e+00,-2.012461179749810647e+00,-1.341640786499873839e+00,-8.944271909999158554e-01,-2.236067977499789639e-01,6.708203932499369193e-01,1.118033988749894903e+00,2.236067977499789639e-01,-1.341640786499873839e+00,-2.012461179749810647e+00,-2.236067977499789639e-01,6.708203932499369193e-01,1.788854381999831711e+00,1.341640786499873839e+00,1.565247584249852775e+00,2.683281572999747677e+00,2.236067977499789805e+00,2.906888370749726391e+00,2.683281572999747677e+00,2.459674775249768519e+00,1.788854381999831711e+00,8.944271909999158554e-01,1.341640786499873839e+00,-6.708203932499369193e-01,-6.708203932499369193e-01,-4.472135954999579277e-01,1.118033988749894903e+00,-2.236067977499789639e-01,-4.472135954999579277e-01,-2.906888370749726391e+00,-4.248529157249600452e+00,-4.248529157249600452e+00,-3.577708763999663422e+00,-1.565247584249852775e+00,-3.577708763999663422e+00,-3.577708763999663422e+00,-3.801315561749642136e+00,-4.024922359499621294e+00,-4.695742752749557880e+00,-4.248529157249600452e+00,-4.248529157249600452e+00,-4.248529157249600452e+00,-3.354101966249684263e+00,-4.024922359499621294e+00,-2.459674775249768519e+00,-1.341640786499873839e+00,-2.236067977499789805e+00,-4.472135954999579277e-01,-2.236067977499789639e-01,-1.565247584249852775e+00,-1.341640786499873839e+00,0.000000000000000000e+00,8.944271909999158554e-01,1.118033988749894903e+00,3.130495168499705549e+00,2.459674775249768519e+00,3.577708763999663422e+00,3.354101966249684263e+00,2.236067977499789805e+00,1.341640786499873839e+00,0.000000000000000000e+00,-8.944271909999158554e-01,-2.012461179749810647e+00,-2.236067977499789639e-01,-4.472135954999579277e-01,1.565247584249852775e+00,-4.472135954999579277e-01,-4.472135954999579277e-01,-1.341640786499873839e+00,-1.118033988749894903e+00,-2.012461179749810647e+00,-8.944271909999158554e-01,-2.236067977499789639e-01,0.000000000000000000e+00,2.236067977499789639e-01,-2.459674775249768519e+00,-2.906888370749726391e+00,-3.130495168499705549e+00,-3.577708763999663422e+00,-3.354101966249684263e+00,-3.354101966249684263e+00,-4.695742752749557880e+00,-3.801315561749642136e+00,-2.459674775249768519e+00,-2.459674775249768519e+00,-1.788854381999831711e+00,-1.341640786499873839e+00,-1.118033988749894903e+00,-4.472135954999579277e-01,-1.341640786499873839e+00,-2.012461179749810647e+00,-1.565247584249852775e+00,-2.236067977499789639e-01,-6.708203932499369193e-01,-1.565247584249852775e+00,-2.236067977499789805e+00,-4.472135954999579277e-01,-6.708203932499369193e-01,-4.472135954999579277e-01,-2.459674775249768519e+00,-2.236067977499789805e+00,1.118033988749894903e+00,4.472135954999579277e-01,6.708203932499369193e-01,1.118033988749894903e+00,-2.236067977499789639e-01,0.000000000000000000e+00,1.565247584249852775e+00,0.000000000000000000e+00,6.708203932499369193e-01,2.236067977499789805e+00,3.354101966249684263e+00,2.236067977499789805e+00,1.565247584249852775e+00,1.565247584249852775e+00
0.000000000000000000e+00,-8.944271909999158554e-01,8.944271909999158554e-01,2.236067977499789639e-01,-6.708203932499369193e-01,-1.118033988749894903e+00,-2.012461179749810647e+00,-2.683281572999747677e+00,-3.577708763999663422e+00,-3.801315561749642136e+00,-2.459674775249768519e+00,-1.788854381999831711e+00,-3.130495168499705549e+00,-4.024922359499621294e+00,-4.695742752749557880e+00,-3.130495168499705549e+00,-1.565247584249852775e+00,0.000000000000000000e+00,0.000000000000000000e+00,-6.708203932499369193e-01,-1.788854381999831711e+00,-2.012461179749810647e+00,-3.577708763999663422e+00,-7.155417527999326843e+00,-6.260990336999411099e+00,-6.260990336999411099e+00,-8.049844718999242588e+00,-6.037383539249431941e+00,-6.931810730249347685e+00,-6.484597134749389369e+00,-7.379024325749306001e+00,-6.037383539249431941e+00,-6.037383539249431941e+00,-2.459674775249768519e+00,-1.788854381999831711e+00,-1.341640786499873839e+00,-2.012461179749810647e+00,2.236067977499789639e-01,8.944271909999158554e-01,1.565247584249852775e+00,4.472135954999579277e-01,-2.236067977499789639e-01,6.708203932499369193e-01,3.801315561749642136e+00,4.024922359499621294e+00,5.366563145999495354e+00,2.012461179749810647e+00,2.459674775249768519e+00,3.577708763999663422e+00,4.248529157249600452e+00,2.459674775249768519e+00,3.354101966249684263e+00,4.695742752749557880e+00,3.801315561749642136e+00,3.577708763999663422e+00,3.801315561749642136e+00,4.472135954999579610e+00,6.260990336999411099e+00,6.931810730249347685e+00,6.260990336999411099e+00,5.142956348249516196e+00,2.459674775249768519e+00,2.906888370749726391e+00,2.683281572999747677e+00,2.683281572999747677e+00,2.236067977499789805e+00,4.248529157249600452e+00,2.906888370749726391e+00,2.236067977499789805e+00,2.012461179749810647e+00,2.236067977499789805e+00,2.236067977499789805e+00,1.118033988749894903e+00,-8.944271909999158554e-01,-2.236067977499789805e+00,-2.459674775249768519e+00,-2.459674775249768519e+00,-4.472135954999579277e-01,-4.472135954999579277e-01,-1.118033988749894903e+00,-1.118033988749894903e+00,-2.236067977499789639e-01,-4.472135954999579277e-01,-2.236067977499789639e-01,1.118033988749894903e+00,8.944271909999158554e-01,1.118033988749894903e+00,2.906888370749726391e+00,1.788854381999831711e+00,2.459674775249768519e+00,1.788854381999831711e+00,2.459674775249768519e+00,1.118033988749894903e+00,1.118033988749894903e+00,2.683281572999747677e+00,1.118033988749894903e+00,2.459674775249768519e+00,3.354101966249684263e+00,4.695742752749557880e+00,4.248529157249600452e+00,2.236067977499789805e+00,1.788854381999831711e+00,8.944271909999158554e-01,2.012461179749810647e+00,2.459674775249768519e+00,2.236067977499789805e+00,1.118033988749894903e+00,1.341640786499873839e+00,2.012461179749810647e+00,3.577708763999663422e+00,3.577708763999663422e+00,5.142956348249516196e+00,2.906888370749726391e+00,6.708203932499369193e-01,-6.708203932499369193e-01,-1.118033988749894903e+00,-1.788854381999831711e+00,-1.118033988749894903e+00,-2.906888370749726391e+00,-5.366563145999495354e+00,-5.813776741499452783e+00,-6.260990336999411099e+00,-3.130495168499705549e+00,-4.472135954999579610e+00,-4.024922359499621294e+00,-2.906888370749726391e+00,-2.906888370749726391e+00,-3.577708763999663422e+00,-4.024922359499621294e+00,-4.919349550499537038e+00,-2.012461179749810647e+00,-3.354101966249684263e+00,-5.813776741499452783e+00,-6.708203932499368527e+00,-7.155417527999326843e+00,-6.931810730249347685e+00,-6.484597134749389369e+00,-6.037383539249431941e+00,-6.484597134749389369e+00,-4.919349550499537038e+00,-7.602631123499284271e+00,-6.037383539249431941e+00,-4.919349550499537038e+00,-5.142956348249516196e+00,-4.024922359499621294e+00,-4.024922359499621294e+00,-3.577708763999663422e+00,-2.459674775249768519e+00,-2.012461179749810647e+00,-2.459674775249768519e+00,-2.906888370749726391e+00,-3.130495168499705549e+00,-3.801315561749642136e+00,-3.354101966249684263e+00,-3.354101966249684263e+00,-2.236067977499789805e+00,6.708203932499369193e-01,1.565247584249852775e+00,1.118033988749894903e+00,-1.565247584249852775e+00,-8.944271909999158554e-01,-1.341640786499873839e+00,6.708203932499369193e-01,-1.118033988749894903e+00,-1.341640786499873839e+00,-1.118033988749894903e+00,-2.236067977499789805e+00,-1.341640786499873839e+00,-2.459674775249768519e+00,-3.354101966249684263e+00,-8.944271909999158554e-01,-8.944271909999158554e-01,-1.565247584249852775e+00,-1.118033988749894903e+00,-2.459674775249768519e+00,-2.236067977499789805e+00,-1.788854381999831711e+00,-6.708203932499369193e-01,-6.708203932499369193e-01,-1.118033988749894903e+00,-2.012461179749810647e+00,-1.565247584249852775e+00,-6.708203932499369193e-01,-6.708203932499369193e-01,-2.906888370749726391e+00,-2.459674775249768519e+00,-3.354101966249684263e+00,-2.012461179749810647e+00,2.236067977499789639e-01,-6.708203932499369193e-01,-8.944271909999158554e-01,-1.788854381999831711e+00,-6.708203932499369193e-01,-8.944271909999158554e-01,-2.236067977499789805e+00,-1.788854381999831711e+00,-2.236067977499789639e-01,-6.708203932499369193e-01,-2.236067977499789639e-01,-8.944271909999158554e-01,-6.708203932499369193e-01,-2.459674775249768519e+00,-2.683281572999747677e+00,-2.683281572999747677e+00,-2.906888370749726391e+00,-2.459674775249768519e+00,-3.130495168499705549e+00,-2.012461179749810647e+00,-1.565247584249852775e+00,-8.944271909999158554e-01,-2.012461179749810647e+00,-1.788854381999831711e+00,-2.012461179749810647e+00,6.708203932499369193e-01,6.708203932499369193e-01,4.472135954999579277e-01,8.944271909999158554e-01,4.472135954999579277e-01,-1.565247584249852775e+00,-1.341640786499873839e+00,-2.012461179749810647e+00,-1.341640786499873839e+00,-1.118033988749894903e+00,-2.012461179749810647e+00,-1.565247584249852775e+00,-1.565247584249852775e+00,-3.354101966249684263e+00,-3.354101966249684263e+00,-3.130495168499705549e+00,-3.577708763999663422e+00,-2.906888370749726391e+00,-2.906888370749726391e+00,-1.118033988749894903e+00,0.000000000000000000e+00,-8.944271909999158554e-01,-1.341640786499873839e+00,8.944271909999158554e-01,0.000000000000000000e+00,0.000000000000000000e+00,-4.472135954999579277e-01,-2.236067977499789805e+00,6.708203932499369193e-01,1.565247584249852775e+00,-8.944271909999158554e-01,0.000000000000000000e+00,4.472135954999579277e-01,1.341640786499873839e+00,0.000000000000000000e+00,4.472135954999579277e-01,2.236067977499789639e-01,0.000000000000000000e+00,2.236067977499789639e-01,2.236067977499789639e-01,-8.944271909999158554e-01,-2.459674775249768519e+00,-2.906888370749726391e+00,-1.788854381999831711e+00,-1.118033988749894903e+00,-6.708203932499369193e-01,-1.118033988749894903e+00,-1.118033988749894903e+00,-1.341640786499873839e+00,-2.236067977499789805e+00,-1.788854381999831711e+00,-1.565247584249852775e+00,-3.577708763999663422e+00,-2.012461179749810647e+00,-4.472135954999579277e-01,-4.472135954999579277e-01,-2.236067977499789639e-01,-4.472135954999579277e-01,-1.565247584249852775e+00,-2.012461179749810647e+00,-3.130495168499705549e+00,-2.683281572999747677e+00,-2.459674775249768519e+00,-2.236067977499789805e+00,-2.012461179749810647e+00,-2.906888370749726391e+00,-2.906888370749726391e+00,-1.565247584249852775e+00,-1.341640786499873839e+00,-2.683281572999747677e+00,-3.354101966249684263e+00,-4.919349550499537038e+00,-4.919349550499537038e+00,-3.130495168499705549e+00,-2.906888370749726391e+00,2.236067977499789639e-01,-6.708203932499369193e-01,4.472135954999579277e-01,0.000000000000000000e+00,1.118033988749894903e+00,1.118033988749894903e+00,1.341640786499873839e+00,1.788854381999831711e+00,3.130495168499705549e+00,2.236067977499789639e-01,1.788854381999831711e+00,2.683281572999747677e+00,8.944271909999158554e-01,1.118033988749894903e+00,1.565247584249852775e+00,6.708203932499369193e-01,-1.565247584249852775e+00,-2.906888370749726391e+00,-2.906888370749726391e+00,-3.801315561749642136e+00,-3.577708763999663422e+00,-4.695742752749557880e+00,-4.695742752749557880e+00,-4.024922359499621294e+00,-3.577708763999663422e+00,-1.565247584249852775e+00,-3.130495168499705549e+00,-3.801315561749642136e+00,-5.142956348249516196e+00,-4.695742752749557880e+00,-2.459674775249768519e+00,-1.565247584249852775e+00,-3.130495168499705549e+00,-4.472135954999579277e-01,-6.708203932499369193e-01,-1.341640786499873839e+00,-1.118033988749894903e+00,-6.708203932499369193e-01,2.236067977499789639e-01,-2.236067977499789805e+00,-3.354101966249684263e+00,-3.577708763999663422e+00,-3.130495168499705549e+00,-2.459674775249768519e+00,-2.683281572999747677e+00,-4.024922359499621294e+00,-4.919349550499537038e+00,-3.577708763999663422e+00,-2.459674775249768519e+00,-1.565247584249852775e+00,-4.472135954999579277e-01,1.118033988749894903e+00,1.788854381999831711e+00,2.906888370749726391e+00,6.037383539249431941e+00,6.931810730249347685e+00,5.590169943749473624e+00,4.919349550499537038e+00,6.037383539249431941e+00,6.260990336999411099e+00,6.931810730249347685e+00,6.037383539249431941e+00,5.813776741499452783e+00,3.801315561749642136e+00,3.354101966249684263e+00,3.577708763999663422e+00,4.472135954999579610e+00,2.906888370749726391e+00,4.248529157249600452e+00,4.472135954999579610e+00,2.683281572999747677e+00,2.236067977499789805e+00,2.236067977499789805e+00,1.118033988749894903e+00,2.236067977499789805e+00,3.354101966249684263e+00,2.683281572999747677e+00,2.012461179749810647e+00,2.683281572999747677e+00,2.012461179749810647e+00,2.683281572999747677e+00,1.788854381999831711e+00,2.236067977499789805e+00,2.012461179749810647e+00,8.944271909999158554e-01,1.118033988749894903e+00,1.118033988749894903e+00,2.236067977499789639e-01,6.708203932499369193e-01,4.472135954999579277e-01,0.000000000000000000e+00,-6.708203932499369193e-01,8.944271909999158554e-01,8.944271909999158554e-01,-8.944271909999158554e-01,-1.341640786499873839e+00,-2.012461179749810647e+00,-2.906888370749726391e+00,-3.354101966249684263e+00,-3.577708763999663422e+00,-3.130495168499705549e+00,-3.354101966249684263e+00,-3.577708763999663422e+00,-2.459674775249768519e+00,-2.906888370749726391e+00,-2.236067977499789805e+00,-8.944271909999158554e-01,1.341640786499873839e+00,1.565247584249852775e+00,2.236067977499789805e+00,2.459674775249768519e+00,1.565247584249852775e+00,1.788854381999831711e+00,2.459674775249768519e+00,2.459674775249768519e+00,4.695742752749557880e+00,4.695742752749557880e+00,2.236067977499789805e+00,2.906888370749726391e+00,1.341640786499873839e+00,2.236067977499789639e-01,-1.341640786499873839e+00,1.118033988749894903e+00,-1.341640786499873839e+00,-8.944271909999158554e-01,-1.341640786499873839e+00,-2.012461179749810647e+00,-4.472135954999579277e-01,-1.341640786499873839e+00,-1.118033988749894903e+00,-2.906888370749726391e+00,-3.801315561749642136e+00,-3.130495168499705549e+00,-6.037383539249431941e+00,-5.813776741499452783e+00,-6.037383539249431941e+00,-6.708203932499368527e+00,-6.484597134749389369e+00,-5.813776741499452783e+00,-5.142956348249516196e+00,-5.366563145999495354e+00,-6.708203932499368527e+00,-5.590169943749473624e+00,-5.366563145999495354e+00,-4.919349550499537038e+00,-4.919349550499537038e+00,-3.801315561749642136e+00,-1.565247584249852775e+00,-2.236067977499789805e+00,-2.683281572999747677e+00,-3.577708763999663422e+00,-2.683281572999747677e+00,-6.708203932499369193e-01,6.708203932499369193e-01,4.472135954999579277e-01,1.341640786499873839e+00,2.236067977499789805e+00,1.565247584249852775e+00,2.236067977499789639e-01,-2.236067977499789639e-01,1.341640786499873839e+00,8.944271909999158554e-01,6.708203932499369193e-01,-6.708203932499369193e-01,-2.236067977499789639e-01,-1.565247584249852775e+00,-1.565247584249852775e+00,-3.354101966249684263e+00,-3.130495168499705549e+00,-3.130495168499705549e+00,-3.801315561749642136e+00,-5.813776741499452783e+00,-3.354101966249684263e+00,-1.788854381999831711e+00,-3.801315561749642136e+00,-2.906888370749726391e+00,-2.236067977499789805e+00,-1.341640786499873839e+00,-1.341640786499873839e+00,-1.118033988749894903e+00,-6.708203932499369193e-01,1.341640786499873839e+00,4.472135954999579277e-01,2.236067977499789639e-01,-1.341640786499873839e+00,-1.565247584249852775e+00,1.341640786499873839e+00,3.577708763999663422e+00,2.459674775249768519e+00,1.788854381999831711e+00,3.130495168499705549e+00,4.024922359499621294e+00,4.248529157249600452e+00,2.236067977499789805e+00,3.130495168499705549e+00,3.354101966249684263e+00,4.472135954999579610e+00,4.472135954999579610e+00,4.024922359499621294e+00,2.459674775249768519e+00,1.341640786499873839e+00,0.000000000000000000e+00,-4.472135954999579277e-01,6.708203932499369193e-01,1.118033988749894903e+00,8.944271909999158554e-01,0.000000000000000000e+00,2.236067977499789805e+00,4.024922359499621294e+00,6.260990336999411099e+00,6.931810730249347685e+00,6.260990336999411099e+00
4.472135954999579277e-01,1.341640786499873839e+00,1.118033988749894903e+00,8.944271909999158554e-01,-2.236067977499789639e-01,-8.944271909999158554e-01,1.118033988749894903e+00,6.708203932499369193e-01,0.000000000000000000e+00,2.236067977499789639e-01,-2.236067977499789639e-01,2.236067977499789639e-01,-8.944271909999158554e-01,-6.708203932499369193e-01,4.472135954999579277e-01,1.341640786499873839e+00,1.118033988749894903e+00,6.708203932499369193e-01,2.012461179749810647e+00,3.130495168499705549e+00,3.354101966249684263e+00,2.236067977499789805e+00,1.341640786499873839e+00,8.944271909999158554e-01,-1.565247584249852775e+00,-4.472135954999579277e-01,-2.236067977499789639e-01,-1.341640786499873839e+00,-1.565247584249852775e+00,-4.472135954999579277e-01,-2.236067977499789639e-01,6.708203932499369193e-01,4.472135954999579277e-01,0.000000000000000000e+00,-1.118033988749894903e+00,-2.236067977499789639e-01,1.341640786499873839e+00,1.341640786499873839e+00,2.683281572999747677e+00,2.012461179749810647e+00,2.683281572999747677e+00,3.354101966249684263e+00,2.683281572999747677e+00,1.118033988749894903e+00,2.236067977499789805e+00,1.565247584249852775e+00,1.341640786499873839e+00,1.341640786499873839e+00,8.944271909999158554e-01,-1.118033988749894903e+00,-1.341640786499873839e+00,-4.472135954999579277e-01,-1.788854381999831711e+00,-2.012461179749810647e+00,-2.236067977499789805e+00,-1.118033988749894903e+00,-1.118033988749894903e+00,-3.130495168499705549e+00,-4.248529157249600452e+00,-4.919349550499537038e+00,-3.801315561749642136e+00,-1.341640786499873839e+00,-6.708203932499369193e-01,2.236067977499789639e-01,2.236067977499789639e-01,6.708203932499369193e-01,6.708203932499369193e-01,2.236067977499789639e-01,-4.472135954999579277e-01,-2.236067977499789639e-01,-2.459674775249768519e+00,-2.459674775249768519e+00,-2.236067977499789805e+00,-8.944271909999158554e-01,-4.472135954999579277e-01,-2.236067977499789639e-01,4.472135954999579277e-01,-1.341640786499873839e+00,0.000000000000000000e+00,-8.944271909999158554e-01,-1.341640786499873839e+00,-1.788854381999831711e+00,-1.788854381999831711e+00,-1.118033988749894903e+00,-2.012461179749810647e+00,-4.248529157249600452e+00,-3.577708763999663422e+00,-6.037383539249431941e+00,-4.472135954999579610e+00,-3.577708763999663422e+00,-1.788854381999831711e+00,-1.341640786499873839e+00,-2.236067977499789805e+00,-4.248529157249600452e+00,-2.459674775249768519e+00,-3.801315561749642136e+00,-2.906888370749726391e+00,-2.683281572999747677e+00,-3.354101966249684263e+00,-2.906888370749726391e+00,-2.906888370749726391e+00,-4.024922359499621294e+00,-3.577708763999663422e+00,-1.341640786499873839e+00,-4.472135954999579277e-01,4.472135954999579277e-01,1.118033988749894903e+00,2.236067977499789639e-01,-1.341640786499873839e+00,-1.118033988749894903e+00,-1.565247584249852775e+00,-2.012461179749810647e+00,-3.801315561749642136e+00,-3.354101966249684263e+00,-4.024922359499621294e+00,-3.801315561749642136e+00,-2.236067977499789805e+00,-2.012461179749810647e+00,-1.788854381999831711e+00,-2.012461179749810647e+00,-2.236067977499789805e+00,-1.118033988749894903e+00,-2.236067977499789805e+00,-1.788854381999831711e+00,-2.012461179749810647e+00,-6.708203932499369193e-01,6.708203932499369193e-01,8.944271909999158554e-01,2.236067977499789639e-01,4.472135954999579277e-01,6.708203932499369193e-01,1.565247584249852775e+00,4.472135954999579277e-01,4.472135954999579277e-01,-1.341640786499873839e+00,-6.708203932499369193e-01,-8.944271909999158554e-01,-6.708203932499369193e-01,-1.565247584249852775e+00,-2.906888370749726391e+00,-3.577708763999663422e+00,-3.577708763999663422e+00,-2.459674775249768519e+00,-2.459674775249768519e+00,-2.459674775249768519e+00,-1.341640786499873839e+00,-1.341640786499873839e+00,-2.236067977499789639e-01,4.472135954999579277e-01,-2.236067977499789639e-01,8.944271909999158554e-01,1.341640786499873839e+00,1.341640786499873839e+00,6.708203932499369193e-01,-2.236067977499789639e-01,-2.236067977499789805e+00,-2.236067977499789805e+00,-3.577708763999663422e+00,-3.130495168499705549e+00,-2.236067977499789805e+00,-2.012461179749810647e+00,2.236067977499789639e-01,2.236067977499789639e-01,1.341640786499873839e+00,1.341640786499873839e+00,1.788854381999831711e+00,1.565247584249852775e+00,2.012461179749810647e+00,1.565247584249852775e+00,3.130495168499705549e+00,1.788854381999831711e+00,1.565247584249852775e+00,3.130495168499705549e+00,2.906888370749726391e+00,3.577708763999663422e+00,2.906888370749726391e+00,3.130495168499705549e+00,2.683281572999747677e+00,2.459674775249768519e+00,1.565247584249852775e+00,-2.236067977499789639e-01,1.341640786499873839e+00,1.118033988749894903e+00,1.341640786499873839e+00,8.944271909999158554e-01,-6.708203932499369193e-01,4.472135954999579277e-01,6.708203932499369193e-01,1.788854381999831711e+00,8.944271909999158554e-01,1.788854381999831711e+00,2.012461179749810647e+00,1.565247584249852775e+00,8.944271909999158554e-01,1.341640786499873839e+00,6.708203932499369193e-01,2.012461179749810647e+00,2.459674775249768519e+00,3.130495168499705549e+00,5.590169943749473624e+00,5.142956348249516196e+00,4.248529157249600452e+00,3.801315561749642136e+00,5.813776741499452783e+00,5.142956348249516196e+00,5.590169943749473624e+00,5.366563145999495354e+00,6.260990336999411099e+00,4.024922359499621294e+00,2.459674775249768519e+00,2.012461179749810647e+00,3.130495168499705549e+00,3.130495168499705549e+00,1.341640786499873839e+00,2.459674775249768519e+00,2.236067977499789805e+00,2.906888370749726391e+00,2.906888370749726391e+00,5.366563145999495354e+00,4.919349550499537038e+00,6.260990336999411099e+00,5.366563145999495354e+00,4.919349550499537038e+00,3.354101966249684263e+00,2.906888370749726391e+00,4.472135954999579277e-01,0.000000000000000000e+00,-1.565247584249852775e+00,-4.472135954999579277e-01,0.000000000000000000e+00,-8.944271909999158554e-01,-2.459674775249768519e+00,-2.012461179749810647e+00,-2.012461179749810647e+00,-2.683281572999747677e+00,-1.565247584249852775e+00,-2.683281572999747677e+00,-3.130495168499705549e+00,-3.801315561749642136e+00,-4.248529157249600452e+00,-4.472135954999579610e+00,-3.354101966249684263e+00,-1.788854381999831711e+00,-1.118033988749894903e+00,-3.130495168499705549e+00,-2.459674775249768519e+00,-6.708203932499369193e-01,0.000000000000000000e+00,-4.472135954999579277e-01,-6.708203932499369193e-01,-6.708203932499369193e-01,-1.118033988749894903e+00,-2.459674775249768519e+00,-3.130495168499705549e+00,-3.577708763999663422e+00,-3.577708763999663422e+00,-1.341640786499873839e+00,-8.944271909999158554e-01,-1.341640786499873839e+00,-1.341640786499873839e+00,-2.459674775249768519e+00,-2.236067977499789805e+00,-3.577708763999663422e+00,-2.012461179749810647e+00,-3.354101966249684263e+00,-6.708203932499369193e-01,-2.906888370749726391e+00,-2.683281572999747677e+00,-1.565247584249852775e+00,-2.012461179749810647e+00,-2.459674775249768519e+00,-2.459674775249768519e+00,-1.118033988749894903e+00,4.472135954999579277e-01,2.459674775249768519e+00,2.459674775249768519e+00,3.801315561749642136e+00,4.472135954999579610e+00,4.695742752749557880e+00,5.142956348249516196e+00,5.366563145999495354e+00,5.813776741499452783e+00,4.024922359499621294e+00,4.472135954999579610e+00,5.142956348249516196e+00,2.906888370749726391e+00,1.341640786499873839e+00,6.708203932499369193e-01,2.236067977499789639e-01,-1.341640786499873839e+00,-1.341640786499873839e+00,-2.012461179749810647e+00,-2.236067977499789805e+00,-3.577708763999663422e+00,-5.366563145999495354e+00,-6.037383539249431941e+00,-4.472135954999579610e+00,-3.577708763999663422e+00,-2.683281572999747677e+00,-1.788854381999831711e+00,-1.118033988749894903e+00,-1.118033988749894903e+00,-2.683281572999747677e+00,-2.012461179749810647e+00,-3.130495168499705549e+00,-3.577708763999663422e+00,-3.354101966249684263e+00,-1.788854381999831711e+00,-1.118033988749894903e+00,-8.944271909999158554e-01,-2.236067977499789805e+00,-2.012461179749810647e+00,-4.472135954999579277e-01,-8.944271909999158554e-01,-2.012461179749810647e+00,-2.012461179749810647e+00,-2.236067977499789805e+00,-4.472135954999579277e-01,-8.944271909999158554e-01,-2.459674775249768519e+00,-1.341640786499873839e+00,8.944271909999158554e-01,2.236067977499789639e-01,4.472135954999579277e-01,2.236067977499789639e-01,1.341640786499873839e+00,6.708203932499369193e-01,2.236067977499789805e+00,2.906888370749726391e+00,4.472135954999579277e-01,1.118033988749894903e+00,4.472135954999579277e-01,1.341640786499873839e+00,1.341640786499873839e+00,0.000000000000000000e+00,2.236067977499789639e-01,8.944271909999158554e-01,2.012461179749810647e+00,4.024922359499621294e+00,5.142956348249516196e+00,2.906888370749726391e+00,6.484597134749389369e+00,6.708203932499368527e+00,7.602631123499284271e+00,4.695742752749557880e+00,3.354101966249684263e+00,2.906888370749726391e+00,1.341640786499873839e+00,0.000000000000000000e+00,0.000000000000000000e+00,8.944271909999158554e-01,1.565247584249852775e+00,2.012461179749810647e+00,1.118033988749894903e+00,1.118033988749894903e+00,8.944271909999158554e-01,0.000000000000000000e+00,8.944271909999158554e-01,1.788854381999831711e+00,2.012461179749810647e+00,1.118033988749894903e+00,8.944271909999158554e-01,1.788854381999831711e+00,2.683281572999747677e+00,2.236067977499789639e-01,-4.472135954999579277e-01,-2.012461179749810647e+00,-2.012461179749810647e+00,-2.459674775249768519e+00,-2.012461179749810647e+00,-4.472135954999579610e+00,-4.695742752749557880e+00,-5.366563145999495354e+00,-3.801315561749642136e+00,-4.248529157249600452e+00,-3.130495168499705549e+00,-3.577708763999663422e+00,-1.788854381999831711e+00,-6.708203932499369193e-01,2.236067977499789639e-01,-2.459674775249768519e+00,-4.248529157249600452e+00,-3.801315561749642136e+00,-2.459674775249768519e+00,-2.012461179749810647e+00,-5.813776741499452783e+00,-6.260990336999411099e+00,-4.919349550499537038e+00,-5.366563145999495354e+00,-5.366563145999495354e+00,-4.919349550499537038e+00,-2.236067977499789805e+00,0.000000000000000000e+00,1.565247584249852775e+00,1.118033988749894903e+00,-8.944271909999158554e-01,-2.459674775249768519e+00,-2.906888370749726391e+00,-2.683281572999747677e+00,-1.341640786499873839e+00,-2.236067977499789805e+00,-8.944271909999158554e-01,1.788854381999831711e+00,6.708203932499369193e-01,4.472135954999579277e-01,4.472135954999579277e-01,0.000000000000000000e+00,-1.341640786499873839e+00,-1.118033988749894903e+00,-1.788854381999831711e+00,-2.683281572999747677e+00,-1.565247584249852775e+00,-2.906888370749726391e+00,-2.236067977499789805e+00,-4.024922359499621294e+00,-1.565247584249852775e+00,0.000000000000000000e+00,1.118033988749894903e+00,2.236067977499789805e+00,2.459674775249768519e+00,3.354101966249684263e+00,2.459674775249768519e+00,0.000000000000000000e+00,-8.944271909999158554e-01,-2.236067977499789639e-01,1.341640786499873839e+00,2.683281572999747677e+00,2.906888370749726391e+00,1.341640786499873839e+00,6.708203932499369193e-01,8.944271909999158554e-01,1.341640786499873839e+00,1.565247584249852775e+00,4.472135954999579277e-01,-1.565247584249852775e+00,-8.944271909999158554e-01,-8.944271909999158554e-01,-8.944271909999158554e-01,-1.118033988749894903e+00,-6.708203932499369193e-01,-4.472135954999579277e-01,1.788854381999831711e+00,2.459674775249768519e+00,2.236067977499789805e+00,1.788854381999831711e+00,1.341640786499873839e+00,3.577708763999663422e+00,3.354101966249684263e+00,4.695742752749557880e+00,3.130495168499705549e+00,2.236067977499789805e+00,4.695742752749557880e+00,5.366563145999495354e+00,4.248529157249600452e+00,2.906888370749726391e+00,2.012461179749810647e+00,2.236067977499789805e+00,2.459674775249768519e+00,2.683281572999747677e+00,1.565247584249852775e+00,1.565247584249852775e+00,-4.472135954999579277e-01,0.000000000000000000e+00,-1.118033988749894903e+00,-1.341640786499873839e+00,-1.118033988749894903e+00,-1.341640786499873839e+00,-8.944271909999158554e-01,-4.472135954999579610e+00,-3.801315561749642136e+00,-4.695742752749557880e+00,-5.366563145999495354e+00,-5.590169943749473624e+00,-5.366563145999495354e+00,-2.236067977499789805e+00,-4.024922359499621294e+00,-2.012461179749810647e+00,-3.354101966249684263e+00,-3.577708763999663422e+00,-3.801315561749642136e+00,-4.024922359499621294e+00,-3.801315561749642136e+00,-4.695742752749557880e+00,-6.260990336999411099e+00,-3.354101966249684263e+00,-4.024922359499621294e+00,-4.695742752749557880e+00,-3.801315561749642136e+00,-3.354101966249684263e+00,-3.354101966249684263e+00,-4.919349550499537038e+00,-4.248529157249600452e+00,-4.472135954999579610e+00,-4.919349550499537038e+00,-5.366563145999495354e+00,-5.142956348249516196e+00,-5.142956348249516196e+00,-6.260990336999411099e+00,-4.695742752749557880e+00,-3.801315561749642136e+00
6.931810730249347685e+00,7.826237921249263430e+00,7.826237921249263430e+00,6.931810730249347685e+00,6.708203932499368527e+00,5.813776741499452783e+00,4.919349550499537038e+00,3.130495168499705549e+00,4.024922359499621294e+00,3.130495168499705549e+00,3.354101966249684263e+00,3.577708763999663422e+00,1.788854381999831711e+00,2.012461179749810647e+00,4.472135954999579610e+00,4.248529157249600452e+00,3.354101966249684263e+00,4.472135954999579610e+00,5.366563145999495354e+00,5.590169943749473624e+00,5.590169943749473624e+00,6.484597134749389369e+00,4.024922359499621294e+00,1.118033988749894903e+00,1.788854381999831711e+00,8.944271909999158554e-01,-8.944271909999158554e-01,-6.708203932499369193e-01,-2.012461179749810647e+00,-3.577708763999663422e+00,-1.788854381999831711e+00,-3.801315561749642136e+00,-2.459674775249768519e+00,-3.354101966249684263e+00,-2.906888370749726391e+00,-2.906888370749726391e+00,-2.012461179749810647e+00,-2.012461179749810647e+00,-1.565247584249852775e+00,-2.906888370749726391e+00,-2.236067977499789639e-01,-2.236067977499789805e+00,-6.708203932499369193e-01,-2.236067977499789639e-01,-1.118033988749894903e+00,-6.708203932499369193e-01,0.000000000000000000e+00,0.000000000000000000e+00,1.565247584249852775e+00,1.341640786499873839e+00,2.683281572999747677e+00,3.354101966249684263e+00,2.012461179749810647e+00,1.118033988749894903e+00,8.944271909999158554e-01,1.341640786499873839e+00,-4.472135954999579277e-01,-4.472135954999579277e-01,-1.341640786499873839e+00,-3.354101966249684263e+00,-2.683281572999747677e+00,-1.788854381999831711e+00,-6.260990336999411099e+00,-4.024922359499621294e+00,-4.472135954999579610e+00,-3.801315561749642136e+00,-4.248529157249600452e+00,-3.577708763999663422e+00,-2.236067977499789805e+00,0.000000000000000000e+00,4.472135954999579277e-01,-2.236067977499789639e-01,-1.118033988749894903e+00,-1.341640786499873839e+00,-2.683281572999747677e+00,-8.944271909999158554e-01,-2.459674775249768519e+00,-1.341640786499873839e+00,-1.788854381999831711e+00,-1.788854381999831711e+00,-2.012461179749810647e+00,-2.683281572999747677e+00,-2.236067977499789805e+00,-2.459674775249768519e+00,-2.906888370749726391e+00,-3.801315561749642136e+00,-4.472135954999579610e+00,-3.354101966249684263e+00,-4.472135954999579610e+00,-3.354101966249684263e+00,-3.130495168499705549e+00,-2.012461179749810647e+00,-2.236067977499789805e+00,-1.118033988749894903e+00,0.000000000000000000e+00,0.000000000000000000e+00,-8.944271909999158554e-01,-1.565247584249852775e+00,-2.012461179749810647e+00,-3.801315561749642136e+00,-2.236067977499789805e+00,-2.459674775249768519e+00,-2.236067977499789805e+00,-4.248529157249600452e+00,-3.577708763999663422e+00,-4.472135954999579610e+00,-1.341640786499873839e+00,-1.788854381999831711e+00,0.000000000000000000e+00,-6.708203932499369193e-01,-4.472135954999579277e-01,-1.341640786499873839e+00,-8.944271909999158554e-01,-6.708203932499369193e-01,0.000000000000000000e+00,2.236067977499789639e-01,-4.472135954999579277e-01,-8.944271909999158554e-01,2.236067977499789639e-01,-6.708203932499369193e-01,-1.565247584249852775e+00,-4.472135954999579277e-01,-1.788854381999831711e+00,-2.906888370749726391e+00,-1.341640786499873839e+00,2.236067977499789639e-01,-2.683281572999747677e+00,-2.459674775249768519e+00,-2.459674775249768519e+00,-4.248529157249600452e+00,-3.801315561749642136e+00,-2.459674775249768519e+00,-1.788854381999831711e+00,-6.708203932499369193e-01,6.708203932499369193e-01,1.788854381999831711e+00,1.788854381999831711e+00,2.459674775249768519e+00,3.354101966249684263e+00,4.248529157249600452e+00,3.801315561749642136e+00,2.906888370749726391e+00,4.919349550499537038e+00,7.155417527999326843e+00,6.484597134749389369e+00,8.049844718999242588e+00,6.260990336999411099e+00,5.813776741499452783e+00,4.695742752749557880e+00,4.695742752749557880e+00,5.590169943749473624e+00,2.012461179749810647e+00,2.459674775249768519e+00,1.788854381999831711e+00,6.708203932499369193e-01,8.944271909999158554e-01,1.341640786499873839e+00,2.236067977499789639e-01,-4.472135954999579277e-01,-2.236067977499789639e-01,1.118033988749894903e+00,8.944271909999158554e-01,6.708203932499369193e-01,0.000000000000000000e+00,0.000000000000000000e+00,-4.472135954999579277e-01,-4.472135954999579277e-01,1.788854381999831711e+00,3.354101966249684263e+00,1.565247584249852775e+00,1.341640786499873839e+00,1.788854381999831711e+00,-2.236067977499789639e-01,6.708203932499369193e-01,4.472135954999579277e-01,4.472135954999579277e-01,1.788854381999831711e+00,2.906888370749726391e+00,1.565247584249852775e+00,-4.472135954999579277e-01,8.944271909999158554e-01,1.341640786499873839e+00,-4.472135954999579277e-01,4.472135954999579277e-01,2.236067977499789639e-01,0.000000000000000000e+00,-6.708203932499369193e-01,-1.788854381999831711e+00,1.118033988749894903e+00,1.118033988749894903e+00,3.130495168499705549e+00,2.236067977499789805e+00,1.788854381999831711e+00,8.944271909999158554e-01,4.472135954999579277e-01,0.000000000000000000e+00,-4.472135954999579277e-01,-1.565247584249852775e+00,-1.341640786499873839e+00,-8.944271909999158554e-01,-1.565247584249852775e+00,-1.788854381999831711e+00,-8.944271909999158554e-01,2.236067977499789639e-01,-6.708203932499369193e-01,2.236067977499789805e+00,4.472135954999579277e-01,0.000000000000000000e+00,2.683281572999747677e+00,4.248529157249600452e+00,5.142956348249516196e+00,6.260990336999411099e+00,4.695742752749557880e+00,6.260990336999411099e+00,5.813776741499452783e+00,4.695742752749557880e+00,4.695742752749557880e+00,3.354101966249684263e+00,2.906888370749726391e+00,1.565247584249852775e+00,1.788854381999831711e+00,2.459674775249768519e+00,3.354101966249684263e+00,3.354101966249684263e+00,4.695742752749557880e+00,4.248529157249600452e+00,4.472135954999579610e+00,2.459674775249768519e+00,2.459674775249768519e+00,2.459674775249768519e+00,4.024922359499621294e+00,3.354101966249684263e+00,2.236067977499789805e+00,3.577708763999663422e+00,3.577708763999663422e+00,2.459674775249768519e+00,2.012461179749810647e+00,1.788854381999831711e+00,8.944271909999158554e-01,4.248529157249600452e+00,3.577708763999663422e+00,2.683281572999747677e+00,8.944271909999158554e-01,1.118033988749894903e+00,-8.944271909999158554e-01,-2.683281572999747677e+00,-3.801315561749642136e+00,-3.354101966249684263e+00,-2.906888370749726391e+00,-4.919349550499537038e+00,-4.248529157249600452e+00,-4.472135954999579610e+00,-2.012461179749810647e+00,-1.788854381999831711e+00,8.944271909999158554e-01,1.565247584249852775e+00,8.944271909999158554e-01,2.459674775249768519e+00,2.236067977499789805e+00,1.788854381999831711e+00,1.118033988749894903e+00,1.341640786499873839e+00,2.012461179749810647e+00,2.236067977499789805e+00,3.577708763999663422e+00,4.919349550499537038e+00,5.142956348249516196e+00,5.142956348249516196e+00,4.024922359499621294e+00,3.130495168499705549e+00,1.341640786499873839e+00,2.683281572999747677e+00,2.459674775249768519e+00,4.248529157249600452e+00,4.695742752749557880e+00,4.024922359499621294e+00,2.906888370749726391e+00,3.577708763999663422e+00,3.354101966249684263e+00,4.919349550499537038e+00,4.695742752749557880e+00,5.813776741499452783e+00,4.472135954999579610e+00,2.906888370749726391e+00,1.788854381999831711e+00,1.118033988749894903e+00,2.236067977499789805e+00,3.130495168499705549e+00,2.683281572999747677e+00,2.459674775249768519e+00,0.000000000000000000e+00,-1.341640786499873839e+00,-2.683281572999747677e+00,-2.236067977499789805e+00,-1.565247584249852775e+00,-6.708203932499369193e-01,-8.944271909999158554e-01,-2.012461179749810647e+00,-2.236067977499789805e+00,-1.341640786499873839e+00,-3.577708763999663422e+00,-2.459674775249768519e+00,-3.130495168499705549e+00,-4.695742752749557880e+00,-4.695742752749557880e+00,-5.366563145999495354e+00,-6.037383539249431941e+00,-5.590169943749473624e+00,-4.472135954999579610e+00,-4.919349550499537038e+00,-5.142956348249516196e+00,-3.801315561749642136e+00,-4.024922359499621294e+00,-4.919349550499537038e+00,-6.037383539249431941e+00,-3.577708763999663422e+00,-4.024922359499621294e+00,-5.142956348249516196e+00,-3.130495168499705549e+00,-2.459674775249768519e+00,-2.683281572999747677e+00,-3.354101966249684263e+00,-3.130495168499705549e+00,-2.236067977499789805e+00,-1.788854381999831711e+00,-1.118033988749894903e+00,-4.472135954999579277e-01,8.944271909999158554e-01,-6.708203932499369193e-01,2.236067977499789639e-01,6.708203932499369193e-01,1.565247584249852775e+00,1.118033988749894903e+00,2.236067977499789805e+00,2.683281572999747677e+00,2.012461179749810647e+00,1.341640786499873839e+00,-1.565247584249852775e+00,-2.236067977499789805e+00,-2.236067977499789805e+00,-2.012461179749810647e+00,-6.708203932499369193e-01,-8.944271909999158554e-01,-1.565247584249852775e+00,-1.118033988749894903e+00,-2.459674775249768519e+00,-1.341640786499873839e+00,-8.944271909999158554e-01,2.236067977499789639e-01,1.341640786499873839e+00,2.459674775249768519e+00,2.012461179749810647e+00,1.341640786499873839e+00,2.236067977499789805e+00,3.354101966249684263e+00,2.906888370749726391e+00,4.919349550499537038e+00,5.142956348249516196e+00,4.248529157249600452e+00,4.024922359499621294e+00,3.354101966249684263e+00,1.341640786499873839e+00,1.118033988749894903e+00,1.788854381999831711e+00,8.944271909999158554e-01,2.906888370749726391e+00,3.354101966249684263e+00,2.459674775249768519e+00,4.695742752749557880e+00,5.366563145999495354e+00,5.590169943749473624e+00,5.142956348249516196e+00,3.130495168499705549e+00,1.565247584249852775e+00,8.944271909999158554e-01,3.577708763999663422e+00,3.801315561749642136e+00,3.130495168499705549e+00,4.695742752749557880e+00,5.590169943749473624e+00,4.024922359499621294e+00,3.130495168499705549e+00,2.683281572999747677e+00,2.459674775249768519e+00,3.354101966249684263e+00,2.906888370749726391e+00,-1.118033988749894903e+00,-1.341640786499873839e+00,-2.236067977499789639e-01,-2.012461179749810647e+00,-1.565247584249852775e+00,-1.565247584249852775e+00,-2.012461179749810647e+00,-6.708203932499369193e-01,1.341640786499873839e+00,1.565247584249852775e+00,2.906888370749726391e+00,4.248529157249600452e+00,3.130495168499705549e+00,5.366563145999495354e+00,6.037383539249431941e+00,7.602631123499284271e+00,7.826237921249263430e+00,5.813776741499452783e+00,6.931810730249347685e+00,3.801315561749642136e+00,3.130495168499705549e+00,2.683281572999747677e+00,1.788854381999831711e+00,3.801315561749642136e+00,4.472135954999579610e+00,4.472135954999579610e+00,3.577708763999663422e+00,3.577708763999663422e+00,4.919349550499537038e+00,2.906888370749726391e+00,5.366563145999495354e+00,4.024922359499621294e+00,3.577708763999663422e+00,1.788854381999831711e+00,8.944271909999158554e-01,-4.472135954999579277e-01,4.472135954999579277e-01,1.341640786499873839e+00,2.012461179749810647e+00,4.472135954999579277e-01,-2.236067977499789639e-01,-4.472135954999579277e-01,-6.708203932499369193e-01,-6.708203932499369193e-01,-2.236067977499789805e+00,-2.906888370749726391e+00,-2.236067977499789805e+00,-1.565247584249852775e+00,-4.472135954999579277e-01,-6.708203932499369193e-01,2.236067977499789639e-01,-8.944271909999158554e-01,-2.236067977499789805e+00,-2.236067977499789805e+00,-1.788854381999831711e+00,-2.012461179749810647e+00,-8.944271909999158554e-01,2.012461179749810647e+00,4.248529157249600452e+00,3.354101966249684263e+00,2.906888370749726391e+00,2.906888370749726391e+00,2.236067977499789805e+00,3.354101966249684263e+00,4.919349550499537038e+00,6.037383539249431941e+00,4.248529157249600452e+00,5.142956348249516196e+00,6.931810730249347685e+00,5.590169943749473624e+00,5.813776741499452783e+00,6.037383539249431941e+00,5.142956348249516196e+00,7.602631123499284271e+00,6.037383539249431941e+00,5.590169943749473624e+00,7.826237921249263430e+00,7.155417527999326843e+00,7.379024325749306001e+00,6.037383539249431941e+00,6.037383539249431941e+00,4.695742752749557880e+00,2.906888370749726391e+00,1.341640786499873839e+00,-2.236067977499789639e-01,-2.012461179749810647e+00,-4.472135954999579610e+00,-2.906888370749726391e+00,-3.354101966249684263e+00,-3.801315561749642136e+00,-3.354101966249684263e+00,-2.683281572999747677e+00,-2.683281572999747677e+00,-1.118033988749894903e+00,2.236067977499789639e-01,2.236067977499789805e+00,2.683281572999747677e+00,3.577708763999663422e+00,5.366563145999495354e+00,4.919349550499537038e+00,4.248529157249600452e+00,5.142956348249516196e+00,6.037383539249431941e+00,6.260990336999411099e+00,4.919349550499537038e+00,3.354101966249684263e+00,2.683281572999747677e+00,1.788854381999831711e+00,1.341640786499873839e+00,2.236067977499789805e+00,2.012461179749810647e+00,2.459674775249768519e+00,-4.472135954999579277e-01,0.000000000000000000e+00
-2.459674775249768519e+00,-2.236067977499789805e+00,-2.459674775249768519e+00,-1.565247584249852775e+00,-3.577708763999663422e+00,-3.130495168499705549e+00,-3.130495168499705549e+00,-3.801315561749642136e+00,-3.801315561749642136e+00,-5.813776741499452783e+00,-3.801315561749642136e+00,-3.354101966249684263e+00,-4.248529157249600452e+00,-3.354101966249684263e+00,-4.248529157249600452e+00,-4.919349550499537038e+00,-6.037383539249431941e+00,-6.931810730249347685e+00,-6.037383539249431941e+00,-7.826237921249263430e+00,-8.049844718999242588e+00,-7.826237921249263430e+00,-7.155417527999326843e+00,-7.826237921249263430e+00,-7.826237921249263430e+00,-7.602631123499284271e+00,-7.602631123499284271e+00,-8.049844718999242588e+00,-6.260990336999411099e+00,-5.590169943749473624e+00,-6.037383539249431941e+00,-7.155417527999326843e+00,-7.379024325749306001e+00,-7.155417527999326843e+00,-7.155417527999326843e+00,-3.801315561749642136e+00,-2.459674775249768519e+00,-2.236067977499789805e+00,-1.788854381999831711e+00,8.944271909999158554e-01,4.472135954999579277e-01,1.565247584249852775e+00,6.708203932499369193e-01,1.118033988749894903e+00,6.708203932499369193e-01,6.708203932499369193e-01,2.012461179749810647e+00,2.683281572999747677e+00,4.024922359499621294e+00,2.236067977499789805e+00,2.236067977499789805e+00,2.012461179749810647e+00,2.683281572999747677e+00,2.012461179749810647e+00,2.236067977499789639e-01,-1.565247584249852775e+00,-3.577708763999663422e+00,-2.683281572999747677e+00,-2.906888370749726391e+00,-1.788854381999831711e+00,-4.024922359499621294e+00,-4.024922359499621294e+00,-2.683281572999747677e+00,-2.236067977499789805e+00,-1.341640786499873839e+00,-1.565247584249852775e+00,-2.012461179749810647e+00,-1.565247584249852775e+00,-1.788854381999831711e+00,-2.683281572999747677e+00,-2.012461179749810647e+00,-2.906888370749726391e+00,-5.366563145999495354e+00,-4.024922359499621294e+00,-4.248529157249600452e+00,-2.906888370749726391e+00,-1.341640786499873839e+00,-1.118033988749894903e+00,-2.236067977499789639e-01,0.000000000000000000e+00,-1.118033988749894903e+00,2.012461179749810647e+00,2.459674775249768519e+00,1.788854381999831711e+00,1.341640786499873839e+00,2.683281572999747677e+00,3.130495168499705549e+00,4.024922359499621294e+00,4.248529157249600452e+00,6.260990336999411099e+00,6.931810730249347685e+00,5.366563145999495354e+00,4.919349550499537038e+00,3.801315561749642136e+00,2.459674775249768519e+00,4.024922359499621294e+00,4.472135954999579610e+00,4.024922359499621294e+00,2.906888370749726391e+00,2.012461179749810647e+00,2.012461179749810647e+00,4.472135954999579277e-01,4.472135954999579277e-01,-1.118033988749894903e+00,-2.236067977499789639e-01,-6.708203932499369193e-01,8.944271909999158554e-01,2.012461179749810647e+00,2.236067977499789805e+00,2.236067977499789805e+00,1.788854381999831711e+00,1.341640786499873839e+00,1.118033988749894903e+00,1.565247584249852775e+00,0.000000000000000000e+00,-2.236067977499789639e-01,-3.130495168499705549e+00,-3.577708763999663422e+00,-2.012461179749810647e+00,-8.944271909999158554e-01,-3.130495168499705549e+00,-2.906888370749726391e+00,-1.565247584249852775e+00,-2.459674775249768519e+00,4.472135954999579277e-01,-1.341640786499873839e+00,-1.788854381999831711e+00,-2.236067977499789639e-01,-6.708203932499369193e-01,-8.944271909999158554e-01,1.118033988749894903e+00,-1.341640786499873839e+00,-2.236067977499789639e-01,-8.944271909999158554e-01,-1.565247584249852775e+00,-2.236067977499789805e+00,0.000000000000000000e+00,1.341640786499873839e+00,1.788854381999831711e+00,1.118033988749894903e+00,8.944271909999158554e-01,-2.236067977499789639e-01,-2.236067977499789639e-01,-2.236067977499789639e-01,0.000000000000000000e+00,-2.236067977499789639e-01,-4.472135954999579277e-01,6.708203932499369193e-01,1.565247584249852775e+00,-6.708203932499369193e-01,-2.236067977499789639e-01,-8.944271909999158554e-01,-2.236067977499789805e+00,-3.354101966249684263e+00,-2.459674775249768519e+00,-6.708203932499369193e-01,-1.788854381999831711e+00,-2.906888370749726391e+00,-1.788854381999831711e+00,-2.459674775249768519e+00,-2.459674775249768519e+00,-3.130495168499705549e+00,-2.906888370749726391e+00,-4.248529157249600452e+00,-1.788854381999831711e+00,-1.788854381999831711e+00,-2.236067977499789639e-01,2.236067977499789639e-01,6.708203932499369193e-01,-1.565247584249852775e+00,-2.683281572999747677e+00,-8.944271909999158554e-01,4.472135954999579277e-01,4.472135954999579277e-01,-8.944271909999158554e-01,-8.944271909999158554e-01,6.708203932499369193e-01,-4.472135954999579277e-01,4.472135954999579277e-01,1.565247584249852775e+00,2.236067977499789805e+00,4.919349550499537038e+00,5.813776741499452783e+00,6.260990336999411099e+00,6.037383539249431941e+00,4.248529157249600452e+00,1.341640786499873839e+00,0.000000000000000000e+00,-1.118033988749894903e+00,-3.577708763999663422e+00,-2.459674775249768519e+00,-2.236067977499789805e+00,-1.341640786499873839e+00,-1.788854381999831711e+00,0.000000000000000000e+00,-1.341640786499873839e+00,-2.012461179749810647e+00,-3.130495168499705549e+00,-3.354101966249684263e+00,-2.906888370749726391e+00,-1.118033988749894903e+00,-8.944271909999158554e-01,0.000000000000000000e+00,-4.472135954999579277e-01,-1.118033988749894903e+00,-8.944271909999158554e-01,4.472135954999579277e-01,1.118033988749894903e+00,2.906888370749726391e+00,1.565247584249852775e+00,-2.236067977499789639e-01,-2.459674775249768519e+00,-2.012461179749810647e+00,-1.118033988749894903e+00,-6.708203932499369193e-01,2.236067977499789639e-01,-6.708203932499369193e-01,-1.788854381999831711e+00,-1.565247584249852775e+00,-2.459674775249768519e+00,-3.577708763999663422e+00,-6.708203932499369193e-01,1.118033988749894903e+00,4.024922359499621294e+00,1.565247584249852775e+00,1.341640786499873839e+00,2.683281572999747677e+00,3.577708763999663422e+00,1.118033988749894903e+00,1.341640786499873839e+00,1.565247584249852775e+00,3.354101966249684263e+00,4.919349550499537038e+00,3.130495168499705549e+00,2.459674775249768519e+00,7.602631123499284271e+00,5.813776741499452783e+00,6.931810730249347685e+00,6.931810730249347685e+00,5.142956348249516196e+00,3.130495168499705549e+00,6.708203932499369193e-01,-2.236067977499789639e-01,2.236067977499789639e-01,8.944271909999158554e-01,-4.472135954999579277e-01,1.118033988749894903e+00,4.024922359499621294e+00,2.906888370749726391e+00,1.565247584249852775e+00,2.459674775249768519e+00,1.565247584249852775e+00,-2.236067977499789639e-01,1.788854381999831711e+00,6.708203932499369193e-01,-8.944271909999158554e-01,-1.118033988749894903e+00,-2.012461179749810647e+00,-1.788854381999831711e+00,-1.341640786499873839e+00,0.000000000000000000e+00,1.565247584249852775e+00,1.788854381999831711e+00,6.708203932499369193e-01,2.683281572999747677e+00,1.565247584249852775e+00,1.118033988749894903e+00,-6.708203932499369193e-01,-2.906888370749726391e+00,-3.354101966249684263e+00,-2.459674775249768519e+00,-6.708203932499369193e-01,-1.118033988749894903e+00,1.118033988749894903e+00,1.118033988749894903e+00,2.236067977499789639e-01,2.012461179749810647e+00,1.341640786499873839e+00,-2.236067977499789639e-01,-8.944271909999158554e-01,1.788854381999831711e+00,0.000000000000000000e+00,6.708203932499369193e-01,2.236067977499789639e-01,2.236067977499789805e+00,3.577708763999663422e+00,3.801315561749642136e+00,3.577708763999663422e+00,2.683281572999747677e+00,1.118033988749894903e+00,2.012461179749810647e+00,4.472135954999579277e-01,1.788854381999831711e+00,1.118033988749894903e+00,2.236067977499789805e+00,2.012461179749810647e+00,1.565247584249852775e+00,-2.236067977499789639e-01,1.341640786499873839e+00,6.708203932499369193e-01,1.565247584249852775e+00,6.708203932499369193e-01,0.000000000000000000e+00,0.000000000000000000e+00,-8.944271909999158554e-01,-6.708203932499369193e-01,-2.236067977499789805e+00,-1.788854381999831711e+00,-2.236067977499789639e-01,-1.341640786499873839e+00,-2.012461179749810647e+00,-1.788854381999831711e+00,2.236067977499789639e-01,-8.944271909999158554e-01,0.000000000000000000e+00,0.000000000000000000e+00,2.459674775249768519e+00,2.683281572999747677e+00,2.683281572999747677e+00,1.788854381999831711e+00,4.472135954999579277e-01,2.236067977499789639e-01,-8.944271909999158554e-01,-2.236067977499789639e-01,-1.341640786499873839e+00,-2.459674775249768519e+00,-1.788854381999831711e+00,-3.130495168499705549e+00,-2.906888370749726391e+00,-4.695742752749557880e+00,-2.683281572999747677e+00,-2.906888370749726391e+00,-4.024922359499621294e+00,-3.801315561749642136e+00,-2.683281572999747677e+00,-1.788854381999831711e+00,-6.708203932499369193e-01,-4.472135954999579277e-01,-8.944271909999158554e-01,2.236067977499789639e-01,-2.236067977499789639e-01,-2.459674775249768519e+00,-2.236067977499789639e-01,-1.788854381999831711e+00,-1.118033988749894903e+00,6.708203932499369193e-01,-2.236067977499789639e-01,1.341640786499873839e+00,2.459674775249768519e+00,8.944271909999158554e-01,0.000000000000000000e+00,0.000000000000000000e+00,6.708203932499369193e-01,6.708203932499369193e-01,1.788854381999831711e+00,2.236067977499789805e+00,1.341640786499873839e+00,2.012461179749810647e+00,1.341640786499873839e+00,1.118033988749894903e+00,8.944271909999158554e-01,2.236067977499789805e+00,2.012461179749810647e+00,3.354101966249684263e+00,3.130495168499705549e+00,3.801315561749642136e+00,3.354101966249684263e+00,2.906888370749726391e+00,1.565247584249852775e+00,1.118033988749894903e+00,2.236067977499789639e-01,8.944271909999158554e-01,1.788854381999831711e+00,1.341640786499873839e+00,2.236067977499789639e-01,-6.708203932499369193e-01,-1.118033988749894903e+00,-6.708203932499369193e-01,6.708203932499369193e-01,4.472135954999579277e-01,8.944271909999158554e-01,1.118033988749894903e+00,1.788854381999831711e+00,8.944271909999158554e-01,-6.708203932499369193e-01,0.000000000000000000e+00,1.118033988749894903e+00,-1.118033988749894903e+00,-1.118033988749894903e+00,-2.236067977499789639e-01,2.236067977499789639e-01,-1.118033988749894903e+00,-1.788854381999831711e+00,-1.565247584249852775e+00,-8.944271909999158554e-01,-2.236067977499789639e-01,4.472135954999579277e-01,0.000000000000000000e+00,6.708203932499369193e-01,6.708203932499369193e-01,-1.341640786499873839e+00,-2.236067977499789639e-01,-8.944271909999158554e-01,-6.708203932499369193e-01,-2.683281572999747677e+00,-4.472135954999579277e-01,8.944271909999158554e-01,0.000000000000000000e+00,1.341640786499873839e+00,4.024922359499621294e+00,4.472135954999579610e+00,2.459674775249768519e+00,2.236067977499789639e-01,-1.565247584249852775e+00,-2.236067977499789805e+00,2.236067977499789639e-01,2.012461179749810647e+00,2.906888370749726391e+00,4.024922359499621294e+00,3.801315561749642136e+00,5.366563145999495354e+00,5.813776741499452783e+00,6.484597134749389369e+00,7.379024325749306001e+00,6.260990336999411099e+00,7.155417527999326843e+00,8.273451516749220858e+00,1.050951949424901066e+01,8.944271909999159220e+00,9.391485505499115760e+00,9.615092303249095806e+00,9.167878707749137490e+00,7.379024325749306001e+00,7.602631123499284271e+00,4.919349550499537038e+00,2.683281572999747677e+00,3.801315561749642136e+00,3.577708763999663422e+00,3.354101966249684263e+00,2.459674775249768519e+00,1.341640786499873839e+00,4.472135954999579277e-01,-4.472135954999579277e-01,2.236067977499789639e-01,-2.683281572999747677e+00,-4.695742752749557880e+00,-3.354101966249684263e+00,-3.577708763999663422e+00,-2.906888370749726391e+00,-2.236067977499789805e+00,-4.248529157249600452e+00,-3.354101966249684263e+00,-3.354101966249684263e+00,-2.683281572999747677e+00,-2.906888370749726391e+00,-1.788854381999831711e+00,-2.459674775249768519e+00,-3.801315561749642136e+00,-4.024922359499621294e+00,-3.130495168499705549e+00,-4.472135954999579610e+00,-4.248529157249600452e+00,-3.354101966249684263e+00,-3.354101966249684263e+00,-4.024922359499621294e+00,-3.354101966249684263e+00,-1.341640786499873839e+00,-2.459674775249768519e+00,-4.024922359499621294e+00,-3.130495168499705549e+00,-4.695742752749557880e+00,-3.577708763999663422e+00,-1.565247584249852775e+00,-1.788854381999831711e+00,-1.118033988749894903e+00,-1.341640786499873839e+00,-1.788854381999831711e+00,-2.683281572999747677e+00,-2.459674775249768519e+00,-1.341640786499873839e+00,-1.341640786499873839e+00,-4.472135954999579277e-01,1.118033988749894903e+00,4.472135954999579277e-01,8.944271909999158554e-01,8.944271909999158554e-01,-2.236067977499789639e-01,2.236067977499789639e-01,0.000000000000000000e+00,-4.472135954999579277e-01,-1.788854381999831711e+00,6.708203932499369193e-01,-6.708203932499369193e-01,4.472135954999579277e-01,1.118033988749894903e+00,1.565247584249852775e+00,1.341640786499873839e+00,-1.341640786499873839e+00,-8.944271909999158554e-01,-2.012461179749810647e+00
4.472135954999579610e+00,3.577708763999663422e+00,3.801315561749642136e+00,2.906888370749726391e+00,2.012461179749810647e+00,1.565247584249852775e+00,2.683281572999747677e+00,1.788854381999831711e+00,3.354101966249684263e+00,4.024922359499621294e+00,3.577708763999663422e+00,3.577708763999663422e+00,2.236067977499789805e+00,2.683281572999747677e+00,2.683281572999747677e+00,3.577708763999663422e+00,8.944271909999158554e-01,4.472135954999579277e-01,2.236067977499789639e-01,6.708203932499369193e-01,0.000000000000000000e+00,-6.708203932499369193e-01,-1.788854381999831711e+00,-2.459674775249768519e+00,-2.683281572999747677e+00,-3.130495168499705549e+00,-3.354101966249684263e+00,-3.130495168499705549e+00,-2.683281572999747677e+00,-2.683281572999747677e+00,-4.024922359499621294e+00,-4.248529157249600452e+00,-3.801315561749642136e+00,-4.472135954999579610e+00,-6.037383539249431941e+00,-5.813776741499452783e+00,-3.577708763999663422e+00,-2.012461179749810647e+00,-8.944271909999158554e-01,-2.236067977499789639e-01,-6.708203932499369193e-01,0.000000000000000000e+00,-2.012461179749810647e+00,-2.236067977499789805e+00,-2.012461179749810647e+00,-1.341640786499873839e+00,-8.944271909999158554e-01,-6.708203932499369193e-01,-6.708203932499369193e-01,-1.341640786499873839e+00,-3.354101966249684263e+00,-3.354101966249684263e+00,-4.695742752749557880e+00,-5.142956348249516196e+00,-4.248529157249600452e+00,-4.472135954999579610e+00,-3.801315561749642136e+00,-1.341640786499873839e+00,1.118033988749894903e+00,6.708203932499369193e-01,-2.236067977499789639e-01,-1.118033988749894903e+00,-4.248529157249600452e+00,-2.683281572999747677e+00,-8.944271909999158554e-01,-8.944271909999158554e-01,0.000000000000000000e+00,6.708203932499369193e-01,8.944271909999158554e-01,8.944271909999158554e-01,1.341640786499873839e+00,8.944271909999158554e-01,2.236067977499789639e-01,0.000000000000000000e+00,-6.708203932499369193e-01,-2.012461179749810647e+00,-3.130495168499705549e+00,-4.024922359499621294e+00,-3.801315561749642136e+00,-3.801315561749642136e+00,-4.248529157249600452e+00,-4.024922359499621294e+00,-3.801315561749642136e+00,-2.906888370749726391e+00,-1.788854381999831711e+00,-3.130495168499705549e+00,-2.459674775249768519e+00,-2.906888370749726391e+00,-3.801315561749642136e+00,-5.142956348249516196e+00,-3.354101966249684263e+00,-1.788854381999831711e+00,-6.708203932499369193e-01,-1.341640786499873839e+00,-4.472135954999579277e-01,8.944271909999158554e-01,8.944271909999158554e-01,4.472135954999579277e-01,-6.708203932499369193e-01,-1.565247584249852775e+00,-3.130495168499705549e+00,-3.130495168499705549e+00,-3.130495168499705549e+00,-3.130495168499705549e+00,-2.683281572999747677e+00,-2.906888370749726391e+00,-4.472135954999579277e-01,-1.565247584249852775e+00,4.472135954999579277e-01,-4.472135954999579277e-01,8.944271909999158554e-01,2.012461179749810647e+00,2.906888370749726391e+00,2.459674775249768519e+00,3.354101966249684263e+00,2.459674775249768519e+00,4.024922359499621294e+00,3.130495168499705549e+00,3.801315561749642136e+00,1.788854381999831711e+00,0.000000000000000000e+00,1.565247584249852775e+00,2.906888370749726391e+00,3.354101966249684263e+00,3.130495168499705549e+00,2.459674775249768519e+00,1.565247584249852775e+00,1.565247584249852775e+00,2.459674775249768519e+00,2.683281572999747677e+00,3.354101966249684263e+00,3.354101966249684263e+00,4.024922359499621294e+00,5.813776741499452783e+00,5.813776741499452783e+00,2.236067977499789805e+00,4.472135954999579277e-01,2.012461179749810647e+00,8.944271909999158554e-01,4.472135954999579277e-01,-1.118033988749894903e+00,-4.472135954999579277e-01,4.472135954999579277e-01,-1.118033988749894903e+00,-6.708203932499369193e-01,4.472135954999579277e-01,8.944271909999158554e-01,8.944271909999158554e-01,8.944271909999158554e-01,4.472135954999579277e-01,4.472135954999579277e-01,2.683281572999747677e+00,4.472135954999579610e+00,4.024922359499621294e+00,3.577708763999663422e+00,2.012461179749810647e+00,2.906888370749726391e+00,3.577708763999663422e+00,3.354101966249684263e+00,1.118033988749894903e+00,1.565247584249852775e+00,1.788854381999831711e+00,2.236067977499789805e+00,3.577708763999663422e+00,2.012461179749810647e+00,3.130495168499705549e+00,5.142956348249516196e+00,5.813776741499452783e+00,5.813776741499452783e+00,4.919349550499537038e+00,5.590169943749473624e+00,4.695742752749557880e+00,5.366563145999495354e+00,5.590169943749473624e+00,5.813776741499452783e+00,4.024922359499621294e+00,4.695742752749557880e+00,8.944271909999158554e-01,-2.236067977499789639e-01,4.472135954999579277e-01,-6.708203932499369193e-01,-2.236067977499789639e-01,-8.944271909999158554e-01,-1.341640786499873839e+00,-2.012461179749810647e+00,-4.248529157249600452e+00,-1.565247584249852775e+00,-2.236067977499789805e+00,4.472135954999579277e-01,-4.472135954999579277e-01,-2.236067977499789639e-01,-4.472135954999579277e-01,-1.118033988749894903e+00,-1.341640786499873839e+00,-1.788854381999831711e+00,-1.118033988749894903e+00,-1.565247584249852775e+00,-2.683281572999747677e+00,-2.683281572999747677e+00,-1.788854381999831711e+00,-1.341640786499873839e+00,1.118033988749894903e+00,1.341640786499873839e+00,2.236067977499789805e+00,8.944271909999158554e-01,4.472135954999579277e-01,4.472135954999579277e-01,-2.236067977499789639e-01,-1.341640786499873839e+00,-4.472135954999579277e-01,-2.236067977499789639e-01,-1.341640786499873839e+00,-2.236067977499789805e+00,-1.341640786499873839e+00,-1.118033988749894903e+00,-2.459674775249768519e+00,-2.906888370749726391e+00,-2.906888370749726391e+00,-2.236067977499789805e+00,-1.565247584249852775e+00,-1.118033988749894903e+00,-6.708203932499369193e-01,-4.472135954999579277e-01,-6.708203932499369193e-01,1.118033988749894903e+00,2.459674775249768519e+00,2.236067977499789805e+00,1.788854381999831711e+00,2.906888370749726391e+00,2.012461179749810647e+00,-2.236067977499789639e-01,-4.472135954999579277e-01,1.788854381999831711e+00,4.695742752749557880e+00,4.472135954999579610e+00,4.695742752749557880e+00,2.683281572999747677e+00,1.118033988749894903e+00,1.118033988749894903e+00,1.565247584249852775e+00,6.708203932499369193e-01,1.341640786499873839e+00,1.341640786499873839e+00,2.012461179749810647e+00,3.130495168499705549e+00,2.236067977499789805e+00,2.683281572999747677e+00,0.000000000000000000e+00,4.472135954999579277e-01,-4.472135954999579277e-01,-2.012461179749810647e+00,6.708203932499369193e-01,1.788854381999831711e+00,3.354101966249684263e+00,2.236067977499789805e+00,4.695742752749557880e+00,4.472135954999579610e+00,4.919349550499537038e+00,3.354101966249684263e+00,3.354101966249684263e+00,4.472135954999579610e+00,4.472135954999579610e+00,6.484597134749389369e+00,6.260990336999411099e+00,6.708203932499368527e+00,6.931810730249347685e+00,6.037383539249431941e+00,3.801315561749642136e+00,3.801315561749642136e+00,4.695742752749557880e+00,4.248529157249600452e+00,2.683281572999747677e+00,2.012461179749810647e+00,1.118033988749894903e+00,2.236067977499789639e-01,6.708203932499369193e-01,2.459674775249768519e+00,2.906888370749726391e+00,4.919349550499537038e+00,4.024922359499621294e+00,2.012461179749810647e+00,2.236067977499789805e+00,4.695742752749557880e+00,5.813776741499452783e+00,6.708203932499368527e+00,7.602631123499284271e+00,7.826237921249263430e+00,8.720665112249179174e+00,8.049844718999242588e+00,8.049844718999242588e+00,6.037383539249431941e+00,5.590169943749473624e+00,8.049844718999242588e+00,7.826237921249263430e+00,8.273451516749220858e+00,6.931810730249347685e+00,3.801315561749642136e+00,4.919349550499537038e+00,4.695742752749557880e+00,3.577708763999663422e+00,2.459674775249768519e+00,2.236067977499789805e+00,6.708203932499369193e-01,2.236067977499789639e-01,-8.944271909999158554e-01,-4.472135954999579277e-01,4.472135954999579277e-01,-2.683281572999747677e+00,-2.012461179749810647e+00,-2.236067977499789639e-01,-2.683281572999747677e+00,-1.341640786499873839e+00,-1.788854381999831711e+00,-1.788854381999831711e+00,-3.354101966249684263e+00,-2.459674775249768519e+00,-1.788854381999831711e+00,0.000000000000000000e+00,8.944271909999158554e-01,1.341640786499873839e+00,2.012461179749810647e+00,6.708203932499369193e-01,3.801315561749642136e+00,4.248529157249600452e+00,4.919349550499537038e+00,2.906888370749726391e+00,4.024922359499621294e+00,2.459674775249768519e+00,8.944271909999158554e-01,1.788854381999831711e+00,6.708203932499369193e-01,-2.236067977499789639e-01,1.565247584249852775e+00,1.118033988749894903e+00,1.565247584249852775e+00,2.459674775249768519e+00,2.906888370749726391e+00,2.906888370749726391e+00,2.683281572999747677e+00,3.354101966249684263e+00,2.012461179749810647e+00,1.565247584249852775e+00,4.472135954999579277e-01,6.708203932499369193e-01,-8.944271909999158554e-01,-2.236067977499789805e+00,-2.236067977499789639e-01,4.472135954999579277e-01,2.012461179749810647e+00,1.118033988749894903e+00,6.708203932499369193e-01,8.944271909999158554e-01,1.788854381999831711e+00,4.472135954999579277e-01,1.341640786499873839e+00,4.472135954999579277e-01,6.708203932499369193e-01,-2.236067977499789639e-01,-4.472135954999579277e-01,-1.788854381999831711e+00,-1.788854381999831711e+00,-2.906888370749726391e+00,-4.472135954999579277e-01,-8.944271909999158554e-01,-6.708203932499369193e-01,-1.788854381999831711e+00,-1.341640786499873839e+00,-1.565247584249852775e+00,0.000000000000000000e+00,-8.944271909999158554e-01,-4.472135954999579277e-01,-1.565247584249852775e+00,-2.236067977499789639e-01,-4.472135954999579277e-01,-1.118033988749894903e+00,-2.012461179749810647e+00,-2.236067977499789639e-01,2.236067977499789639e-01,-2.236067977499789639e-01,1.341640786499873839e+00,1.788854381999831711e+00,1.565247584249852775e+00,3.577708763999663422e+00,5.590169943749473624e+00,6.931810730249347685e+00,8.049844718999242588e+00,7.379024325749306001e+00,9.615092303249095806e+00,9.615092303249095806e+00,7.379024325749306001e+00,6.037383539249431941e+00,4.919349550499537038e+00,5.142956348249516196e+00,4.248529157249600452e+00,2.459674775249768519e+00,8.944271909999158554e-01,8.944271909999158554e-01,1.788854381999831711e+00,3.130495168499705549e+00,2.906888370749726391e+00,1.565247584249852775e+00,4.472135954999579277e-01,4.472135954999579277e-01,-1.118033988749894903e+00,-4.472135954999579277e-01,3.801315561749642136e+00,4.248529157249600452e+00,5.366563145999495354e+00,6.484597134749389369e+00,3.130495168499705549e+00,4.248529157249600452e+00,5.142956348249516196e+00,5.590169943749473624e+00,5.142956348249516196e+00,6.037383539249431941e+00,6.708203932499368527e+00,6.708203932499368527e+00,5.813776741499452783e+00,5.366563145999495354e+00,4.919349550499537038e+00,5.590169943749473624e+00,6.708203932499368527e+00,5.590169943749473624e+00,4.919349550499537038e+00,3.801315561749642136e+00,4.024922359499621294e+00,3.577708763999663422e+00,3.354101966249684263e+00,2.906888370749726391e+00,4.695742752749557880e+00,4.472135954999579610e+00,6.260990336999411099e+00,4.919349550499537038e+00,5.366563145999495354e+00,6.931810730249347685e+00,4.472135954999579610e+00,4.024922359499621294e+00,4.472135954999579610e+00,2.906888370749726391e+00,1.788854381999831711e+00,1.341640786499873839e+00,6.708203932499369193e-01,0.000000000000000000e+00,8.944271909999158554e-01,2.683281572999747677e+00,1.788854381999831711e+00,8.944271909999158554e-01,2.236067977499789639e-01,-2.236067977499789639e-01,-1.118033988749894903e+00,-1.118033988749894903e+00,-1.788854381999831711e+00,-2.012461179749810647e+00,-1.788854381999831711e+00,-1.565247584249852775e+00,-2.012461179749810647e+00,-3.130495168499705549e+00,-3.354101966249684263e+00,-2.012461179749810647e+00,-3.577708763999663422e+00,-2.459674775249768519e+00,-4.472135954999579277e-01,-2.236067977499789639e-01,1.341640786499873839e+00,4.472135954999579277e-01,-2.236067977499789639e-01,6.708203932499369193e-01,3.354101966249684263e+00,1.788854381999831711e+00,2.683281572999747677e+00,4.024922359499621294e+00,3.577708763999663422e+00,3.354101966249684263e+00,2.236067977499789805e+00,4.919349550499537038e+00,5.813776741499452783e+00,4.695742752749557880e+00,6.931810730249347685e+00,7.155417527999326843e+00,8.273451516749220858e+00,8.049844718999242588e+00,6.260990336999411099e+00,6.484597134749389369e+00,5.590169943749473624e+00,6.708203932499368527e+00,4.695742752749557880e+00,2.683281572999747677e+00,2.683281572999747677e+00,2.459674775249768519e+00,2.683281572999747677e+00,2.012461179749810647e+00,2.459674775249768519e+00,3.577708763999663422e+00,2.459674775249768519e+00,2.459674775249768519e+00,2.459674775249768519e+00,1.565247584249852775e+00,2.236067977499789805e+00,3.801315561749642136e+00,1.788854381999831711e+00
8.944271909999158554e-01,-4.472135954999579277e-01,8.944271909999158554e-01,-2.236067977499789639e-01,-8.944271909999158554e-01,-8.944271909999158554e-01,-6.708203932499369193e-01,-1.341640786499873839e+00,-2.236067977499789639e-01,2.236067977499789639e-01,-4.472135954999579277e-01,-3.130495168499705549e+00,-1.565247584249852775e+00,-2.906888370749726391e+00,-1.565247584249852775e+00,-1.341640786499873839e+00,6.708203932499369193e-01,-2.236067977499789639e-01,-2.236067977499789639e-01,-1.118033988749894903e+00,-2.236067977499789639e-01,-2.236067977499789639e-01,1.788854381999831711e+00,1.788854381999831711e+00,1.341640786499873839e+00,8.944271909999158554e-01,-2.236067977499789639e-01,-1.788854381999831711e+00,-2.236067977499789805e+00,-3.354101966249684263e+00,-1.565247584249852775e+00,0.000000000000000000e+00,-1.341640786499873839e+00,-2.236067977499789805e+00,-3.577708763999663422e+00,-3.130495168499705549e+00,-4.472135954999579277e-01,-6.708203932499369193e-01,0.000000000000000000e+00,6.708203932499369193e-01,6.708203932499369193e-01,2.236067977499789639e-01,-4.472135954999579277e-01,2.236067977499789639e-01,2.683281572999747677e+00,2.459674775249768519e+00,1.118033988749894903e+00,-4.472135954999579277e-01,4.472135954999579277e-01,0.000000000000000000e+00,-1.788854381999831711e+00,-2.459674775249768519e+00,-1.565247584249852775e+00,-4.472135954999579277e-01,-4.472135954999579277e-01,0.000000000000000000e+00,6.708203932499369193e-01,2.236067977499789639e-01,-1.118033988749894903e+00,-2.236067977499789639e-01,4.472135954999579277e-01,-1.341640786499873839e+00,-4.472135954999579277e-01,0.000000000000000000e+00,1.341640786499873839e+00,1.565247584249852775e+00,1.565247584249852775e+00,-8.944271909999158554e-01,-6.708203932499369193e-01,-1.341640786499873839e+00,-8.944271909999158554e-01,8.944271909999158554e-01,2.459674775249768519e+00,3.130495168499705549e+00,1.565247584249852775e+00,1.565247584249852775e+00,-2.236067977499789639e-01,1.118033988749894903e+00,1.565247584249852775e+00,2.683281572999747677e+00,4.695742752749557880e+00,2.906888370749726391e+00,6.708203932499369193e-01,-2.012461179749810647e+00,-4.248529157249600452e+00,-4.919349550499537038e+00,-4.695742752749557880e+00,-3.130495168499705549e+00,-3.801315561749642136e+00,-4.695742752749557880e+00,-2.683281572999747677e+00,-3.130495168499705549e+00,-3.801315561749642136e+00,-2.459674775249768519e+00,-1.565247584249852775e+00,-4.472135954999579277e-01,-4.472135954999579277e-01,-4.472135954999579277e-01,-6.708203932499369193e-01,-1.341640786499873839e+00,-2.236067977499789805e+00,-2.459674775249768519e+00,-2.012461179749810647e+00,-2.012461179749810647e+00,-6.708203932499369193e-01,-2.012461179749810647e+00,-2.236067977499789805e+00,-2.236067977499789805e+00,-2.683281572999747677e+00,-2.012461179749810647e+00,-2.236067977499789805e+00,-2.906888370749726391e+00,-4.472135954999579610e+00,-4.248529157249600452e+00,-3.354101966249684263e+00,-3.801315561749642136e+00,-3.801315561749642136e+00,-4.024922359499621294e+00,-3.354101966249684263e+00,-3.130495168499705549e+00,-3.577708763999663422e+00,-3.577708763999663422e+00,-2.459674775249768519e+00,-1.118033988749894903e+00,-1.788854381999831711e+00,-1.118033988749894903e+00,-2.012461179749810647e+00,-2.683281572999747677e+00,-2.906888370749726391e+00,-2.683281572999747677e+00,-2.236067977499789805e+00,-4.472135954999579277e-01,-6.708203932499369193e-01,1.341640786499873839e+00,2.236067977499789805e+00,1.341640786499873839e+00,1.565247584249852775e+00,6.708203932499369193e-01,-8.944271909999158554e-01,-2.459674775249768519e+00,-3.354101966249684263e+00,-3.130495168499705549e+00,-3.354101966249684263e+00,-2.683281572999747677e+00,-1.341640786499873839e+00,-4.472135954999579277e-01,-2.236067977499789639e-01,-1.118033988749894903e+00,0.000000000000000000e+00,-1.118033988749894903e+00,-2.236067977499789805e+00,-2.459674775249768519e+00,-2.012461179749810647e+00,-1.788854381999831711e+00,-2.236067977499789805e+00,-8.944271909999158554e-01,-1.341640786499873839e+00,6.708203932499369193e-01,-6.708203932499369193e-01,-1.118033988749894903e+00,0.000000000000000000e+00,-6.708203932499369193e-01,-3.577708763999663422e+00,-1.788854381999831711e+00,-8.944271909999158554e-01,-1.565247584249852775e+00,-6.708203932499369193e-01,-1.565247584249852775e+00,-2.012461179749810647e+00,-2.236067977499789805e+00,6.708203932499369193e-01,-1.565247584249852775e+00,2.236067977499789639e-01,-4.472135954999579277e-01,4.472135954999579277e-01,-1.118033988749894903e+00,-3.354101966249684263e+00,-3.801315561749642136e+00,-4.248529157249600452e+00,-3.354101966249684263e+00,-4.695742752749557880e+00,-5.813776741499452783e+00,-5.366563145999495354e+00,-6.037383539249431941e+00,-4.472135954999579610e+00,-3.577708763999663422e+00,-3.130495168499705549e+00,-3.801315561749642136e+00,-5.142956348249516196e+00,-5.142956348249516196e+00,-6.260990336999411099e+00,-7.379024325749306001e+00,-7.379024325749306001e+00,-9.615092303249095806e+00,-8.273451516749220858e+00,-6.484597134749389369e+00,-6.931810730249347685e+00,-7.826237921249263430e+00,-8.273451516749220858e+00,-7.602631123499284271e+00,-6.484597134749389369e+00,-5.590169943749473624e+00,-4.248529157249600452e+00,-5.366563145999495354e+00,-5.142956348249516196e+00,-5.590169943749473624e+00,-3.577708763999663422e+00,-4.024922359499621294e+00,-4.024922359499621294e+00,-3.130495168499705549e+00,-2.459674775249768519e+00,2.236067977499789639e-01,8.944271909999158554e-01,3.577708763999663422e+00,2.906888370749726391e+00,4.472135954999579610e+00,4.472135954999579610e+00,3.577708763999663422e+00,4.248529157249600452e+00,4.472135954999579610e+00,3.577708763999663422e+00,1.788854381999831711e+00,2.459674775249768519e+00,1.341640786499873839e+00,1.565247584249852775e+00,2.459674775249768519e+00,2.012461179749810647e+00,1.118033988749894903e+00,1.118033988749894903e+00,1.341640786499873839e+00,2.236067977499789805e+00,0.000000000000000000e+00,0.000000000000000000e+00,-6.708203932499369193e-01,-1.341640786499873839e+00,-1.788854381999831711e+00,-1.118033988749894903e+00,-1.788854381999831711e+00,-2.459674775249768519e+00,-6.708203932499369193e-01,-4.472135954999579277e-01,-2.236067977499789639e-01,6.708203932499369193e-01,-2.236067977499789639e-01,1.788854381999831711e+00,0.000000000000000000e+00,8.944271909999158554e-01,2.683281572999747677e+00,3.354101966249684263e+00,5.813776741499452783e+00,3.577708763999663422e+00,8.944271909999158554e-01,2.012461179749810647e+00,1.341640786499873839e+00,8.944271909999158554e-01,2.236067977499789805e+00,2.683281572999747677e+00,3.801315561749642136e+00,1.341640786499873839e+00,4.472135954999579277e-01,0.000000000000000000e+00,-1.118033988749894903e+00,-2.683281572999747677e+00,-3.130495168499705549e+00,-3.354101966249684263e+00,-4.248529157249600452e+00,-3.130495168499705549e+00,-3.130495168499705549e+00,-2.459674775249768519e+00,-1.565247584249852775e+00,-2.236067977499789805e+00,-4.472135954999579277e-01,-1.788854381999831711e+00,-1.788854381999831711e+00,-2.236067977499789805e+00,-1.565247584249852775e+00,-2.012461179749810647e+00,-2.906888370749726391e+00,-1.565247584249852775e+00,-2.459674775249768519e+00,-2.906888370749726391e+00,-3.354101966249684263e+00,-3.577708763999663422e+00,-4.472135954999579610e+00,-3.577708763999663422e+00,-4.472135954999579277e-01,2.012461179749810647e+00,2.683281572999747677e+00,3.130495168499705549e+00,2.012461179749810647e+00,1.565247584249852775e+00,6.708203932499369193e-01,4.472135954999579277e-01,0.000000000000000000e+00,-2.683281572999747677e+00,-2.683281572999747677e+00,-2.906888370749726391e+00,-2.906888370749726391e+00,-1.341640786499873839e+00,-4.472135954999579277e-01,2.236067977499789639e-01,2.236067977499789639e-01,2.236067977499789639e-01,-2.236067977499789639e-01,0.000000000000000000e+00,-2.236067977499789805e+00,-2.683281572999747677e+00,-2.236067977499789805e+00,-2.459674775249768519e+00,-2.236067977499789805e+00,-1.565247584249852775e+00,-1.565247584249852775e+00,-2.236067977499789805e+00,-3.577708763999663422e+00,-2.012461179749810647e+00,-2.012461179749810647e+00,-2.236067977499789805e+00,-8.944271909999158554e-01,-6.708203932499369193e-01,-6.708203932499369193e-01,-1.565247584249852775e+00,-2.906888370749726391e+00,-2.459674775249768519e+00,-1.788854381999831711e+00,-1.565247584249852775e+00,-1.341640786499873839e+00,-1.341640786499873839e+00,-2.236067977499789805e+00,-3.577708763999663422e+00,-2.459674775249768519e+00,-4.695742752749557880e+00,-2.459674775249768519e+00,-2.906888370749726391e+00,-1.565247584249852775e+00,-2.012461179749810647e+00,-2.459674775249768519e+00,-4.024922359499621294e+00,-2.906888370749726391e+00,-3.354101966249684263e+00,-5.366563145999495354e+00,-3.801315561749642136e+00,-3.130495168499705549e+00,-4.024922359499621294e+00,-5.366563145999495354e+00,-4.472135954999579610e+00,-2.906888370749726391e+00,-3.354101966249684263e+00,-2.459674775249768519e+00,-3.130495168499705549e+00,-3.130495168499705549e+00,-2.683281572999747677e+00,-6.708203932499369193e-01,-1.118033988749894903e+00,2.236067977499789639e-01,1.118033988749894903e+00,3.801315561749642136e+00,1.788854381999831711e+00,1.341640786499873839e+00,-2.236067977499789639e-01,-3.130495168499705549e+00,-4.472135954999579610e+00,-4.248529157249600452e+00,-3.801315561749642136e+00,-5.590169943749473624e+00,-3.801315561749642136e+00,-4.024922359499621294e+00,-3.130495168499705549e+00,-1.565247584249852775e+00,-3.801315561749642136e+00,-4.248529157249600452e+00,-3.577708763999663422e+00,-2.012461179749810647e+00,2.236067977499789639e-01,0.000000000000000000e+00,0.000000000000000000e+00,1.341640786499873839e+00,1.788854381999831711e+00,1.565247584249852775e+00,1.565247584249852775e+00,8.944271909999158554e-01,-4.472135954999579277e-01,-1.341640786499873839e+00,-8.944271909999158554e-01,-1.341640786499873839e+00,-2.906888370749726391e+00,-4.024922359499621294e+00,-4.695742752749557880e+00,-4.695742752749557880e+00,-4.248529157249600452e+00,-5.142956348249516196e+00,-5.142956348249516196e+00,-4.248529157249600452e+00,-3.354101966249684263e+00,-3.577708763999663422e+00,-4.919349550499537038e+00,-3.354101966249684263e+00,-2.236067977499789805e+00,-3.577708763999663422e+00,-4.024922359499621294e+00,-2.906888370749726391e+00,-2.906888370749726391e+00,-3.801315561749642136e+00,-4.472135954999579610e+00,-3.801315561749642136e+00,-3.130495168499705549e+00,-2.012461179749810647e+00,-2.683281572999747677e+00,-2.683281572999747677e+00,-1.118033988749894903e+00,-4.472135954999579277e-01,-6.708203932499369193e-01,1.788854381999831711e+00,4.472135954999579277e-01,2.236067977499789805e+00,2.683281572999747677e+00,3.130495168499705549e+00,2.683281572999747677e+00,2.906888370749726391e+00,2.683281572999747677e+00,1.788854381999831711e+00,1.565247584249852775e+00,2.236067977499789805e+00,1.341640786499873839e+00,1.341640786499873839e+00,2.236067977499789639e-01,-8.944271909999158554e-01,-2.683281572999747677e+00,-4.024922359499621294e+00,-2.906888370749726391e+00,-3.577708763999663422e+00,-3.130495168499705549e+00,-2.683281572999747677e+00,-2.906888370749726391e+00,-4.472135954999579610e+00,-2.683281572999747677e+00,-2.459674775249768519e+00,-1.341640786499873839e+00,-4.472135954999579277e-01,2.236067977499789639e-01,1.341640786499873839e+00,2.236067977499789639e-01,1.565247584249852775e+00,2.683281572999747677e+00,2.012461179749810647e+00,2.012461179749810647e+00,8.944271909999158554e-01,2.683281572999747677e+00,5.366563145999495354e+00,6.484597134749389369e+00,4.024922359499621294e+00,2.683281572999747677e+00,2.459674775249768519e+00,3.577708763999663422e+00,2.906888370749726391e+00,2.683281572999747677e+00,3.577708763999663422e+00,3.130495168499705549e+00,2.236067977499789805e+00,6.708203932499369193e-01,4.472135954999579277e-01,-1.565247584249852775e+00,0.000000000000000000e+00,4.472135954999579277e-01,0.000000000000000000e+00,-4.472135954999579277e-01,-8.944271909999158554e-01,-1.118033988749894903e+00,-2.012461179749810647e+00,-2.459674775249768519e+00,-1.788854381999831711e+00,-2.012461179749810647e+00,-3.354101966249684263e+00,-2.236067977499789805e+00,2.236067977499789639e-01,2.236067977499789639e-01,1.565247584249852775e+00,2.236067977499789805e+00,1.565247584249852775e+00,2.683281572999747677e+00,2.459674775249768519e+00,2.236067977499789805e+00,3.354101966249684263e+00,4.472135954999579610e+00,3.801315561749642136e+00,4.695742752749557880e+00,6.037383539249431941e+00,4.919349550499537038e+00,4.919349550499537038e+00,4.695742752749557880e+00,6.260990336999411099e+00,5.590169943749473624e+00,4.695742752749557880e+00,3.354101966249684263e+00,2.236067977499789805e+00,2.906888370749726391e+00,1.118033988749894903e+00,1.788854381999831711e+00,6.708203932499369193e-01,2.236067977499789639e-01,2.236067977499789805e+00
1.788854381999831711e+00,6.708203932499369193e-01,2.236067977499789639e-01,2.236067977499789639e-01,8.944271909999158554e-01,6.708203932499369193e-01,-8.944271909999158554e-01,1.788854381999831711e+00,2.236067977499789639e-01,2.683281572999747677e+00,3.801315561749642136e+00,4.919349550499537038e+00,4.024922359499621294e+00,3.577708763999663422e+00,4.472135954999579277e-01,0.000000000000000000e+00,-1.341640786499873839e+00,-4.472135954999579277e-01,-6.708203932499369193e-01,-1.118033988749894903e+00,-1.788854381999831711e+00,-8.944271909999158554e-01,4.472135954999579277e-01,-2.236067977499789639e-01,1.118033988749894903e+00,2.236067977499789639e-01,2.236067977499789805e+00,3.801315561749642136e+00,4.248529157249600452e+00,3.354101966249684263e+00,2.236067977499789805e+00,2.012461179749810647e+00,0.000000000000000000e+00,-2.459674775249768519e+00,-1.788854381999831711e+00,-2.236067977499789805e+00,-1.118033988749894903e+00,-1.565247584249852775e+00,-3.354101966249684263e+00,-2.906888370749726391e+00,-4.024922359499621294e+00,-4.919349550499537038e+00,-3.130495168499705549e+00,-2.459674775249768519e+00,-2.459674775249768519e+00,-2.236067977499789805e+00,-2.012461179749810647e+00,-3.130495168499705549e+00,-2.236067977499789805e+00,-8.944271909999158554e-01,-4.472135954999579277e-01,8.944271909999158554e-01,1.788854381999831711e+00,3.130495168499705549e+00,3.354101966249684263e+00,2.906888370749726391e+00,4.472135954999579610e+00,3.801315561749642136e+00,1.788854381999831711e+00,-6.708203932499369193e-01,1.341640786499873839e+00,1.341640786499873839e+00,-4.472135954999579277e-01,-2.236067977499789639e-01,2.236067977499789805e+00,3.354101966249684263e+00,3.354101966249684263e+00,2.459674775249768519e+00,1.788854381999831711e+00,2.236067977499789805e+00,2.459674775249768519e+00,6.708203932499369193e-01,-4.472135954999579277e-01,-2.683281572999747677e+00,-2.012461179749810647e+00,-3.130495168499705549e+00,-2.236067977499789805e+00,-1.341640786499873839e+00,6.708203932499369193e-01,-1.788854381999831711e+00,-1.565247584249852775e+00,-2.236067977499789805e+00,-2.459674775249768519e+00,-2.459674775249768519e+00,-2.236067977499789805e+00,-1.788854381999831711e+00,-3.130495168499705549e+00,-1.565247584249852775e+00,-2.236067977499789639e-01,2.236067977499789639e-01,-1.118033988749894903e+00,-4.472135954999579277e-01,-8.944271909999158554e-01,-6.708203932499369193e-01,-2.236067977499789639e-01,-1.341640786499873839e+00,-2.459674775249768519e+00,-3.801315561749642136e+00,-4.695742752749557880e+00,-3.801315561749642136e+00,-3.801315561749642136e+00,-5.366563145999495354e+00,-6.037383539249431941e+00,-4.248529157249600452e+00,-2.012461179749810647e+00,-2.459674775249768519e+00,-2.906888370749726391e+00,-3.130495168499705549e+00,-2.459674775249768519e+00,-2.459674775249768519e+00,-3.577708763999663422e+00,-2.683281572999747677e+00,-5.813776741499452783e+00,-6.708203932499368527e+00,-4.695742752749557880e+00,-6.260990336999411099e+00,-7.155417527999326843e+00,-6.708203932499368527e+00,-5.590169943749473624e+00,-7.379024325749306001e+00,-7.379024325749306001e+00,-7.379024325749306001e+00,-6.931810730249347685e+00,-7.155417527999326843e+00,-7.602631123499284271e+00,-5.813776741499452783e+00,-5.366563145999495354e+00,-5.366563145999495354e+00,-3.354101966249684263e+00,-3.354101966249684263e+00,-4.024922359499621294e+00,-3.577708763999663422e+00,-2.906888370749726391e+00,-1.788854381999831711e+00,-2.012461179749810647e+00,-2.683281572999747677e+00,-2.683281572999747677e+00,0.000000000000000000e+00,4.472135954999579277e-01,-1.118033988749894903e+00,-6.708203932499369193e-01,-1.788854381999831711e+00,6.708203932499369193e-01,1.788854381999831711e+00,1.341640786499873839e+00,3.130495168499705549e+00,1.788854381999831711e+00,2.459674775249768519e+00,1.341640786499873839e+00,2.236067977499789639e-01,-1.788854381999831711e+00,-6.708203932499369193e-01,-8.944271909999158554e-01,-6.708203932499369193e-01,-1.565247584249852775e+00,-2.012461179749810647e+00,-2.236067977499789805e+00,-2.683281572999747677e+00,-2.683281572999747677e+00,-1.788854381999831711e+00,-2.906888370749726391e+00,-2.236067977499789805e+00,-2.012461179749810647e+00,-1.341640786499873839e+00,-1.565247584249852775e+00,-1.788854381999831711e+00,-1.341640786499873839e+00,-3.130495168499705549e+00,-3.354101966249684263e+00,-2.236067977499789805e+00,-2.012461179749810647e+00,-1.565247584249852775e+00,-3.354101966249684263e+00,-4.695742752749557880e+00,-4.024922359499621294e+00,-2.459674775249768519e+00,-3.577708763999663422e+00,-2.459674775249768519e+00,-2.683281572999747677e+00,-4.695742752749557880e+00,-1.118033988749894903e+00,-1.341640786499873839e+00,-6.708203932499369193e-01,-1.341640786499873839e+00,-2.236067977499789805e+00,-1.565247584249852775e+00,-1.341640786499873839e+00,-1.565247584249852775e+00,-4.024922359499621294e+00,-4.024922359499621294e+00,-4.472135954999579610e+00,-5.366563145999495354e+00,-4.472135954999579610e+00,-5.590169943749473624e+00,-4.695742752749557880e+00,-2.459674775249768519e+00,-3.577708763999663422e+00,-4.024922359499621294e+00,-3.130495168499705549e+00,-1.565247584249852775e+00,2.236067977499789639e-01,-4.472135954999579277e-01,-1.341640786499873839e+00,0.000000000000000000e+00,4.472135954999579277e-01,6.708203932499369193e-01,2.236067977499789805e+00,4.472135954999579277e-01,2.459674775249768519e+00,-4.472135954999579277e-01,-8.944271909999158554e-01,0.000000000000000000e+00,4.472135954999579277e-01,-2.236067977499789639e-01,-1.788854381999831711e+00,-1.565247584249852775e+00,-8.944271909999158554e-01,-1.341640786499873839e+00,-8.944271909999158554e-01,6.708203932499369193e-01,-8.944271909999158554e-01,2.236067977499789639e-01,2.012461179749810647e+00,2.683281572999747677e+00,0.000000000000000000e+00,2.459674775249768519e+00,4.248529157249600452e+00,4.024922359499621294e+00,3.577708763999663422e+00,1.788854381999831711e+00,3.801315561749642136e+00,4.024922359499621294e+00,5.142956348249516196e+00,3.577708763999663422e+00,3.577708763999663422e+00,1.341640786499873839e+00,1.341640786499873839e+00,1.341640786499873839e+00,2.459674775249768519e+00,4.248529157249600452e+00,3.130495168499705549e+00,2.236067977499789805e+00,2.236067977499789805e+00,2.459674775249768519e+00,2.236067977499789805e+00,4.024922359499621294e+00,4.695742752749557880e+00,5.590169943749473624e+00,3.354101966249684263e+00,1.565247584249852775e+00,6.708203932499369193e-01,1.341640786499873839e+00,-2.683281572999747677e+00,-4.024922359499621294e+00,-5.813776741499452783e+00,-5.142956348249516196e+00,-4.472135954999579610e+00,-5.142956348249516196e+00,-6.260990336999411099e+00,-5.366563145999495354e+00,-6.931810730249347685e+00,-6.260990336999411099e+00,-6.037383539249431941e+00,-5.590169943749473624e+00,-4.024922359499621294e+00,-1.565247584249852775e+00,1.118033988749894903e+00,-1.565247584249852775e+00,-3.130495168499705549e+00,-2.683281572999747677e+00,-3.577708763999663422e+00,-3.577708763999663422e+00,-3.130495168499705549e+00,-1.565247584249852775e+00,2.236067977499789639e-01,-6.708203932499369193e-01,-1.118033988749894903e+00,-2.012461179749810647e+00,6.708203932499369193e-01,1.341640786499873839e+00,2.012461179749810647e+00,2.459674775249768519e+00,2.012461179749810647e+00,4.695742752749557880e+00,4.248529157249600452e+00,4.472135954999579610e+00,3.577708763999663422e+00,1.118033988749894903e+00,4.472135954999579277e-01,1.788854381999831711e+00,1.118033988749894903e+00,2.236067977499789639e-01,2.906888370749726391e+00,3.354101966249684263e+00,3.354101966249684263e+00,3.130495168499705549e+00,4.472135954999579610e+00,3.577708763999663422e+00,3.801315561749642136e+00,2.906888370749726391e+00,2.683281572999747677e+00,3.130495168499705549e+00,2.459674775249768519e+00,2.683281572999747677e+00,4.919349550499537038e+00,4.248529157249600452e+00,3.354101966249684263e+00,2.236067977499789805e+00,2.459674775249768519e+00,2.012461179749810647e+00,1.341640786499873839e+00,2.236067977499789805e+00,1.118033988749894903e+00,2.236067977499789639e-01,-1.565247584249852775e+00,-6.708203932499369193e-01,-1.341640786499873839e+00,-4.472135954999579277e-01,-6.708203932499369193e-01,-4.472135954999579277e-01,-4.472135954999579277e-01,-4.472135954999579277e-01,-2.236067977499789639e-01,2.236067977499789639e-01,1.341640786499873839e+00,3.577708763999663422e+00,2.683281572999747677e+00,3.354101966249684263e+00,4.024922359499621294e+00,1.565247584249852775e+00,4.472135954999579277e-01,4.472135954999579277e-01,2.236067977499789639e-01,4.472135954999579277e-01,2.236067977499789639e-01,-6.708203932499369193e-01,-6.708203932499369193e-01,-2.236067977499789639e-01,-2.236067977499789639e-01,-1.565247584249852775e+00,-8.944271909999158554e-01,-1.341640786499873839e+00,-2.906888370749726391e+00,-1.118033988749894903e+00,-2.012461179749810647e+00,-2.683281572999747677e+00,-2.012461179749810647e+00,-2.459674775249768519e+00,-3.801315561749642136e+00,-4.248529157249600452e+00,-5.590169943749473624e+00,-5.366563145999495354e+00,-4.919349550499537038e+00,-4.472135954999579610e+00,-4.472135954999579610e+00,-2.906888370749726391e+00,-1.788854381999831711e+00,-4.248529157249600452e+00,-5.366563145999495354e+00,-3.801315561749642136e+00,-3.354101966249684263e+00,-3.130495168499705549e+00,-3.577708763999663422e+00,-3.354101966249684263e+00,-4.248529157249600452e+00,-4.472135954999579610e+00,-3.801315561749642136e+00,-3.801315561749642136e+00,-2.906888370749726391e+00,-2.906888370749726391e+00,-5.142956348249516196e+00,-5.813776741499452783e+00,-4.695742752749557880e+00,-2.459674775249768519e+00,-2.459674775249768519e+00,-1.565247584249852775e+00,-2.236067977499789805e+00,6.708203932499369193e-01,6.708203932499369193e-01,6.708203932499369193e-01,-6.708203932499369193e-01,-4.472135954999579277e-01,-1.788854381999831711e+00,-2.459674775249768519e+00,-3.130495168499705549e+00,-4.248529157249600452e+00,-4.695742752749557880e+00,-3.801315561749642136e+00,-2.236067977499789639e-01,4.472135954999579277e-01,6.708203932499369193e-01,2.012461179749810647e+00,3.577708763999663422e+00,2.459674775249768519e+00,1.118033988749894903e+00,1.118033988749894903e+00,1.118033988749894903e+00,-8.944271909999158554e-01,-4.472135954999579277e-01,0.000000000000000000e+00,0.000000000000000000e+00,-1.341640786499873839e+00,-1.341640786499873839e+00,-1.118033988749894903e+00,1.118033988749894903e+00,2.459674775249768519e+00,1.565247584249852775e+00,4.472135954999579277e-01,4.472135954999579277e-01,3.577708763999663422e+00,1.565247584249852775e+00,2.236067977499789639e-01,4.472135954999579277e-01,-2.236067977499789639e-01,1.565247584249852775e+00,4.472135954999579277e-01,2.906888370749726391e+00,1.118033988749894903e+00,8.944271909999158554e-01,2.683281572999747677e+00,4.472135954999579277e-01,6.708203932499369193e-01,6.708203932499369193e-01,5.590169943749473624e+00,6.260990336999411099e+00,4.472135954999579610e+00,4.472135954999579610e+00,3.354101966249684263e+00,3.354101966249684263e+00,1.788854381999831711e+00,4.472135954999579610e+00,3.130495168499705549e+00,2.683281572999747677e+00,5.366563145999495354e+00,6.931810730249347685e+00,7.602631123499284271e+00,6.037383539249431941e+00,4.919349550499537038e+00,4.472135954999579610e+00,4.695742752749557880e+00,2.683281572999747677e+00,8.944271909999158554e-01,2.236067977499789639e-01,-1.118033988749894903e+00,-1.788854381999831711e+00,-1.118033988749894903e+00,-1.565247584249852775e+00,-2.459674775249768519e+00,-4.024922359499621294e+00,-4.919349550499537038e+00,-4.472135954999579610e+00,-5.366563145999495354e+00,-4.695742752749557880e+00,-6.037383539249431941e+00,-6.484597134749389369e+00,-6.037383539249431941e+00,-4.695742752749557880e+00,-4.919349550499537038e+00,-3.801315561749642136e+00,-3.801315561749642136e+00,-3.354101966249684263e+00,-3.354101966249684263e+00,2.236067977499789639e-01,-4.472135954999579277e-01,-2.012461179749810647e+00,-1.565247584249852775e+00,-1.788854381999831711e+00,-6.708203932499369193e-01,1.565247584249852775e+00,2.236067977499789805e+00,8.944271909999158554e-01,6.708203932499369193e-01,8.944271909999158554e-01,4.472135954999579277e-01,1.118033988749894903e+00,0.000000000000000000e+00,1.118033988749894903e+00,8.944271909999158554e-01,1.788854381999831711e+00,6.708203932499369193e-01,-2.236067977499789639e-01,4.472135954999579277e-01,-2.236067977499789639e-01,6.708203932499369193e-01,-2.236067977499789639e-01,0.000000000000000000e+00,-6.708203932499369193e-01,2.236067977499789639e-01,3.130495168499705549e+00,1.565247584249852775e+00,1.565247584249852775e+00,2.012461179749810647e+00,8.944271909999158554e-01,6.708203932499369193e-01,8.944271909999158554e-01,5.366563145999495354e+00,5.366563145999495354e+00,6.037383539249431941e+00,5.813776741499452783e+00,7.602631123499284271e+00
-2.459674775249768519e+00,-2.459674775249768519e+00,-1.565247584249852775e+00,-2.236067977499789805e+00,-1.118033988749894903e+00,-1.565247584249852775e+00,-2.459674775249768519e+00,-6.708203932499369193e-01,-4.472135954999579277e-01,-1.565247584249852775e+00,-6.708203932499369193e-01,-4.472135954999579277e-01,-8.944271909999158554e-01,-2.459674775249768519e+00,-3.577708763999663422e+00,-2.459674775249768519e+00,-4.472135954999579277e-01,-8.944271909999158554e-01,-3.130495168499705549e+00,-4.248529157249600452e+00,-4.919349550499537038e+00,-6.484597134749389369e+00,-7.379024325749306001e+00,-8.497058314499200904e+00,-6.484597134749389369e+00,-6.708203932499368527e+00,-6.037383539249431941e+00,-5.142956348249516196e+00,-3.354101966249684263e+00,-4.472135954999579610e+00,-1.565247584249852775e+00,-3.130495168499705549e+00,-3.354101966249684263e+00,-1.788854381999831711e+00,-1.118033988749894903e+00,6.708203932499369193e-01,2.236067977499789639e-01,-1.565247584249852775e+00,-3.801315561749642136e+00,-3.577708763999663422e+00,-2.236067977499789805e+00,6.708203932499369193e-01,2.236067977499789639e-01,6.708203932499369193e-01,0.000000000000000000e+00,-2.236067977499789639e-01,0.000000000000000000e+00,-2.236067977499789639e-01,-2.459674775249768519e+00,-3.130495168499705549e+00,-3.130495168499705549e+00,-2.459674775249768519e+00,-2.683281572999747677e+00,-2.906888370749726391e+00,-3.130495168499705549e+00,-1.565247584249852775e+00,-2.906888370749726391e+00,-1.341640786499873839e+00,-6.708203932499369193e-01,-2.012461179749810647e+00,-1.565247584249852775e+00,-2.012461179749810647e+00,-2.012461179749810647e+00,-8.944271909999158554e-01,-6.708203932499369193e-01,-1.118033988749894903e+00,-4.472135954999579277e-01,-2.236067977499789639e-01,6.708203932499369193e-01,2.236067977499789639e-01,1.565247584249852775e+00,2.459674775249768519e+00,1.788854381999831711e+00,-4.472135954999579277e-01,0.000000000000000000e+00,4.472135954999579277e-01,-6.708203932499369193e-01,-4.472135954999579277e-01,-2.236067977499789639e-01,0.000000000000000000e+00,-4.472135954999579277e-01,-1.788854381999831711e+00,-4.472135954999579277e-01,-4.472135954999579277e-01,-2.236067977499789805e+00,-2.459674775249768519e+00,-2.236067977499789805e+00,-1.118033988749894903e+00,-1.788854381999831711e+00,-2.459674775249768519e+00,-1.341640786499873839e+00,-8.944271909999158554e-01,0.000000000000000000e+00,1.565247584249852775e+00,2.236067977499789805e+00,2.906888370749726391e+00,2.236067977499789805e+00,3.354101966249684263e+00,2.012461179749810647e+00,1.118033988749894903e+00,4.472135954999579277e-01,-1.788854381999831711e+00,-1.565247584249852775e+00,-3.354101966249684263e+00,-2.459674775249768519e+00,-2.236067977499789639e-01,-8.944271909999158554e-01,-6.708203932499369193e-01,-1.341640786499873839e+00,-6.708203932499369193e-01,1.788854381999831711e+00,2.236067977499789805e+00,2.012461179749810647e+00,-2.236067977499789639e-01,-8.944271909999158554e-01,6.708203932499369193e-01,6.708203932499369193e-01,-4.472135954999579277e-01,-4.472135954999579277e-01,2.236067977499789639e-01,-1.118033988749894903e+00,-1.118033988749894903e+00,-2.012461179749810647e+00,-3.130495168499705549e+00,-5.366563145999495354e+00,-4.919349550499537038e+00,-4.248529157249600452e+00,-3.130495168499705549e+00,-4.472135954999579610e+00,-6.708203932499368527e+00,-7.602631123499284271e+00,-6.931810730249347685e+00,-6.037383539249431941e+00,-4.919349550499537038e+00,-4.919349550499537038e+00,-2.459674775249768519e+00,-2.906888370749726391e+00,-3.130495168499705549e+00,-2.683281572999747677e+00,-2.236067977499789805e+00,-2.683281572999747677e+00,0.000000000000000000e+00,6.708203932499369193e-01,-4.472135954999579277e-01,1.118033988749894903e+00,1.341640786499873839e+00,2.906888370749726391e+00,1.565247584249852775e+00,1.788854381999831711e+00,6.708203932499369193e-01,4.472135954999579277e-01,-6.708203932499369193e-01,1.341640786499873839e+00,6.708203932499369193e-01,6.708203932499369193e-01,4.472135954999579277e-01,-4.472135954999579277e-01,6.708203932499369193e-01,1.341640786499873839e+00,3.577708763999663422e+00,3.354101966249684263e+00,3.801315561749642136e+00,4.024922359499621294e+00,5.366563145999495354e+00,6.260990336999411099e+00,5.366563145999495354e+00,4.472135954999579610e+00,2.683281572999747677e+00,1.118033988749894903e+00,-6.708203932499369193e-01,6.708203932499369193e-01,0.000000000000000000e+00,8.944271909999158554e-01,4.024922359499621294e+00,4.024922359499621294e+00,2.906888370749726391e+00,3.577708763999663422e+00,3.801315561749642136e+00,3.354101966249684263e+00,2.906888370749726391e+00,5.590169943749473624e+00,5.366563145999495354e+00,4.024922359499621294e+00,5.142956348249516196e+00,4.695742752749557880e+00,4.472135954999579610e+00,2.906888370749726391e+00,3.130495168499705549e+00,1.788854381999831711e+00,1.118033988749894903e+00,2.683281572999747677e+00,2.683281572999747677e+00,2.236067977499789805e+00,2.236067977499789639e-01,-2.236067977499789639e-01,-2.012461179749810647e+00,-1.565247584249852775e+00,-2.683281572999747677e+00,-2.012461179749810647e+00,-1.118033988749894903e+00,4.472135954999579277e-01,1.788854381999831711e+00,6.708203932499369193e-01,6.708203932499369193e-01,2.012461179749810647e+00,3.130495168499705549e+00,5.366563145999495354e+00,4.919349550499537038e+00,6.037383539249431941e+00,6.037383539249431941e+00,6.484597134749389369e+00,7.155417527999326843e+00,5.813776741499452783e+00,4.472135954999579610e+00,4.024922359499621294e+00,5.142956348249516196e+00,6.037383539249431941e+00,5.142956348249516196e+00,5.142956348249516196e+00,3.354101966249684263e+00,5.142956348249516196e+00,4.472135954999579610e+00,4.024922359499621294e+00,3.130495168499705549e+00,2.683281572999747677e+00,2.236067977499789805e+00,1.565247584249852775e+00,-1.788854381999831711e+00,-1.118033988749894903e+00,-1.565247584249852775e+00,-2.236067977499789805e+00,-3.354101966249684263e+00,-3.577708763999663422e+00,-3.577708763999663422e+00,-3.801315561749642136e+00,-4.695742752749557880e+00,-3.577708763999663422e+00,-2.012461179749810647e+00,-2.236067977499789805e+00,-8.944271909999158554e-01,-3.130495168499705549e+00,-5.142956348249516196e+00,-4.695742752749557880e+00,-3.354101966249684263e+00,-1.788854381999831711e+00,-2.906888370749726391e+00,-2.683281572999747677e+00,-1.565247584249852775e+00,-2.012461179749810647e+00,-1.118033988749894903e+00,-6.708203932499369193e-01,-1.565247584249852775e+00,-1.341640786499873839e+00,-1.565247584249852775e+00,-2.236067977499789805e+00,-2.459674775249768519e+00,-2.236067977499789805e+00,4.472135954999579277e-01,-6.708203932499369193e-01,-1.565247584249852775e+00,-4.472135954999579277e-01,6.708203932499369193e-01,-6.708203932499369193e-01,4.472135954999579277e-01,-2.236067977499789639e-01,-2.906888370749726391e+00,-2.906888370749726391e+00,-2.012461179749810647e+00,-1.788854381999831711e+00,-2.683281572999747677e+00,-1.788854381999831711e+00,-2.459674775249768519e+00,-3.577708763999663422e+00,-4.472135954999579610e+00,-3.801315561749642136e+00,-2.236067977499789805e+00,-1.118033988749894903e+00,-2.236067977499789639e-01,6.708203932499369193e-01,4.472135954999579277e-01,8.944271909999158554e-01,4.472135954999579277e-01,-6.708203932499369193e-01,0.000000000000000000e+00,-2.236067977499789639e-01,-8.944271909999158554e-01,-6.708203932499369193e-01,-2.236067977499789805e+00,-1.118033988749894903e+00,-4.472135954999579277e-01,-1.341640786499873839e+00,-2.459674775249768519e+00,-2.459674775249768519e+00,-3.577708763999663422e+00,-1.565247584249852775e+00,-1.565247584249852775e+00,-2.012461179749810647e+00,-4.024922359499621294e+00,-2.906888370749726391e+00,-5.590169943749473624e+00,-7.826237921249263430e+00,-6.931810730249347685e+00,-8.720665112249179174e+00,-7.826237921249263430e+00,-9.391485505499115760e+00,-9.167878707749137490e+00,-7.379024325749306001e+00,-7.602631123499284271e+00,-8.049844718999242588e+00,-9.391485505499115760e+00,-9.167878707749137490e+00,-7.826237921249263430e+00,-6.037383539249431941e+00,-4.024922359499621294e+00,-3.130495168499705549e+00,-8.944271909999158554e-01,-2.459674775249768519e+00,-3.801315561749642136e+00,-4.919349550499537038e+00,-4.024922359499621294e+00,-4.024922359499621294e+00,-3.577708763999663422e+00,-2.012461179749810647e+00,-2.012461179749810647e+00,-2.236067977499789639e-01,-2.236067977499789639e-01,1.341640786499873839e+00,-1.118033988749894903e+00,1.788854381999831711e+00,1.788854381999831711e+00,1.341640786499873839e+00,2.683281572999747677e+00,2.683281572999747677e+00,4.024922359499621294e+00,4.472135954999579610e+00,3.801315561749642136e+00,3.577708763999663422e+00,2.906888370749726391e+00,2.012461179749810647e+00,1.118033988749894903e+00,8.944271909999158554e-01,-4.472135954999579277e-01,-1.118033988749894903e+00,-2.236067977499789639e-01,1.341640786499873839e+00,1.565247584249852775e+00,3.130495168499705549e+00,5.366563145999495354e+00,4.695742752749557880e+00,2.012461179749810647e+00,8.944271909999158554e-01,0.000000000000000000e+00,-2.236067977499789639e-01,2.459674775249768519e+00,6.708203932499369193e-01,2.012461179749810647e+00,1.788854381999831711e+00,2.236067977499789805e+00,2.683281572999747677e+00,2.906888370749726391e+00,8.944271909999158554e-01,1.118033988749894903e+00,-1.118033988749894903e+00,-2.459674775249768519e+00,-3.354101966249684263e+00,-3.354101966249684263e+00,-2.906888370749726391e+00,2.236067977499789639e-01,-6.708203932499369193e-01,-2.236067977499789805e+00,-2.012461179749810647e+00,-3.354101966249684263e+00,-3.577708763999663422e+00,-1.341640786499873839e+00,-2.459674775249768519e+00,-4.919349550499537038e+00,-4.472135954999579610e+00,-3.130495168499705549e+00,-2.459674775249768519e+00,-2.459674775249768519e+00,-1.118033988749894903e+00,-1.341640786499873839e+00,-4.472135954999579277e-01,1.341640786499873839e+00,1.788854381999831711e+00,2.236067977499789805e+00,1.118033988749894903e+00,8.944271909999158554e-01,1.341640786499873839e+00,2.236067977499789639e-01,4.472135954999579277e-01,1.341640786499873839e+00,1.118033988749894903e+00,0.000000000000000000e+00,1.118033988749894903e+00,-2.236067977499789639e-01,1.341640786499873839e+00,4.695742752749557880e+00,2.012461179749810647e+00,4.472135954999579610e+00,4.248529157249600452e+00,3.801315561749642136e+00,2.683281572999747677e+00,2.459674775249768519e+00,4.248529157249600452e+00,5.590169943749473624e+00,6.484597134749389369e+00,6.931810730249347685e+00,5.813776741499452783e+00,2.459674775249768519e+00,2.459674775249768519e+00,2.236067977499789639e-01,-4.472135954999579277e-01,2.236067977499789805e+00,4.024922359499621294e+00,4.695742752749557880e+00,5.366563145999495354e+00,4.248529157249600452e+00,5.366563145999495354e+00,2.459674775249768519e+00,3.354101966249684263e+00,1.565247584249852775e+00,2.236067977499789805e+00,2.459674775249768519e+00,3.130495168499705549e+00,4.024922359499621294e+00,4.248529157249600452e+00,2.906888370749726391e+00,3.577708763999663422e+00,2.683281572999747677e+00,6.708203932499369193e-01,-6.708203932499369193e-01,-4.472135954999579277e-01,1.341640786499873839e+00,1.118033988749894903e+00,1.341640786499873839e+00,8.944271909999158554e-01,-2.236067977499789639e-01,-4.472135954999579277e-01,-3.354101966249684263e+00,-1.788854381999831711e+00,-2.012461179749810647e+00,4.472135954999579277e-01,-1.788854381999831711e+00,-6.708203932499369193e-01,2.236067977499789639e-01,-6.708203932499369193e-01,-3.577708763999663422e+00,-3.801315561749642136e+00,-4.248529157249600452e+00,-2.459674775249768519e+00,-3.577708763999663422e+00,-4.248529157249600452e+00,-4.472135954999579610e+00,-2.459674775249768519e+00,-3.130495168499705549e+00,-1.565247584249852775e+00,-2.459674775249768519e+00,-1.788854381999831711e+00,-1.341640786499873839e+00,-1.565247584249852775e+00,-1.118033988749894903e+00,-2.236067977499789639e-01,-2.236067977499789639e-01,-1.341640786499873839e+00,-1.788854381999831711e+00,-2.236067977499789805e+00,-2.012461179749810647e+00,-3.354101966249684263e+00,-2.459674775249768519e+00,-4.472135954999579610e+00,-3.801315561749642136e+00,-2.236067977499789805e+00,-1.341640786499873839e+00,-8.944271909999158554e-01,-8.944271909999158554e-01,-1.788854381999831711e+00,-2.236067977499789639e-01,8.944271909999158554e-01,2.012461179749810647e+00,3.354101966249684263e+00,3.130495168499705549e+00,2.906888370749726391e+00,2.683281572999747677e+00,3.130495168499705549e+00,4.472135954999579610e+00,5.813776741499452783e+00,4.024922359499621294e+00,3.354101966249684263e+00,2.459674775249768519e+00,1.565247584249852775e+00,2.683281572999747677e+00,2.906888370749726391e+00,2.012461179749810647e+00,6.708203932499369193e-01,2.012461179749810647e+00,1.118033988749894903e+00,-8.944271909999158554e-01,8.944271909999158554e-01,6.708203932499369193e-01
-1.006230589874905235e+01,-8.049844718999242588e+00,-7.602631123499284271e+00,-7.155417527999326843e+00,-6.708203932499368527e+00,-4.919349550499537038e+00,-4.024922359499621294e+00,-3.354101966249684263e+00,-4.248529157249600452e+00,-3.577708763999663422e+00,-4.472135954999579610e+00,-6.708203932499368527e+00,-5.590169943749473624e+00,-4.919349550499537038e+00,-5.366563145999495354e+00,-5.813776741499452783e+00,-4.024922359499621294e+00,-2.906888370749726391e+00,-2.236067977499789805e+00,-4.919349550499537038e+00,-6.260990336999411099e+00,-6.708203932499368527e+00,-6.708203932499368527e+00,-7.826237921249263430e+00,-9.167878707749137490e+00,-7.155417527999326843e+00,-7.155417527999326843e+00,-7.155417527999326843e+00,-6.037383539249431941e+00,-4.472135954999579610e+00,-4.024922359499621294e+00,-3.130495168499705549e+00,-2.012461179749810647e+00,-6.708203932499369193e-01,-2.236067977499789639e-01,8.944271909999158554e-01,-2.236067977499789639e-01,-8.944271909999158554e-01,-4.472135954999579277e-01,-4.472135954999579277e-01,-4.472135954999579277e-01,4.472135954999579277e-01,4.472135954999579277e-01,8.944271909999158554e-01,8.944271909999158554e-01,8.944271909999158554e-01,-1.565247584249852775e+00,-1.118033988749894903e+00,4.472135954999579277e-01,8.944271909999158554e-01,2.236067977499789639e-01,1.788854381999831711e+00,2.459674775249768519e+00,2.906888370749726391e+00,2.236067977499789805e+00,1.788854381999831711e+00,1.118033988749894903e+00,-6.708203932499369193e-01,2.012461179749810647e+00,1.788854381999831711e+00,3.130495168499705549e+00,3.354101966249684263e+00,3.354101966249684263e+00,3.130495168499705549e+00,3.354101966249684263e+00,3.130495168499705549e+00,2.906888370749726391e+00,4.919349550499537038e+00,2.236067977499789805e+00,2.236067977499789639e-01,2.236067977499789805e+00,2.459674775249768519e+00,1.788854381999831711e+00,4.472135954999579277e-01,6.708203932499369193e-01,-6.708203932499369193e-01,-1.565247584249852775e+00,2.236067977499789639e-01,2.906888370749726391e+00,4.695742752749557880e+00,4.919349550499537038e+00,3.577708763999663422e+00,2.459674775249768519e+00,1.788854381999831711e+00,2.683281572999747677e+00,3.577708763999663422e+00,5.590169943749473624e+00,6.708203932499368527e+00,7.379024325749306001e+00,7.826237921249263430e+00,8.049844718999242588e+00,9.391485505499115760e+00,8.497058314499200904e+00,7.826237921249263430e+00,7.379024325749306001e+00,6.931810730249347685e+00,6.037383539249431941e+00,6.260990336999411099e+00,4.695742752749557880e+00,4.472135954999579610e+00,3.577708763999663422e+00,2.683281572999747677e+00,2.236067977499789805e+00,2.683281572999747677e+00,2.012461179749810647e+00,2.459674775249768519e+00,3.801315561749642136e+00,5.590169943749473624e+00,4.695742752749557880e+00,3.577708763999663422e+00,3.801315561749642136e+00,4.024922359499621294e+00,4.248529157249600452e+00,4.024922359499621294e+00,3.130495168499705549e+00,0.000000000000000000e+00,6.708203932499369193e-01,-1.565247584249852775e+00,0.000000000000000000e+00,2.236067977499789639e-01,6.708203932499369193e-01,4.472135954999579277e-01,-1.341640786499873839e+00,4.472135954999579277e-01,2.459674775249768519e+00,4.248529157249600452e+00,2.012461179749810647e+00,6.708203932499369193e-01,8.944271909999158554e-01,0.000000000000000000e+00,-2.236067977499789639e-01,4.472135954999579277e-01,-4.472135954999579277e-01,-4.472135954999579277e-01,2.236067977499789639e-01,-4.472135954999579277e-01,-8.944271909999158554e-01,0.000000000000000000e+00,3.354101966249684263e+00,3.801315561749642136e+00,2.236067977499789805e+00,2.236067977499789805e+00,2.012461179749810647e+00,3.577708763999663422e+00,4.024922359499621294e+00,2.683281572999747677e+00,3.801315561749642136e+00,3.577708763999663422e+00,3.577708763999663422e+00,3.801315561749642136e+00,1.341640786499873839e+00,-2.236067977499789639e-01,-2.236067977499789639e-01,-2.236067977499789639e-01,2.236067977499789639e-01,-4.472135954999579277e-01,4.472135954999579277e-01,2.236067977499789639e-01,-2.236067977499789639e-01,8.944271909999158554e-01,6.708203932499369193e-01,2.236067977499789639e-01,8.944271909999158554e-01,2.459674775249768519e+00,1.341640786499873839e+00,4.472135954999579610e+00,4.024922359499621294e+00,2.683281572999747677e+00,4.024922359499621294e+00,6.037383539249431941e+00,3.801315561749642136e+00,3.130495168499705549e+00,3.130495168499705549e+00,3.130495168499705549e+00,1.565247584249852775e+00,1.341640786499873839e+00,1.788854381999831711e+00,2.459674775249768519e+00,1.118033988749894903e+00,0.000000000000000000e+00,-2.236067977499789639e-01,4.472135954999579277e-01,6.708203932499369193e-01,1.788854381999831711e+00,1.341640786499873839e+00,2.012461179749810647e+00,2.236067977499789805e+00,2.236067977499789805e+00,4.472135954999579610e+00,2.236067977499789805e+00,1.341640786499873839e+00,2.236067977499789805e+00,2.683281572999747677e+00,2.236067977499789805e+00,6.708203932499369193e-01,6.708203932499369193e-01,-1.341640786499873839e+00,2.236067977499789639e-01,6.708203932499369193e-01,6.708203932499369193e-01,1.788854381999831711e+00,1.788854381999831711e+00,2.012461179749810647e+00,8.944271909999158554e-01,-2.236067977499789639e-01,2.236067977499789639e-01,1.118033988749894903e+00,3.354101966249684263e+00,1.565247584249852775e+00,2.906888370749726391e+00,2.012461179749810647e+00,3.354101966249684263e+00,1.788854381999831711e+00,2.459674775249768519e+00,3.130495168499705549e+00,3.577708763999663422e+00,4.919349550499537038e+00,4.695742752749557880e+00,5.813776741499452783e+00,4.919349550499537038e+00,2.906888370749726391e+00,2.236067977499789805e+00,1.341640786499873839e+00,1.118033988749894903e+00,1.118033988749894903e+00,2.459674775249768519e+00,2.683281572999747677e+00,2.459674775249768519e+00,2.683281572999747677e+00,3.354101966249684263e+00,2.459674775249768519e+00,3.130495168499705549e+00,4.024922359499621294e+00,2.906888370749726391e+00,2.012461179749810647e+00,2.683281572999747677e+00,1.341640786499873839e+00,1.788854381999831711e+00,2.683281572999747677e+00,3.354101966249684263e+00,2.012461179749810647e+00,6.708203932499369193e-01,-6.708203932499369193e-01,1.565247584249852775e+00,-1.341640786499873839e+00,0.000000000000000000e+00,1.565247584249852775e+00,6.708203932499369193e-01,2.459674775249768519e+00,3.354101966249684263e+00,2.683281572999747677e+00,3.577708763999663422e+00,5.142956348249516196e+00,4.695742752749557880e+00,2.906888370749726391e+00,5.142956348249516196e+00,4.919349550499537038e+00,3.130495168499705549e+00,1.565247584249852775e+00,1.788854381999831711e+00,1.118033988749894903e+00,2.236067977499789805e+00,6.708203932499369193e-01,2.459674775249768519e+00,1.341640786499873839e+00,1.565247584249852775e+00,2.683281572999747677e+00,6.708203932499369193e-01,0.000000000000000000e+00,0.000000000000000000e+00,6.708203932499369193e-01,0.000000000000000000e+00,-1.341640786499873839e+00,-3.130495168499705549e+00,-3.354101966249684263e+00,-1.118033988749894903e+00,-1.341640786499873839e+00,-1.565247584249852775e+00,-2.683281572999747677e+00,-3.130495168499705549e+00,-3.801315561749642136e+00,-5.142956348249516196e+00,-4.248529157249600452e+00,-3.354101966249684263e+00,-4.248529157249600452e+00,-4.695742752749557880e+00,-2.459674775249768519e+00,-2.683281572999747677e+00,-3.354101966249684263e+00,-5.590169943749473624e+00,-5.366563145999495354e+00,-5.590169943749473624e+00,-4.024922359499621294e+00,-5.142956348249516196e+00,-5.590169943749473624e+00,-5.590169943749473624e+00,-4.248529157249600452e+00,-2.459674775249768519e+00,-4.695742752749557880e+00,-2.906888370749726391e+00,-6.260990336999411099e+00,-6.037383539249431941e+00,-6.260990336999411099e+00,-5.813776741499452783e+00,-5.142956348249516196e+00,-5.142956348249516196e+00,-3.130495168499705549e+00,-4.024922359499621294e+00,-4.695742752749557880e+00,-4.695742752749557880e+00,-3.354101966249684263e+00,-2.906888370749726391e+00,-2.459674775249768519e+00,-2.236067977499789805e+00,-2.012461179749810647e+00,-2.236067977499789639e-01,-8.944271909999158554e-01,1.788854381999831711e+00,1.341640786499873839e+00,2.236067977499789805e+00,8.944271909999158554e-01,2.236067977499789805e+00,3.354101966249684263e+00,2.906888370749726391e+00,2.012461179749810647e+00,3.354101966249684263e+00,4.919349550499537038e+00,3.801315561749642136e+00,3.801315561749642136e+00,5.142956348249516196e+00,5.590169943749473624e+00,4.919349550499537038e+00,5.590169943749473624e+00,6.037383539249431941e+00,5.142956348249516196e+00,5.142956348249516196e+00,5.590169943749473624e+00,6.708203932499368527e+00,5.142956348249516196e+00,3.130495168499705549e+00,3.577708763999663422e+00,3.130495168499705549e+00,3.354101966249684263e+00,3.801315561749642136e+00,4.695742752749557880e+00,4.695742752749557880e+00,5.366563145999495354e+00,6.708203932499368527e+00,4.919349550499537038e+00,6.037383539249431941e+00,5.590169943749473624e+00,6.931810730249347685e+00,5.813776741499452783e+00,6.260990336999411099e+00,6.037383539249431941e+00,3.801315561749642136e+00,2.459674775249768519e+00,3.130495168499705549e+00,3.577708763999663422e+00,2.906888370749726391e+00,4.695742752749557880e+00,5.142956348249516196e+00,3.354101966249684263e+00,3.130495168499705549e+00,4.248529157249600452e+00,3.130495168499705549e+00,2.459674775249768519e+00,3.354101966249684263e+00,4.695742752749557880e+00,5.590169943749473624e+00,5.590169943749473624e+00,3.577708763999663422e+00,4.248529157249600452e+00,2.683281572999747677e+00,3.354101966249684263e+00,2.906888370749726391e+00,2.459674775249768519e+00,1.565247584249852775e+00,1.788854381999831711e+00,2.459674775249768519e+00,8.944271909999158554e-01,2.236067977499789639e-01,0.000000000000000000e+00,-1.788854381999831711e+00,-1.341640786499873839e+00,-1.341640786499873839e+00,-2.012461179749810647e+00,-8.944271909999158554e-01,-2.459674775249768519e+00,-3.354101966249684263e+00,-2.236067977499789805e+00,-8.944271909999158554e-01,-2.012461179749810647e+00,-4.472135954999579277e-01,2.236067977499789639e-01,4.472135954999579277e-01,-1.118033988749894903e+00,-4.472135954999579277e-01,-6.708203932499369193e-01,1.341640786499873839e+00,2.236067977499789639e-01,-1.118033988749894903e+00,-2.236067977499789805e+00,-1.118033988749894903e+00,-1.341640786499873839e+00,-6.708203932499369193e-01,-6.708203932499369193e-01,-6.708203932499369193e-01,2.236067977499789639e-01,2.236067977499789639e-01,8.944271909999158554e-01,0.000000000000000000e+00,-4.472135954999579277e-01,-4.472135954999579277e-01,2.236067977499789639e-01,3.801315561749642136e+00,2.459674775249768519e+00,3.354101966249684263e+00,3.130495168499705549e+00,2.906888370749726391e+00,2.906888370749726391e+00,8.944271909999158554e-01,-4.472135954999579277e-01,0.000000000000000000e+00,6.708203932499369193e-01,2.906888370749726391e+00,2.906888370749726391e+00,3.130495168499705549e+00,2.683281572999747677e+00,3.130495168499705549e+00,4.024922359499621294e+00,4.919349550499537038e+00,5.142956348249516196e+00,5.590169943749473624e+00,5.142956348249516196e+00,4.472135954999579610e+00,4.919349550499537038e+00,6.037383539249431941e+00,3.577708763999663422e+00,4.248529157249600452e+00,4.919349550499537038e+00,6.260990336999411099e+00,3.354101966249684263e+00,3.801315561749642136e+00,3.354101966249684263e+00,3.801315561749642136e+00,4.472135954999579610e+00,5.142956348249516196e+00,6.037383539249431941e+00,4.695742752749557880e+00,4.248529157249600452e+00,6.037383539249431941e+00,3.801315561749642136e+00,2.459674775249768519e+00,3.130495168499705549e+00,2.236067977499789805e+00,1.118033988749894903e+00,-6.708203932499369193e-01,-2.012461179749810647e+00,-1.788854381999831711e+00,-1.788854381999831711e+00,0.000000000000000000e+00,-1.565247584249852775e+00,-1.788854381999831711e+00,-3.354101966249684263e+00,-3.130495168499705549e+00,-3.354101966249684263e+00,-4.695742752749557880e+00,-5.366563145999495354e+00,-5.142956348249516196e+00,-3.130495168499705549e+00,-2.906888370749726391e+00,-4.248529157249600452e+00,-4.024922359499621294e+00,-3.130495168499705549e+00,-3.801315561749642136e+00,-1.341640786499873839e+00,-2.012461179749810647e+00,-3.354101966249684263e+00,-1.341640786499873839e+00,-8.944271909999158554e-01,-8.944271909999158554e-01,-6.708203932499369193e-01,-6.708203932499369193e-01,-1.788854381999831711e+00,-1.341640786499873839e+00,-8.944271909999158554e-01,-2.012461179749810647e+00,-1.118033988749894903e+00,-8.944271909999158554e-01,-1.341640786499873839e+00,-4.472135954999579277e-01,1.341640786499873839e+00,4.472135954999579277e-01,2.683281572999747677e+00,3.130495168499705549e+00,2.236067977499789805e+00,2.683281572999747677e+00,2.236067977499789805e+00,2.236067977499789805e+00
4.472135954999579277e-01,2.236067977499789639e-01,-2.236067977499789639e-01,1.118033988749894903e+00,4.472135954999579277e-01,-4.472135954999579277e-01,2.236067977499789639e-01,8.944271909999158554e-01,2.683281572999747677e+00,4.024922359499621294e+00,2.459674775249768519e+00,3.801315561749642136e+00,5.813776741499452783e+00,4.695742752749557880e+00,4.695742752749557880e+00,2.459674775249768519e+00,3.577708763999663422e+00,5.813776741499452783e+00,4.248529157249600452e+00,6.484597134749389369e+00,6.708203932499368527e+00,7.155417527999326843e+00,5.142956348249516196e+00,4.024922359499621294e+00,2.683281572999747677e+00,1.565247584249852775e+00,4.472135954999579277e-01,-6.708203932499369193e-01,-1.118033988749894903e+00,-8.944271909999158554e-01,-4.472135954999579277e-01,-2.236067977499789639e-01,8.944271909999158554e-01,-1.341640786499873839e+00,-4.472135954999579277e-01,-2.236067977499789639e-01,-1.341640786499873839e+00,-3.354101966249684263e+00,-3.130495168499705549e+00,-2.906888370749726391e+00,-1.788854381999831711e+00,-4.472135954999579277e-01,2.236067977499789639e-01,3.130495168499705549e+00,5.366563145999495354e+00,3.801315561749642136e+00,3.354101966249684263e+00,2.459674775249768519e+00,1.341640786499873839e+00,2.459674775249768519e+00,3.130495168499705549e+00,4.919349550499537038e+00,4.919349550499537038e+00,5.366563145999495354e+00,3.801315561749642136e+00,3.354101966249684263e+00,4.024922359499621294e+00,2.459674775249768519e+00,2.683281572999747677e+00,3.130495168499705549e+00,2.012461179749810647e+00,3.577708763999663422e+00,1.788854381999831711e+00,2.012461179749810647e+00,3.577708763999663422e+00,3.801315561749642136e+00,2.906888370749726391e+00,2.236067977499789805e+00,1.341640786499873839e+00,2.012461179749810647e+00,4.472135954999579277e-01,1.118033988749894903e+00,1.565247584249852775e+00,2.906888370749726391e+00,4.919349550499537038e+00,4.248529157249600452e+00,2.683281572999747677e+00,6.708203932499369193e-01,1.118033988749894903e+00,4.472135954999579277e-01,8.944271909999158554e-01,1.788854381999831711e+00,2.459674775249768519e+00,2.459674775249768519e+00,1.118033988749894903e+00,8.944271909999158554e-01,1.341640786499873839e+00,4.472135954999579277e-01,-2.236067977499789639e-01,-6.708203932499369193e-01,-1.565247584249852775e+00,-3.354101966249684263e+00,-3.130495168499705549e+00,-2.012461179749810647e+00,-1.341640786499873839e+00,-2.236067977499789639e-01,0.000000000000000000e+00,4.472135954999579277e-01,-1.788854381999831711e+00,-4.248529157249600452e+00,-4.695742752749557880e+00,-5.142956348249516196e+00,-5.366563145999495354e+00,-3.801315561749642136e+00,-3.130495168499705549e+00,-1.118033988749894903e+00,-1.341640786499873839e+00,-2.012461179749810647e+00,-3.577708763999663422e+00,-2.906888370749726391e+00,0.000000000000000000e+00,-2.236067977499789639e-01,-4.472135954999579277e-01,-8.944271909999158554e-01,2.236067977499789639e-01,-1.341640786499873839e+00,-1.565247584249852775e+00,0.000000000000000000e+00,-4.472135954999579277e-01,-1.341640786499873839e+00,2.236067977499789639e-01,-4.472135954999579277e-01,-4.472135954999579277e-01,-1.118033988749894903e+00,-1.788854381999831711e+00,-2.012461179749810647e+00,-4.695742752749557880e+00,-4.695742752749557880e+00,-3.577708763999663422e+00,-3.354101966249684263e+00,-3.577708763999663422e+00,-2.906888370749726391e+00,-3.354101966249684263e+00,-2.459674775249768519e+00,-1.788854381999831711e+00,-1.788854381999831711e+00,-2.012461179749810647e+00,-1.788854381999831711e+00,-4.024922359499621294e+00,-4.919349550499537038e+00,-4.919349550499537038e+00,-4.695742752749557880e+00,-3.130495168499705549e+00,-1.788854381999831711e+00,-3.354101966249684263e+00,-4.024922359499621294e+00,-4.695742752749557880e+00,-4.472135954999579610e+00,-2.683281572999747677e+00,-3.577708763999663422e+00,-2.906888370749726391e+00,-3.130495168499705549e+00,-4.024922359499621294e+00,-3.130495168499705549e+00,-2.683281572999747677e+00,-2.683281572999747677e+00,-2.012461179749810647e+00,-4.248529157249600452e+00,-3.577708763999663422e+00,-1.565247584249852775e+00,-1.341640786499873839e+00,-1.788854381999831711e+00,-4.248529157249600452e+00,-4.024922359499621294e+00,-2.236067977499789805e+00,-3.801315561749642136e+00,-2.459674775249768519e+00,-2.012461179749810647e+00,-3.577708763999663422e+00,-4.248529157249600452e+00,-2.459674775249768519e+00,-2.459674775249768519e+00,-8.944271909999158554e-01,-6.708203932499369193e-01,6.708203932499369193e-01,-6.708203932499369193e-01,-2.236067977499789639e-01,1.341640786499873839e+00,2.236067977499789805e+00,2.236067977499789805e+00,3.577708763999663422e+00,2.236067977499789805e+00,2.236067977499789805e+00,2.459674775249768519e+00,2.459674775249768519e+00,2.012461179749810647e+00,2.236067977499789639e-01,-2.236067977499789805e+00,-2.236067977499789805e+00,-2.012461179749810647e+00,-8.944271909999158554e-01,-1.788854381999831711e+00,-1.118033988749894903e+00,-4.472135954999579277e-01,1.341640786499873839e+00,8.944271909999158554e-01,2.236067977499789805e+00,2.683281572999747677e+00,3.354101966249684263e+00,1.788854381999831711e+00,1.788854381999831711e+00,3.130495168499705549e+00,2.459674775249768519e+00,2.459674775249768519e+00,2.459674775249768519e+00,1.118033988749894903e+00,2.236067977499789805e+00,2.012461179749810647e+00,6.708203932499369193e-01,8.944271909999158554e-01,2.012461179749810647e+00,0.000000000000000000e+00,-2.236067977499789805e+00,-2.236067977499789805e+00,-1.341640786499873839e+00,-1.788854381999831711e+00,-3.577708763999663422e+00,-5.590169943749473624e+00,-4.248529157249600452e+00,-4.472135954999579610e+00,-3.577708763999663422e+00,-5.142956348249516196e+00,-3.577708763999663422e+00,-2.236067977499789805e+00,-1.118033988749894903e+00,8.944271909999158554e-01,2.236067977499789639e-01,-3.130495168499705549e+00,-1.565247584249852775e+00,-2.683281572999747677e+00,-2.012461179749810647e+00,-3.801315561749642136e+00,-2.906888370749726391e+00,-2.683281572999747677e+00,-1.788854381999831711e+00,-2.012461179749810647e+00,-1.788854381999831711e+00,2.236067977499789639e-01,1.565247584249852775e+00,-6.708203932499369193e-01,2.236067977499789639e-01,4.472135954999579277e-01,-6.708203932499369193e-01,-1.341640786499873839e+00,-2.236067977499789805e+00,-1.565247584249852775e+00,-1.788854381999831711e+00,-2.906888370749726391e+00,-2.236067977499789805e+00,-1.118033988749894903e+00,6.708203932499369193e-01,-1.341640786499873839e+00,-6.708203932499369193e-01,-1.118033988749894903e+00,-1.788854381999831711e+00,-1.118033988749894903e+00,-1.118033988749894903e+00,6.708203932499369193e-01,4.472135954999579277e-01,8.944271909999158554e-01,8.944271909999158554e-01,-4.472135954999579277e-01,-1.118033988749894903e+00,-1.341640786499873839e+00,2.236067977499789639e-01,6.708203932499369193e-01,1.788854381999831711e+00,-1.788854381999831711e+00,6.708203932499369193e-01,2.012461179749810647e+00,2.236067977499789639e-01,4.472135954999579277e-01,0.000000000000000000e+00,-2.236067977499789639e-01,1.788854381999831711e+00,3.130495168499705549e+00,3.354101966249684263e+00,3.354101966249684263e+00,3.801315561749642136e+00,1.565247584249852775e+00,1.118033988749894903e+00,2.683281572999747677e+00,1.788854381999831711e+00,2.906888370749726391e+00,3.577708763999663422e+00,3.130495168499705549e+00,4.248529157249600452e+00,2.683281572999747677e+00,3.801315561749642136e+00,2.683281572999747677e+00,2.236067977499789805e+00,-6.708203932499369193e-01,-1.118033988749894903e+00,-2.236067977499789639e-01,0.000000000000000000e+00,4.472135954999579277e-01,2.459674775249768519e+00,3.801315561749642136e+00,3.130495168499705549e+00,4.919349550499537038e+00,3.577708763999663422e+00,4.695742752749557880e+00,5.813776741499452783e+00,5.142956348249516196e+00,5.142956348249516196e+00,4.919349550499537038e+00,4.919349550499537038e+00,3.354101966249684263e+00,2.459674775249768519e+00,4.472135954999579277e-01,-2.459674775249768519e+00,-4.024922359499621294e+00,-4.248529157249600452e+00,-5.142956348249516196e+00,-4.695742752749557880e+00,-2.012461179749810647e+00,-2.459674775249768519e+00,-2.236067977499789639e-01,-4.472135954999579277e-01,-4.472135954999579277e-01,-1.118033988749894903e+00,4.472135954999579277e-01,3.354101966249684263e+00,3.577708763999663422e+00,3.130495168499705549e+00,1.788854381999831711e+00,3.130495168499705549e+00,1.788854381999831711e+00,8.944271909999158554e-01,2.236067977499789805e+00,8.944271909999158554e-01,-1.788854381999831711e+00,-2.459674775249768519e+00,-2.683281572999747677e+00,-2.683281572999747677e+00,-2.012461179749810647e+00,-6.708203932499369193e-01,-1.341640786499873839e+00,-1.118033988749894903e+00,-1.788854381999831711e+00,-2.906888370749726391e+00,-2.012461179749810647e+00,-2.236067977499789805e+00,-1.118033988749894903e+00,-2.236067977499789805e+00,-2.236067977499789805e+00,-2.012461179749810647e+00,-2.236067977499789639e-01,-1.565247584249852775e+00,-6.708203932499369193e-01,6.708203932499369193e-01,1.118033988749894903e+00,6.708203932499369193e-01,1.788854381999831711e+00,1.341640786499873839e+00,6.708203932499369193e-01,4.472135954999579277e-01,4.472135954999579277e-01,1.788854381999831711e+00,2.906888370749726391e+00,2.683281572999747677e+00,2.459674775249768519e+00,2.236067977499789805e+00,1.118033988749894903e+00,2.236067977499789805e+00,6.708203932499369193e-01,-1.118033988749894903e+00,4.472135954999579277e-01,2.236067977499789639e-01,-2.012461179749810647e+00,-6.708203932499369193e-01,-8.944271909999158554e-01,-4.472135954999579277e-01,-1.118033988749894903e+00,-1.118033988749894903e+00,-4.472135954999579277e-01,4.472135954999579277e-01,-2.236067977499789639e-01,-1.788854381999831711e+00,-1.788854381999831711e+00,-1.118033988749894903e+00,-1.565247584249852775e+00,-6.708203932499369193e-01,-1.341640786499873839e+00,-4.472135954999579277e-01,-4.472135954999579277e-01,1.118033988749894903e+00,8.944271909999158554e-01,1.341640786499873839e+00,3.354101966249684263e+00,3.577708763999663422e+00,4.695742752749557880e+00,3.801315561749642136e+00,4.919349550499537038e+00,4.024922359499621294e+00,1.118033988749894903e+00,8.944271909999158554e-01,8.944271909999158554e-01,0.000000000000000000e+00,-1.118033988749894903e+00,-2.236067977499789639e-01,0.000000000000000000e+00,8.944271909999158554e-01,1.118033988749894903e+00,-8.944271909999158554e-01,-8.944271909999158554e-01,-1.118033988749894903e+00,-2.236067977499789805e+00,-1.565247584249852775e+00,-1.341640786499873839e+00,-8.944271909999158554e-01,-1.788854381999831711e+00,-2.236067977499789639e-01,0.000000000000000000e+00,1.565247584249852775e+00,2.012461179749810647e+00,8.944271909999158554e-01,4.695742752749557880e+00,4.695742752749557880e+00,3.577708763999663422e+00,3.130495168499705549e+00,6.708203932499369193e-01,4.472135954999579277e-01,8.944271909999158554e-01,2.236067977499789639e-01,6.708203932499369193e-01,2.683281572999747677e+00,6.708203932499369193e-01,6.708203932499369193e-01,2.236067977499789805e+00,-6.708203932499369193e-01,-1.565247584249852775e+00,-1.341640786499873839e+00,-3.354101966249684263e+00,-4.248529157249600452e+00,-3.801315561749642136e+00,-2.683281572999747677e+00,0.000000000000000000e+00,6.708203932499369193e-01,-6.708203932499369193e-01,-8.944271909999158554e-01,-4.472135954999579277e-01,-2.236067977499789805e+00,-2.459674775249768519e+00,-2.236067977499789805e+00,-1.565247584249852775e+00,4.472135954999579277e-01,3.130495168499705549e+00,3.130495168499705549e+00,3.130495168499705549e+00,2.459674775249768519e+00,1.788854381999831711e+00,2.236067977499789805e+00,6.708203932499369193e-01,6.708203932499369193e-01,-6.708203932499369193e-01,-4.472135954999579277e-01,-1.565247584249852775e+00,6.708203932499369193e-01,-8.944271909999158554e-01,4.472135954999579277e-01,1.565247584249852775e+00,1.565247584249852775e+00,1.118033988749894903e+00,1.341640786499873839e+00,1.788854381999831711e+00,2.906888370749726391e+00,3.354101966249684263e+00,2.906888370749726391e+00,2.459674775249768519e+00,4.472135954999579610e+00,4.024922359499621294e+00,3.801315561749642136e+00,5.813776741499452783e+00,3.801315561749642136e+00,2.906888370749726391e+00,1.788854381999831711e+00,1.565247584249852775e+00,0.000000000000000000e+00,-6.708203932499369193e-01,-2.683281572999747677e+00,-3.130495168499705549e+00,-3.354101966249684263e+00,-2.459674775249768519e+00,-1.118033988749894903e+00,-8.944271909999158554e-01,0.000000000000000000e+00,-4.472135954999579277e-01,-6.708203932499369193e-01,8.944271909999158554e-01,1.565247584249852775e+00,2.236067977499789805e+00,2.236067977499789805e+00,4.024922359499621294e+00,4.248529157249600452e+00,4.472135954999579610e+00,3.801315561749642136e+00,4.248529157249600452e+00,4.472135954999579610e+00,5.813776741499452783e+00
1.341640786499873839e+00,1.565247584249852775e+00,2.683281572999747677e+00,2.683281572999747677e+00,3.130495168499705549e+00,2.012461179749810647e+00,1.118033988749894903e+00,2.236067977499789805e+00,6.708203932499369193e-01,2.236067977499789639e-01,2.236067977499789639e-01,-8.944271909999158554e-01,-4.472135954999579277e-01,2.236067977499789639e-01,2.236067977499789639e-01,8.944271909999158554e-01,4.472135954999579277e-01,6.708203932499369193e-01,1.565247584249852775e+00,2.683281572999747677e+00,2.906888370749726391e+00,1.788854381999831711e+00,2.012461179749810647e+00,6.708203932499369193e-01,6.708203932499369193e-01,-2.236067977499789805e+00,-3.130495168499705549e+00,-3.130495168499705549e+00,-3.801315561749642136e+00,-4.472135954999579277e-01,-8.944271909999158554e-01,-1.788854381999831711e+00,-4.472135954999579277e-01,4.472135954999579277e-01,1.118033988749894903e+00,2.236067977499789639e-01,-6.708203932499369193e-01,-2.236067977499789805e+00,-3.801315561749642136e+00,-4.024922359499621294e+00,-5.142956348249516196e+00,-4.024922359499621294e+00,-3.577708763999663422e+00,-3.801315561749642136e+00,-3.577708763999663422e+00,-4.024922359499621294e+00,-2.906888370749726391e+00,-2.459674775249768519e+00,-2.236067977499789805e+00,-3.801315561749642136e+00,-3.801315561749642136e+00,-4.024922359499621294e+00,-4.919349550499537038e+00,-2.459674775249768519e+00,-2.683281572999747677e+00,-3.354101966249684263e+00,-3.801315561749642136e+00,-2.683281572999747677e+00,-4.024922359499621294e+00,-3.354101966249684263e+00,-2.236067977499789805e+00,-1.341640786499873839e+00,-2.236067977499789639e-01,-2.683281572999747677e+00,-1.118033988749894903e+00,6.708203932499369193e-01,1.788854381999831711e+00,3.354101966249684263e+00,2.906888370749726391e+00,1.118033988749894903e+00,1.118033988749894903e+00,2.012461179749810647e+00,1.788854381999831711e+00,1.788854381999831711e+00,3.130495168499705549e+00,3.577708763999663422e+00,2.683281572999747677e+00,1.341640786499873839e+00,1.118033988749894903e+00,2.012461179749810647e+00,1.565247584249852775e+00,1.565247584249852775e+00,2.236067977499789639e-01,-6.708203932499369193e-01,0.000000000000000000e+00,-1.788854381999831711e+00,-2.459674775249768519e+00,-4.024922359499621294e+00,-3.130495168499705549e+00,-3.801315561749642136e+00,-4.248529157249600452e+00,-2.683281572999747677e+00,-1.341640786499873839e+00,-1.118033988749894903e+00,-2.012461179749810647e+00,-3.801315561749642136e+00,-3.801315561749642136e+00,-4.024922359499621294e+00,-3.801315561749642136e+00,-3.354101966249684263e+00,-2.683281572999747677e+00,-3.354101966249684263e+00,-2.236067977499789639e-01,1.341640786499873839e+00,8.944271909999158554e-01,-8.944271909999158554e-01,-8.944271909999158554e-01,-1.118033988749894903e+00,1.565247584249852775e+00,8.944271909999158554e-01,6.708203932499369193e-01,8.944271909999158554e-01,-2.236067977499789639e-01,6.708203932499369193e-01,-1.788854381999831711e+00,0.000000000000000000e+00,-1.118033988749894903e+00,-2.459674775249768519e+00,-2.236067977499789805e+00,-3.354101966249684263e+00,-2.236067977499789805e+00,-4.248529157249600452e+00,-5.142956348249516196e+00,-3.801315561749642136e+00,-2.236067977499789805e+00,-6.708203932499369193e-01,-1.118033988749894903e+00,-1.341640786499873839e+00,-8.944271909999158554e-01,-1.341640786499873839e+00,-8.944271909999158554e-01,-1.118033988749894903e+00,-1.118033988749894903e+00,-2.906888370749726391e+00,-2.906888370749726391e+00,-3.801315561749642136e+00,-5.590169943749473624e+00,-5.142956348249516196e+00,-3.577708763999663422e+00,-2.236067977499789805e+00,-3.130495168499705549e+00,-2.236067977499789805e+00,-8.944271909999158554e-01,8.944271909999158554e-01,-2.236067977499789639e-01,1.341640786499873839e+00,2.236067977499789805e+00,2.012461179749810647e+00,1.118033988749894903e+00,1.565247584249852775e+00,1.565247584249852775e+00,1.341640786499873839e+00,4.472135954999579277e-01,2.236067977499789639e-01,-1.341640786499873839e+00,-1.565247584249852775e+00,-2.236067977499789805e+00,-3.130495168499705549e+00,-4.248529157249600452e+00,-2.459674775249768519e+00,-8.944271909999158554e-01,0.000000000000000000e+00,-2.236067977499789639e-01,-4.472135954999579277e-01,2.459674775249768519e+00,-2.236067977499789639e-01,6.708203932499369193e-01,1.118033988749894903e+00,2.459674775249768519e+00,2.236067977499789805e+00,4.472135954999579277e-01,-8.944271909999158554e-01,6.708203932499369193e-01,4.472135954999579277e-01,2.683281572999747677e+00,4.472135954999579277e-01,-4.472135954999579277e-01,-2.236067977499789639e-01,0.000000000000000000e+00,-1.341640786499873839e+00,-1.565247584249852775e+00,-2.906888370749726391e+00,-3.354101966249684263e+00,-4.695742752749557880e+00,-4.919349550499537038e+00,-6.037383539249431941e+00,-5.366563145999495354e+00,-3.801315561749642136e+00,-3.354101966249684263e+00,-2.459674775249768519e+00,-2.906888370749726391e+00,-1.118033988749894903e+00,-2.236067977499789805e+00,-1.788854381999831711e+00,-3.130495168499705549e+00,-3.354101966249684263e+00,-1.118033988749894903e+00,-1.118033988749894903e+00,-8.944271909999158554e-01,6.708203932499369193e-01,1.788854381999831711e+00,1.118033988749894903e+00,-8.944271909999158554e-01,-2.683281572999747677e+00,-2.683281572999747677e+00,-2.906888370749726391e+00,-4.472135954999579610e+00,-4.248529157249600452e+00,-4.024922359499621294e+00,-3.130495168499705549e+00,-3.354101966249684263e+00,-3.577708763999663422e+00,-4.919349550499537038e+00,-5.813776741499452783e+00,-4.472135954999579610e+00,-4.919349550499537038e+00,-3.801315561749642136e+00,-3.130495168499705549e+00,-4.024922359499621294e+00,-3.577708763999663422e+00,-3.354101966249684263e+00,-8.944271909999158554e-01,-4.472135954999579277e-01,-4.472135954999579277e-01,1.118033988749894903e+00,2.683281572999747677e+00,3.130495168499705549e+00,1.788854381999831711e+00,1.341640786499873839e+00,2.236067977499789639e-01,6.708203932499369193e-01,1.788854381999831711e+00,1.565247584249852775e+00,1.118033988749894903e+00,2.236067977499789639e-01,0.000000000000000000e+00,-1.341640786499873839e+00,-1.788854381999831711e+00,-6.708203932499369193e-01,-1.341640786499873839e+00,-1.565247584249852775e+00,8.944271909999158554e-01,2.459674775249768519e+00,3.354101966249684263e+00,8.944271909999158554e-01,-4.472135954999579277e-01,1.118033988749894903e+00,2.236067977499789639e-01,6.708203932499369193e-01,-1.118033988749894903e+00,-1.341640786499873839e+00,-1.341640786499873839e+00,0.000000000000000000e+00,1.118033988749894903e+00,1.788854381999831711e+00,-8.944271909999158554e-01,-1.565247584249852775e+00,-1.341640786499873839e+00,4.472135954999579277e-01,2.236067977499789805e+00,1.118033988749894903e+00,-4.472135954999579277e-01,8.944271909999158554e-01,2.459674775249768519e+00,2.236067977499789805e+00,2.906888370749726391e+00,2.683281572999747677e+00,2.906888370749726391e+00,2.236067977499789805e+00,6.708203932499369193e-01,1.118033988749894903e+00,2.012461179749810647e+00,2.012461179749810647e+00,2.683281572999747677e+00,1.788854381999831711e+00,1.118033988749894903e+00,2.236067977499789805e+00,2.459674775249768519e+00,4.472135954999579610e+00,6.260990336999411099e+00,4.695742752749557880e+00,3.801315561749642136e+00,4.919349550499537038e+00,5.142956348249516196e+00,5.142956348249516196e+00,3.577708763999663422e+00,2.459674775249768519e+00,4.695742752749557880e+00,2.683281572999747677e+00,1.341640786499873839e+00,4.919349550499537038e+00,3.801315561749642136e+00,5.590169943749473624e+00,4.919349550499537038e+00,2.906888370749726391e+00,4.248529157249600452e+00,4.024922359499621294e+00,2.236067977499789805e+00,1.565247584249852775e+00,2.459674775249768519e+00,4.472135954999579610e+00,3.801315561749642136e+00,5.813776741499452783e+00,5.813776741499452783e+00,6.708203932499368527e+00,5.366563145999495354e+00,4.919349550499537038e+00,6.037383539249431941e+00,8.049844718999242588e+00,6.037383539249431941e+00,7.826237921249263430e+00,1.050951949424901066e+01,9.838699100999074076e+00,1.073312629199899071e+01,1.185116028074888561e+01,1.453444185374863196e+01,1.364001466274871710e+01,1.050951949424901066e+01,7.826237921249263430e+00,7.379024325749306001e+00,7.155417527999326843e+00,8.273451516749220858e+00,6.931810730249347685e+00,6.931810730249347685e+00,3.801315561749642136e+00,2.683281572999747677e+00,3.130495168499705549e+00,3.801315561749642136e+00,4.472135954999579610e+00,5.590169943749473624e+00,6.260990336999411099e+00,4.919349550499537038e+00,4.919349550499537038e+00,4.024922359499621294e+00,2.906888370749726391e+00,4.024922359499621294e+00,3.130495168499705549e+00,5.813776741499452783e+00,4.919349550499537038e+00,3.354101966249684263e+00,2.906888370749726391e+00,2.459674775249768519e+00,5.142956348249516196e+00,5.366563145999495354e+00,6.037383539249431941e+00,4.919349550499537038e+00,6.260990336999411099e+00,6.260990336999411099e+00,5.366563145999495354e+00,4.248529157249600452e+00,6.037383539249431941e+00,5.366563145999495354e+00,6.260990336999411099e+00,4.472135954999579610e+00,4.695742752749557880e+00,2.459674775249768519e+00,2.459674775249768519e+00,1.341640786499873839e+00,2.459674775249768519e+00,2.012461179749810647e+00,2.012461179749810647e+00,4.472135954999579277e-01,-2.236067977499789639e-01,-2.012461179749810647e+00,-3.130495168499705549e+00,-2.906888370749726391e+00,-2.012461179749810647e+00,-2.459674775249768519e+00,2.236067977499789639e-01,8.944271909999158554e-01,-2.236067977499789639e-01,1.565247584249852775e+00,-6.708203932499369193e-01,-2.236067977499789639e-01,6.708203932499369193e-01,1.118033988749894903e+00,2.012461179749810647e+00,3.130495168499705549e+00,4.919349550499537038e+00,5.142956348249516196e+00,6.037383539249431941e+00,6.037383539249431941e+00,3.130495168499705549e+00,2.459674775249768519e+00,1.565247584249852775e+00,2.683281572999747677e+00,1.341640786499873839e+00,4.472135954999579277e-01,2.012461179749810647e+00,1.341640786499873839e+00,6.708203932499369193e-01,3.577708763999663422e+00,3.577708763999663422e+00,3.130495168499705549e+00,3.354101966249684263e+00,1.565247584249852775e+00,1.118033988749894903e+00,2.236067977499789639e-01,6.708203932499369193e-01,-2.236067977499789639e-01,8.944271909999158554e-01,2.683281572999747677e+00,1.565247584249852775e+00,2.459674775249768519e+00,2.683281572999747677e+00,3.577708763999663422e+00,6.708203932499369193e-01,2.236067977499789639e-01,-8.944271909999158554e-01,-2.236067977499789639e-01,1.118033988749894903e+00,6.708203932499369193e-01,2.236067977499789639e-01,8.944271909999158554e-01,-8.944271909999158554e-01,-1.565247584249852775e+00,-8.944271909999158554e-01,-1.341640786499873839e+00,-8.944271909999158554e-01,1.118033988749894903e+00,-2.236067977499789639e-01,-4.472135954999579610e+00,-5.142956348249516196e+00,-5.366563145999495354e+00,-4.695742752749557880e+00,-5.590169943749473624e+00,-5.590169943749473624e+00,-6.037383539249431941e+00,-5.590169943749473624e+00,-4.919349550499537038e+00,-5.142956348249516196e+00,-5.366563145999495354e+00,-5.590169943749473624e+00,-4.024922359499621294e+00,-4.472135954999579610e+00,-5.590169943749473624e+00,-6.484597134749389369e+00,-6.260990336999411099e+00,-7.155417527999326843e+00,-7.379024325749306001e+00,-7.602631123499284271e+00,-8.049844718999242588e+00,-7.602631123499284271e+00,-8.049844718999242588e+00,-5.813776741499452783e+00,-5.813776741499452783e+00,-6.260990336999411099e+00,-7.602631123499284271e+00,-7.155417527999326843e+00,-7.826237921249263430e+00,-8.273451516749220858e+00,-6.931810730249347685e+00,-6.931810730249347685e+00,-6.037383539249431941e+00,-3.577708763999663422e+00,-4.024922359499621294e+00,-1.788854381999831711e+00,-2.012461179749810647e+00,-3.130495168499705549e+00,-1.565247584249852775e+00,2.236067977499789639e-01,-1.118033988749894903e+00,-2.012461179749810647e+00,2.236067977499789639e-01,-6.708203932499369193e-01,-1.118033988749894903e+00,2.236067977499789639e-01,4.472135954999579277e-01,0.000000000000000000e+00,-2.012461179749810647e+00,0.000000000000000000e+00,-6.708203932499369193e-01,2.236067977499789639e-01,-2.012461179749810647e+00,-1.341640786499873839e+00,-1.788854381999831711e+00,-6.708203932499369193e-01,-1.788854381999831711e+00,-2.906888370749726391e+00,-2.012461179749810647e+00,6.708203932499369193e-01,4.472135954999579277e-01,2.236067977499789639e-01,2.236067977499789805e+00,2.012461179749810647e+00,2.012461179749810647e+00,2.012461179749810647e+00,2.236067977499789805e+00,2.683281572999747677e+00,2.236067977499789805e+00,3.354101966249684263e+00,1.788854381999831711e+00,2.012461179749810647e+00,2.236067977499789805e+00,2.459674775249768519e+00,2.012461179749810647e+00,3.354101966249684263e+00,2.683281572999747677e+00,1.341640786499873839e+00,2.236067977499789639e-01
2.906888370749726391e+00,3.577708763999663422e+00,4.248529157249600452e+00,4.248529157249600452e+00,3.354101966249684263e+00,6.708203932499368527e+00,7.155417527999326843e+00,8.720665112249179174e+00,6.708203932499368527e+00,4.472135954999579610e+00,5.366563145999495354e+00,7.155417527999326843e+00,5.366563145999495354e+00,5.366563145999495354e+00,4.919349550499537038e+00,3.130495168499705549e+00,4.472135954999579610e+00,3.130495168499705549e+00,2.906888370749726391e+00,4.248529157249600452e+00,4.695742752749557880e+00,6.484597134749389369e+00,4.919349550499537038e+00,6.037383539249431941e+00,6.037383539249431941e+00,6.708203932499368527e+00,6.260990336999411099e+00,4.248529157249600452e+00,3.577708763999663422e+00,4.695742752749557880e+00,3.354101966249684263e+00,4.024922359499621294e+00,5.142956348249516196e+00,4.024922359499621294e+00,3.577708763999663422e+00,3.354101966249684263e+00,4.695742752749557880e+00,6.260990336999411099e+00,5.366563145999495354e+00,5.590169943749473624e+00,3.130495168499705549e+00,2.459674775249768519e+00,8.944271909999158554e-01,1.341640786499873839e+00,6.708203932499369193e-01,0.000000000000000000e+00,-2.236067977499789639e-01,1.565247584249852775e+00,1.118033988749894903e+00,-6.708203932499369193e-01,6.708203932499369193e-01,8.944271909999158554e-01,1.118033988749894903e+00,8.944271909999158554e-01,1.788854381999831711e+00,3.801315561749642136e+00,3.577708763999663422e+00,5.813776741499452783e+00,5.813776741499452783e+00,4.695742752749557880e+00,5.366563145999495354e+00,3.354101966249684263e+00,4.472135954999579610e+00,6.484597134749389369e+00,7.379024325749306001e+00,6.484597134749389369e+00,6.260990336999411099e+00,6.484597134749389369e+00,5.590169943749473624e+00,4.024922359499621294e+00,3.354101966249684263e+00,-8.944271909999158554e-01,-8.944271909999158554e-01,-3.354101966249684263e+00,-3.130495168499705549e+00,-2.012461179749810647e+00,-4.472135954999579277e-01,-1.118033988749894903e+00,-3.354101966249684263e+00,-4.472135954999579610e+00,-6.708203932499368527e+00,-5.366563145999495354e+00,-5.366563145999495354e+00,-4.472135954999579610e+00,-5.142956348249516196e+00,-4.695742752749557880e+00,-5.142956348249516196e+00,-3.801315561749642136e+00,-3.801315561749642136e+00,-3.577708763999663422e+00,-2.236067977499789805e+00,-1.565247584249852775e+00,-4.472135954999579277e-01,4.472135954999579277e-01,1.118033988749894903e+00,1.118033988749894903e+00,2.459674775249768519e+00,2.012461179749810647e+00,1.341640786499873839e+00,1.565247584249852775e+00,4.472135954999579277e-01,-2.236067977499789639e-01,0.000000000000000000e+00,-1.565247584249852775e+00,-2.236067977499789805e+00,-2.906888370749726391e+00,-2.683281572999747677e+00,-2.906888370749726391e+00,-2.236067977499789805e+00,-2.236067977499789805e+00,-3.801315561749642136e+00,-4.248529157249600452e+00,-4.472135954999579610e+00,-4.472135954999579610e+00,-3.577708763999663422e+00,-4.695742752749557880e+00,-3.354101966249684263e+00,-2.459674775249768519e+00,-2.906888370749726391e+00,-3.130495168499705549e+00,8.944271909999158554e-01,0.000000000000000000e+00,1.565247584249852775e+00,4.472135954999579277e-01,-8.944271909999158554e-01,2.236067977499789639e-01,0.000000000000000000e+00,-2.236067977499789805e+00,1.118033988749894903e+00,4.472135954999579277e-01,2.459674775249768519e+00,2.906888370749726391e+00,4.248529157249600452e+00,2.906888370749726391e+00,3.801315561749642136e+00,3.577708763999663422e+00,4.695742752749557880e+00,5.142956348249516196e+00,5.366563145999495354e+00,2.906888370749726391e+00,3.801315561749642136e+00,6.708203932499369193e-01,-4.472135954999579277e-01,-1.565247584249852775e+00,0.000000000000000000e+00,8.944271909999158554e-01,4.472135954999579610e+00,3.801315561749642136e+00,-2.236067977499789639e-01,2.236067977499789639e-01,8.944271909999158554e-01,8.944271909999158554e-01,1.118033988749894903e+00,2.236067977499789639e-01,-2.236067977499789639e-01,1.341640786499873839e+00,2.236067977499789805e+00,1.565247584249852775e+00,8.944271909999158554e-01,-4.472135954999579277e-01,8.944271909999158554e-01,4.472135954999579277e-01,6.708203932499369193e-01,3.354101966249684263e+00,3.130495168499705549e+00,8.944271909999158554e-01,2.459674775249768519e+00,4.248529157249600452e+00,5.142956348249516196e+00,6.037383539249431941e+00,6.260990336999411099e+00,5.142956348249516196e+00,6.260990336999411099e+00,6.931810730249347685e+00,4.695742752749557880e+00,4.472135954999579610e+00,5.813776741499452783e+00,6.260990336999411099e+00,6.484597134749389369e+00,5.142956348249516196e+00,4.919349550499537038e+00,3.577708763999663422e+00,4.472135954999579610e+00,5.142956348249516196e+00,4.695742752749557880e+00,5.142956348249516196e+00,2.683281572999747677e+00,2.683281572999747677e+00,2.459674775249768519e+00,4.695742752749557880e+00,4.024922359499621294e+00,5.590169943749473624e+00,3.354101966249684263e+00,2.459674775249768519e+00,5.142956348249516196e+00,3.801315561749642136e+00,4.248529157249600452e+00,3.354101966249684263e+00,2.906888370749726391e+00,2.459674775249768519e+00,4.024922359499621294e+00,3.354101966249684263e+00,2.012461179749810647e+00,1.341640786499873839e+00,2.683281572999747677e+00,3.801315561749642136e+00,2.906888370749726391e+00,2.683281572999747677e+00,1.118033988749894903e+00,4.024922359499621294e+00,1.565247584249852775e+00,8.944271909999158554e-01,0.000000000000000000e+00,6.708203932499369193e-01,-6.708203932499369193e-01,-2.012461179749810647e+00,-1.788854381999831711e+00,-1.565247584249852775e+00,-1.341640786499873839e+00,-2.683281572999747677e+00,-3.354101966249684263e+00,-3.354101966249684263e+00,-4.024922359499621294e+00,-4.024922359499621294e+00,-4.024922359499621294e+00,-2.012461179749810647e+00,-8.944271909999158554e-01,4.472135954999579277e-01,1.118033988749894903e+00,-4.472135954999579277e-01,8.944271909999158554e-01,4.472135954999579277e-01,-8.944271909999158554e-01,-1.118033988749894903e+00,-1.118033988749894903e+00,-1.788854381999831711e+00,-3.130495168499705549e+00,-3.130495168499705549e+00,-6.037383539249431941e+00,-3.801315561749642136e+00,-5.590169943749473624e+00,-5.590169943749473624e+00,-5.590169943749473624e+00,-5.366563145999495354e+00,-4.024922359499621294e+00,-2.683281572999747677e+00,-6.708203932499369193e-01,-2.683281572999747677e+00,-6.708203932499369193e-01,-8.944271909999158554e-01,-2.012461179749810647e+00,-2.012461179749810647e+00,-2.459674775249768519e+00,-3.130495168499705549e+00,-1.788854381999831711e+00,-2.236067977499789639e-01,-1.565247584249852775e+00,-2.236067977499789639e-01,-2.236067977499789805e+00,-2.683281572999747677e+00,-1.788854381999831711e+00,-2.012461179749810647e+00,-6.708203932499369193e-01,6.708203932499369193e-01,2.012461179749810647e+00,2.236067977499789805e+00,6.708203932499369193e-01,1.341640786499873839e+00,1.118033988749894903e+00,-1.118033988749894903e+00,8.944271909999158554e-01,1.118033988749894903e+00,-4.472135954999579277e-01,2.236067977499789639e-01,-8.944271909999158554e-01,-1.118033988749894903e+00,-1.341640786499873839e+00,-2.012461179749810647e+00,-1.118033988749894903e+00,-1.341640786499873839e+00,-2.012461179749810647e+00,-1.118033988749894903e+00,-1.118033988749894903e+00,-1.341640786499873839e+00,-1.118033988749894903e+00,4.472135954999579277e-01,3.577708763999663422e+00,4.919349550499537038e+00,5.813776741499452783e+00,7.155417527999326843e+00,7.602631123499284271e+00,6.708203932499368527e+00,7.602631123499284271e+00,8.497058314499200904e+00,8.273451516749220858e+00,8.049844718999242588e+00,6.484597134749389369e+00,4.695742752749557880e+00,3.354101966249684263e+00,3.801315561749642136e+00,6.484597134749389369e+00,7.826237921249263430e+00,7.379024325749306001e+00,7.826237921249263430e+00,6.708203932499368527e+00,8.497058314499200904e+00,8.720665112249179174e+00,7.602631123499284271e+00,6.260990336999411099e+00,5.142956348249516196e+00,3.130495168499705549e+00,2.683281572999747677e+00,2.906888370749726391e+00,1.788854381999831711e+00,-2.236067977499789639e-01,-1.341640786499873839e+00,-3.130495168499705549e+00,-6.708203932499369193e-01,-2.906888370749726391e+00,-2.906888370749726391e+00,-4.248529157249600452e+00,-2.236067977499789805e+00,-1.341640786499873839e+00,-4.472135954999579277e-01,-1.118033988749894903e+00,-2.683281572999747677e+00,-1.341640786499873839e+00,-2.459674775249768519e+00,-2.459674775249768519e+00,-2.236067977499789805e+00,-2.459674775249768519e+00,-3.577708763999663422e+00,-4.919349550499537038e+00,-5.590169943749473624e+00,-5.813776741499452783e+00,-5.142956348249516196e+00,-4.024922359499621294e+00,-3.801315561749642136e+00,-5.366563145999495354e+00,-5.813776741499452783e+00,-5.590169943749473624e+00,-4.919349550499537038e+00,-4.919349550499537038e+00,-3.801315561749642136e+00,-4.472135954999579610e+00,-4.919349550499537038e+00,-6.708203932499369193e-01,2.236067977499789639e-01,-2.012461179749810647e+00,-1.118033988749894903e+00,-1.565247584249852775e+00,1.118033988749894903e+00,0.000000000000000000e+00,-2.236067977499789639e-01,2.236067977499789639e-01,-6.708203932499369193e-01,-2.236067977499789805e+00,2.236067977499789639e-01,1.118033988749894903e+00,2.459674775249768519e+00,4.248529157249600452e+00,2.459674775249768519e+00,1.788854381999831711e+00,-6.708203932499369193e-01,-2.906888370749726391e+00,-2.459674775249768519e+00,-3.801315561749642136e+00,-2.683281572999747677e+00,-3.130495168499705549e+00,-4.248529157249600452e+00,-4.919349550499537038e+00,-2.459674775249768519e+00,-4.472135954999579277e-01,-1.341640786499873839e+00,-2.236067977499789805e+00,-2.012461179749810647e+00,-2.906888370749726391e+00,-2.906888370749726391e+00,-3.354101966249684263e+00,-2.906888370749726391e+00,-2.906888370749726391e+00,-2.683281572999747677e+00,-2.683281572999747677e+00,-1.341640786499873839e+00,-1.788854381999831711e+00,-2.683281572999747677e+00,-1.118033988749894903e+00,-2.683281572999747677e+00,-3.577708763999663422e+00,-4.919349550499537038e+00,-4.248529157249600452e+00,-5.366563145999495354e+00,-3.130495168499705549e+00,-3.577708763999663422e+00,-2.906888370749726391e+00,-3.577708763999663422e+00,-2.906888370749726391e+00,-2.012461179749810647e+00,-1.565247584249852775e+00,-2.459674775249768519e+00,-2.459674775249768519e+00,-2.236067977499789805e+00,-3.130495168499705549e+00,-4.024922359499621294e+00,-4.024922359499621294e+00,-2.906888370749726391e+00,-2.683281572999747677e+00,-3.354101966249684263e+00,-3.130495168499705549e+00,-4.919349550499537038e+00,-5.590169943749473624e+00,-4.695742752749557880e+00,-4.024922359499621294e+00,-4.919349550499537038e+00,-3.801315561749642136e+00,-3.577708763999663422e+00,-3.577708763999663422e+00,-2.906888370749726391e+00,-2.012461179749810647e+00,-1.118033988749894903e+00,-3.577708763999663422e+00,-5.142956348249516196e+00,-4.919349550499537038e+00,-3.577708763999663422e+00,-3.577708763999663422e+00,-4.472135954999579610e+00,-3.354101966249684263e+00,-3.801315561749642136e+00,-2.236067977499789805e+00,-3.577708763999663422e+00,-3.130495168499705549e+00,-1.341640786499873839e+00,0.000000000000000000e+00,2.236067977499789639e-01,-2.236067977499789639e-01,-1.565247584249852775e+00,-1.341640786499873839e+00,-4.472135954999579277e-01,-1.341640786499873839e+00,-1.788854381999831711e+00,-2.683281572999747677e+00,-3.577708763999663422e+00,-4.024922359499621294e+00,-2.012461179749810647e+00,-1.565247584249852775e+00,-2.012461179749810647e+00,-2.236067977499789639e-01,-4.472135954999579277e-01,-2.459674775249768519e+00,-4.472135954999579277e-01,-6.708203932499369193e-01,-4.472135954999579277e-01,-2.236067977499789805e+00,-1.118033988749894903e+00,-8.944271909999158554e-01,6.708203932499369193e-01,-2.236067977499789639e-01,2.236067977499789639e-01,2.012461179749810647e+00,1.788854381999831711e+00,1.118033988749894903e+00,1.788854381999831711e+00,1.565247584249852775e+00,2.236067977499789805e+00,1.565247584249852775e+00,3.130495168499705549e+00,3.354101966249684263e+00,4.024922359499621294e+00,3.354101966249684263e+00,4.472135954999579610e+00,4.695742752749557880e+00,4.919349550499537038e+00,2.459674775249768519e+00,6.708203932499369193e-01,4.472135954999579277e-01,4.472135954999579277e-01,-6.708203932499369193e-01,-8.944271909999158554e-01,-6.708203932499369193e-01,-2.012461179749810647e+00,-1.788854381999831711e+00,-1.118033988749894903e+00,-4.472135954999579277e-01,-1.788854381999831711e+00,-1.565247584249852775e+00,-8.944271909999158554e-01,-6.708203932499369193e-01,-2.236067977499789639e-01,6.708203932499369193e-01,8.944271909999158554e-01,1.118033988749894903e+00,8.944271909999158554e-01,1.118033988749894903e+00,2.236067977499789639e-01,-1.565247584249852775e+00,-2.012461179749810647e+00,-1.565247584249852775e+00,-4.472135954999579277e-01,-1.565247584249852775e+00,-1.565247584249852775e+00
8.944271909999158554e-01,4.472135954999579277e-01,6.708203932499369193e-01,2.236067977499789805e+00,1.788854381999831711e+00,1.788854381999831711e+00,2.683281572999747677e+00,3.130495168499705549e+00,6.484597134749389369e+00,6.931810730249347685e+00,5.366563145999495354e+00,5.813776741499452783e+00,7.602631123499284271e+00,5.813776741499452783e+00,4.472135954999579610e+00,4.024922359499621294e+00,3.801315561749642136e+00,3.801315561749642136e+00,4.248529157249600452e+00,5.590169943749473624e+00,4.919349550499537038e+00,2.683281572999747677e+00,1.341640786499873839e+00,0.000000000000000000e+00,-8.944271909999158554e-01,1.341640786499873839e+00,2.683281572999747677e+00,1.341640786499873839e+00,1.118033988749894903e+00,4.472135954999579277e-01,-1.565247584249852775e+00,-1.118033988749894903e+00,-8.944271909999158554e-01,-2.012461179749810647e+00,2.236067977499789639e-01,8.944271909999158554e-01,-1.565247584249852775e+00,-4.472135954999579277e-01,-4.472135954999579277e-01,-1.118033988749894903e+00,-2.906888370749726391e+00,-1.118033988749894903e+00,-1.788854381999831711e+00,-2.012461179749810647e+00,-3.577708763999663422e+00,-2.459674775249768519e+00,-3.577708763999663422e+00,-4.695742752749557880e+00,-6.037383539249431941e+00,-2.906888370749726391e+00,-2.459674775249768519e+00,-1.118033988749894903e+00,-1.788854381999831711e+00,-3.130495168499705549e+00,-5.366563145999495354e+00,-4.695742752749557880e+00,-3.354101966249684263e+00,-4.024922359499621294e+00,-3.130495168499705549e+00,-2.683281572999747677e+00,-3.801315561749642136e+00,-3.354101966249684263e+00,-1.565247584249852775e+00,-8.944271909999158554e-01,-1.341640786499873839e+00,-1.565247584249852775e+00,-2.236067977499789805e+00,-8.944271909999158554e-01,-1.118033988749894903e+00,2.459674775249768519e+00,-2.236067977499789639e-01,1.118033988749894903e+00,2.236067977499789639e-01,8.944271909999158554e-01,1.788854381999831711e+00,6.708203932499369193e-01,8.944271909999158554e-01,1.565247584249852775e+00,8.944271909999158554e-01,2.012461179749810647e+00,3.577708763999663422e+00,6.931810730249347685e+00,6.931810730249347685e+00,7.155417527999326843e+00,6.484597134749389369e+00,4.919349550499537038e+00,3.577708763999663422e+00,3.577708763999663422e+00,2.906888370749726391e+00,2.683281572999747677e+00,3.130495168499705549e+00,4.695742752749557880e+00,4.248529157249600452e+00,6.037383539249431941e+00,6.931810730249347685e+00,3.577708763999663422e+00,8.944271909999158554e-01,2.459674775249768519e+00,5.142956348249516196e+00,4.919349550499537038e+00,5.813776741499452783e+00,7.602631123499284271e+00,7.379024325749306001e+00,1.028591269649903239e+01,1.162755348299890557e+01,8.944271909999159220e+00,8.049844718999242588e+00,8.049844718999242588e+00,7.826237921249263430e+00,9.615092303249095806e+00,8.049844718999242588e+00,8.720665112249179174e+00,8.049844718999242588e+00,6.931810730249347685e+00,7.155417527999326843e+00,5.366563145999495354e+00,5.813776741499452783e+00,4.919349550499537038e+00,4.695742752749557880e+00,2.683281572999747677e+00,1.341640786499873839e+00,8.944271909999158554e-01,4.472135954999579277e-01,-2.236067977499789639e-01,1.118033988749894903e+00,1.118033988749894903e+00,1.565247584249852775e+00,2.012461179749810647e+00,4.472135954999579277e-01,6.708203932499369193e-01,6.708203932499369193e-01,1.118033988749894903e+00,1.341640786499873839e+00,3.354101966249684263e+00,2.906888370749726391e+00,3.801315561749642136e+00,2.906888370749726391e+00,2.683281572999747677e+00,2.906888370749726391e+00,3.354101966249684263e+00,3.130495168499705549e+00,3.130495168499705549e+00,4.695742752749557880e+00,3.354101966249684263e+00,6.260990336999411099e+00,6.484597134749389369e+00,7.602631123499284271e+00,7.602631123499284271e+00,7.602631123499284271e+00,7.602631123499284271e+00,7.155417527999326843e+00,6.931810730249347685e+00,5.366563145999495354e+00,5.813776741499452783e+00,7.379024325749306001e+00,6.931810730249347685e+00,8.049844718999242588e+00,8.273451516749220858e+00,8.273451516749220858e+00,8.049844718999242588e+00,1.006230589874905235e+01,9.838699100999074076e+00,1.050951949424901066e+01,9.615092303249095806e+00,6.708203932499368527e+00,5.813776741499452783e+00,6.484597134749389369e+00,6.708203932499368527e+00,5.142956348249516196e+00,6.037383539249431941e+00,7.155417527999326843e+00,6.931810730249347685e+00,8.497058314499200904e+00,8.497058314499200904e+00,7.602631123499284271e+00,7.379024325749306001e+00,5.590169943749473624e+00,6.708203932499368527e+00,6.260990336999411099e+00,8.497058314499200904e+00,6.037383539249431941e+00,6.037383539249431941e+00,5.142956348249516196e+00,4.695742752749557880e+00,4.024922359499621294e+00,3.801315561749642136e+00,4.024922359499621294e+00,5.142956348249516196e+00,6.484597134749389369e+00,6.708203932499368527e+00,7.602631123499284271e+00,9.167878707749137490e+00,7.826237921249263430e+00,8.273451516749220858e+00,6.260990336999411099e+00,6.037383539249431941e+00,4.919349550499537038e+00,6.708203932499368527e+00,5.813776741499452783e+00,5.590169943749473624e+00,6.708203932499368527e+00,4.024922359499621294e+00,3.801315561749642136e+00,4.248529157249600452e+00,3.577708763999663422e+00,2.236067977499789805e+00,4.695742752749557880e+00,5.142956348249516196e+00,3.801315561749642136e+00,4.248529157249600452e+00,4.024922359499621294e+00,4.248529157249600452e+00,3.577708763999663422e+00,4.919349550499537038e+00,4.695742752749557880e+00,4.695742752749557880e+00,5.813776741499452783e+00,7.379024325749306001e+00,8.720665112249179174e+00,6.931810730249347685e+00,7.379024325749306001e+00,5.813776741499452783e+00,5.813776741499452783e+00,5.366563145999495354e+00,5.366563145999495354e+00,5.142956348249516196e+00,3.354101966249684263e+00,2.683281572999747677e+00,3.354101966249684263e+00,-1.341640786499873839e+00,0.000000000000000000e+00,0.000000000000000000e+00,6.708203932499369193e-01,-6.708203932499369193e-01,8.944271909999158554e-01,1.118033988749894903e+00,1.341640786499873839e+00,1.565247584249852775e+00,3.801315561749642136e+00,3.577708763999663422e+00,3.354101966249684263e+00,2.683281572999747677e+00,2.683281572999747677e+00,4.472135954999579610e+00,3.577708763999663422e+00,2.683281572999747677e+00,4.472135954999579277e-01,2.683281572999747677e+00,1.565247584249852775e+00,1.341640786499873839e+00,3.577708763999663422e+00,4.919349550499537038e+00,5.366563145999495354e+00,5.590169943749473624e+00,6.708203932499368527e+00,8.720665112249179174e+00,1.118033988749894725e+01,9.167878707749137490e+00,8.049844718999242588e+00,6.037383539249431941e+00,5.813776741499452783e+00,4.472135954999579610e+00,3.801315561749642136e+00,3.130495168499705549e+00,2.236067977499789639e-01,1.565247584249852775e+00,2.906888370749726391e+00,3.577708763999663422e+00,3.577708763999663422e+00,3.577708763999663422e+00,2.683281572999747677e+00,2.012461179749810647e+00,3.354101966249684263e+00,5.142956348249516196e+00,6.708203932499368527e+00,8.049844718999242588e+00,8.049844718999242588e+00,6.931810730249347685e+00,5.590169943749473624e+00,3.801315561749642136e+00,3.577708763999663422e+00,2.012461179749810647e+00,2.236067977499789639e-01,-1.118033988749894903e+00,-8.944271909999158554e-01,8.944271909999158554e-01,1.788854381999831711e+00,1.788854381999831711e+00,2.683281572999747677e+00,2.683281572999747677e+00,3.577708763999663422e+00,6.260990336999411099e+00,5.813776741499452783e+00,7.379024325749306001e+00,7.826237921249263430e+00,8.273451516749220858e+00,8.273451516749220858e+00,8.720665112249179174e+00,8.944271909999159220e+00,7.155417527999326843e+00,6.484597134749389369e+00,6.037383539249431941e+00,5.366563145999495354e+00,5.142956348249516196e+00,4.248529157249600452e+00,4.919349550499537038e+00,6.708203932499368527e+00,6.484597134749389369e+00,4.919349550499537038e+00,5.142956348249516196e+00,5.590169943749473624e+00,6.260990336999411099e+00,6.484597134749389369e+00,7.826237921249263430e+00,5.366563145999495354e+00,6.260990336999411099e+00,4.919349550499537038e+00,4.472135954999579610e+00,4.695742752749557880e+00,3.354101966249684263e+00,1.788854381999831711e+00,2.459674775249768519e+00,3.577708763999663422e+00,1.788854381999831711e+00,3.354101966249684263e+00,4.695742752749557880e+00,5.590169943749473624e+00,3.801315561749642136e+00,4.024922359499621294e+00,3.801315561749642136e+00,4.919349550499537038e+00,6.037383539249431941e+00,4.695742752749557880e+00,3.130495168499705549e+00,4.695742752749557880e+00,6.708203932499368527e+00,6.260990336999411099e+00,7.155417527999326843e+00,5.366563145999495354e+00,5.366563145999495354e+00,5.142956348249516196e+00,4.248529157249600452e+00,4.472135954999579610e+00,3.801315561749642136e+00,4.024922359499621294e+00,4.695742752749557880e+00,3.801315561749642136e+00,4.024922359499621294e+00,3.801315561749642136e+00,2.906888370749726391e+00,8.944271909999158554e-01,4.472135954999579277e-01,0.000000000000000000e+00,4.472135954999579277e-01,6.708203932499369193e-01,-8.944271909999158554e-01,-6.708203932499369193e-01,-8.944271909999158554e-01,-2.236067977499789805e+00,-6.708203932499369193e-01,-2.236067977499789639e-01,1.565247584249852775e+00,2.459674775249768519e+00,3.801315561749642136e+00,4.248529157249600452e+00,4.695742752749557880e+00,3.577708763999663422e+00,5.813776741499452783e+00,5.590169943749473624e+00,5.590169943749473624e+00,4.919349550499537038e+00,3.577708763999663422e+00,2.459674775249768519e+00,-2.236067977499789639e-01,6.708203932499369193e-01,1.788854381999831711e+00,4.695742752749557880e+00,4.695742752749557880e+00,5.590169943749473624e+00,5.142956348249516196e+00,4.472135954999579610e+00,4.919349550499537038e+00,5.590169943749473624e+00,6.037383539249431941e+00,6.708203932499368527e+00,6.484597134749389369e+00,6.708203932499368527e+00,2.906888370749726391e+00,3.130495168499705549e+00,3.801315561749642136e+00,3.130495168499705549e+00,2.906888370749726391e+00,3.577708763999663422e+00,2.459674775249768519e+00,3.354101966249684263e+00,2.459674775249768519e+00,4.024922359499621294e+00,2.683281572999747677e+00,2.683281572999747677e+00,2.012461179749810647e+00,1.788854381999831711e+00,8.944271909999158554e-01,0.000000000000000000e+00,-1.341640786499873839e+00,-2.012461179749810647e+00,-1.565247584249852775e+00,-2.459674775249768519e+00,-1.565247584249852775e+00,-1.565247584249852775e+00,-1.788854381999831711e+00,-8.944271909999158554e-01,4.472135954999579277e-01,3.801315561749642136e+00,3.130495168499705549e+00,1.118033988749894903e+00,2.683281572999747677e+00,2.683281572999747677e+00,3.130495168499705549e+00,2.683281572999747677e+00,2.012461179749810647e+00,1.341640786499873839e+00,-2.236067977499789639e-01,-4.472135954999579277e-01,-1.118033988749894903e+00,-1.565247584249852775e+00,-1.118033988749894903e+00,2.236067977499789639e-01,2.012461179749810647e+00,2.683281572999747677e+00,4.248529157249600452e+00,4.695742752749557880e+00,7.602631123499284271e+00,8.273451516749220858e+00,6.484597134749389369e+00,6.260990336999411099e+00,5.142956348249516196e+00,4.248529157249600452e+00,4.695742752749557880e+00,5.142956348249516196e+00,3.577708763999663422e+00,4.024922359499621294e+00,5.590169943749473624e+00,3.577708763999663422e+00,8.944271909999158554e-01,6.708203932499369193e-01,0.000000000000000000e+00,-2.236067977499789639e-01,-1.118033988749894903e+00,-2.012461179749810647e+00,-6.708203932499369193e-01,8.944271909999158554e-01,4.472135954999579277e-01,-2.236067977499789639e-01,2.459674775249768519e+00,2.236067977499789805e+00,6.708203932499369193e-01,0.000000000000000000e+00,-1.341640786499873839e+00,-8.944271909999158554e-01,6.708203932499369193e-01,4.472135954999579277e-01,8.944271909999158554e-01,2.683281572999747677e+00,1.565247584249852775e+00,1.565247584249852775e+00,8.944271909999158554e-01,1.341640786499873839e+00,0.000000000000000000e+00,4.472135954999579277e-01,1.341640786499873839e+00,4.472135954999579277e-01,2.236067977499789639e-01,1.118033988749894903e+00,2.459674775249768519e+00,2.236067977499789805e+00,4.472135954999579277e-01,1.118033988749894903e+00,0.000000000000000000e+00,-2.236067977499789639e-01,-8.944271909999158554e-01,6.708203932499369193e-01,4.472135954999579277e-01,8.944271909999158554e-01,3.577708763999663422e+00,4.472135954999579610e+00,5.366563145999495354e+00,2.683281572999747677e+00,2.683281572999747677e+00,1.118033988749894903e+00,-1.565247584249852775e+00,-1.565247584249852775e+00,-3.354101966249684263e+00,-4.472135954999579610e+00,-6.484597134749389369e+00,-5.366563145999495354e+00,-5.813776741499452783e+00,-5.142956348249516196e+00,-5.590169943749473624e+00,-6.484597134749389369e+00,-6.931810730249347685e+00
1.565247584249852775e+00,1.788854381999831711e+00,1.341640786499873839e+00,2.012461179749810647e+00,8.944271909999158554e-01,4.472135954999579277e-01,1.341640786499873839e+00,1.565247584249852775e+00,8.944271909999158554e-01,1.788854381999831711e+00,4.472135954999579277e-01,1.565247584249852775e+00,1.118033988749894903e+00,1.788854381999831711e+00,-6.708203932499369193e-01,-2.236067977499789639e-01,-2.236067977499789639e-01,-1.118033988749894903e+00,2.236067977499789639e-01,-1.118033988749894903e+00,-6.708203932499369193e-01,-4.472135954999579277e-01,-4.472135954999579277e-01,-2.236067977499789639e-01,8.944271909999158554e-01,1.788854381999831711e+00,2.012461179749810647e+00,1.565247584249852775e+00,1.788854381999831711e+00,0.000000000000000000e+00,-2.012461179749810647e+00,-2.236067977499789805e+00,-2.236067977499789805e+00,-2.236067977499789805e+00,-1.118033988749894903e+00,-4.472135954999579277e-01,-1.118033988749894903e+00,-2.236067977499789639e-01,1.341640786499873839e+00,8.944271909999158554e-01,2.906888370749726391e+00,4.919349550499537038e+00,5.142956348249516196e+00,6.260990336999411099e+00,6.708203932499368527e+00,4.024922359499621294e+00,2.236067977499789805e+00,0.000000000000000000e+00,1.788854381999831711e+00,1.565247584249852775e+00,1.788854381999831711e+00,2.236067977499789639e-01,-2.236067977499789639e-01,-2.012461179749810647e+00,-2.459674775249768519e+00,-3.577708763999663422e+00,-8.944271909999158554e-01,-1.341640786499873839e+00,6.708203932499369193e-01,-6.708203932499369193e-01,2.236067977499789805e+00,-1.341640786499873839e+00,0.000000000000000000e+00,-4.472135954999579277e-01,1.341640786499873839e+00,4.472135954999579277e-01,-4.472135954999579277e-01,-8.944271909999158554e-01,-3.354101966249684263e+00,-1.565247584249852775e+00,-3.354101966249684263e+00,-3.577708763999663422e+00,-4.248529157249600452e+00,-4.024922359499621294e+00,-3.130495168499705549e+00,-3.130495168499705549e+00,-3.577708763999663422e+00,-5.813776741499452783e+00,-4.248529157249600452e+00,-3.354101966249684263e+00,-2.459674775249768519e+00,-1.788854381999831711e+00,6.708203932499369193e-01,6.708203932499369193e-01,6.708203932499369193e-01,0.000000000000000000e+00,8.944271909999158554e-01,1.788854381999831711e+00,3.801315561749642136e+00,4.248529157249600452e+00,2.906888370749726391e+00,2.906888370749726391e+00,3.801315561749642136e+00,3.801315561749642136e+00,6.037383539249431941e+00,3.130495168499705549e+00,4.248529157249600452e+00,3.130495168499705549e+00,2.683281572999747677e+00,2.906888370749726391e+00,1.788854381999831711e+00,1.565247584249852775e+00,1.118033988749894903e+00,1.788854381999831711e+00,1.565247584249852775e+00,2.012461179749810647e+00,1.788854381999831711e+00,2.906888370749726391e+00,4.919349550499537038e+00,5.142956348249516196e+00,3.801315561749642136e+00,2.012461179749810647e+00,2.683281572999747677e+00,4.024922359499621294e+00,2.906888370749726391e+00,2.012461179749810647e+00,1.118033988749894903e+00,4.472135954999579277e-01,-1.341640786499873839e+00,-2.906888370749726391e+00,-2.906888370749726391e+00,-4.472135954999579277e-01,-1.341640786499873839e+00,-2.236067977499789805e+00,-3.577708763999663422e+00,-2.459674775249768519e+00,-3.130495168499705549e+00,-2.459674775249768519e+00,-1.565247584249852775e+00,-1.565247584249852775e+00,-1.118033988749894903e+00,-8.944271909999158554e-01,-4.472135954999579277e-01,-6.708203932499369193e-01,6.708203932499369193e-01,2.236067977499789639e-01,6.708203932499369193e-01,2.459674775249768519e+00,2.236067977499789805e+00,4.472135954999579277e-01,8.944271909999158554e-01,-4.472135954999579277e-01,2.236067977499789639e-01,-8.944271909999158554e-01,-1.341640786499873839e+00,-1.788854381999831711e+00,-1.118033988749894903e+00,1.341640786499873839e+00,1.118033988749894903e+00,-1.565247584249852775e+00,0.000000000000000000e+00,-2.012461179749810647e+00,-2.236067977499789805e+00,1.788854381999831711e+00,2.012461179749810647e+00,1.341640786499873839e+00,1.565247584249852775e+00,1.118033988749894903e+00,4.472135954999579277e-01,-1.788854381999831711e+00,-4.472135954999579277e-01,-1.565247584249852775e+00,2.012461179749810647e+00,1.118033988749894903e+00,8.944271909999158554e-01,1.788854381999831711e+00,1.565247584249852775e+00,-6.708203932499369193e-01,-1.565247584249852775e+00,-3.130495168499705549e+00,-3.801315561749642136e+00,-5.366563145999495354e+00,-6.260990336999411099e+00,-6.037383539249431941e+00,-6.484597134749389369e+00,-4.472135954999579610e+00,-3.130495168499705549e+00,-1.788854381999831711e+00,-6.708203932499369193e-01,-1.118033988749894903e+00,-6.708203932499369193e-01,-2.236067977499789639e-01,2.236067977499789639e-01,1.341640786499873839e+00,6.708203932499369193e-01,4.472135954999579277e-01,8.944271909999158554e-01,2.236067977499789639e-01,6.708203932499369193e-01,0.000000000000000000e+00,-4.472135954999579277e-01,4.472135954999579277e-01,1.118033988749894903e+00,4.472135954999579277e-01,1.118033988749894903e+00,1.118033988749894903e+00,-8.944271909999158554e-01,6.708203932499369193e-01,8.944271909999158554e-01,2.459674775249768519e+00,3.577708763999663422e+00,8.944271909999158554e-01,4.248529157249600452e+00,4.472135954999579610e+00,3.577708763999663422e+00,2.236067977499789805e+00,-2.236067977499789639e-01,-1.118033988749894903e+00,-1.788854381999831711e+00,-3.130495168499705549e+00,-2.906888370749726391e+00,-2.236067977499789805e+00,-3.577708763999663422e+00,-5.366563145999495354e+00,-3.130495168499705549e+00,-3.130495168499705549e+00,-2.459674775249768519e+00,-2.459674775249768519e+00,-3.801315561749642136e+00,-3.354101966249684263e+00,-4.024922359499621294e+00,-3.801315561749642136e+00,-2.236067977499789805e+00,-2.906888370749726391e+00,-5.142956348249516196e+00,-5.813776741499452783e+00,-4.472135954999579610e+00,-4.695742752749557880e+00,-4.919349550499537038e+00,-3.801315561749642136e+00,-2.683281572999747677e+00,-1.788854381999831711e+00,-1.565247584249852775e+00,-1.788854381999831711e+00,-2.236067977499789639e-01,-1.118033988749894903e+00,-8.944271909999158554e-01,-2.683281572999747677e+00,-4.248529157249600452e+00,-4.024922359499621294e+00,-3.130495168499705549e+00,-2.459674775249768519e+00,-4.024922359499621294e+00,-4.472135954999579610e+00,-3.801315561749642136e+00,-2.906888370749726391e+00,-1.118033988749894903e+00,-6.708203932499369193e-01,-2.236067977499789805e+00,-2.906888370749726391e+00,-2.236067977499789805e+00,-1.788854381999831711e+00,-1.788854381999831711e+00,-3.354101966249684263e+00,-3.801315561749642136e+00,-3.130495168499705549e+00,-2.459674775249768519e+00,-2.012461179749810647e+00,-2.459674775249768519e+00,-3.130495168499705549e+00,4.472135954999579277e-01,2.236067977499789639e-01,1.565247584249852775e+00,1.118033988749894903e+00,4.472135954999579277e-01,-4.472135954999579277e-01,-8.944271909999158554e-01,4.472135954999579277e-01,2.236067977499789639e-01,-2.236067977499789639e-01,-1.341640786499873839e+00,1.565247584249852775e+00,-2.236067977499789639e-01,4.472135954999579277e-01,-2.236067977499789639e-01,0.000000000000000000e+00,-1.118033988749894903e+00,-1.788854381999831711e+00,-1.341640786499873839e+00,-1.565247584249852775e+00,-1.565247584249852775e+00,-2.012461179749810647e+00,-3.577708763999663422e+00,-2.906888370749726391e+00,-3.801315561749642136e+00,-2.906888370749726391e+00,-3.801315561749642136e+00,-4.024922359499621294e+00,-2.236067977499789805e+00,-1.565247584249852775e+00,-2.683281572999747677e+00,-2.459674775249768519e+00,-8.944271909999158554e-01,-2.236067977499789639e-01,-1.118033988749894903e+00,1.341640786499873839e+00,6.708203932499369193e-01,1.788854381999831711e+00,8.944271909999158554e-01,1.341640786499873839e+00,1.788854381999831711e+00,2.236067977499789639e-01,2.236067977499789639e-01,6.708203932499369193e-01,6.708203932499369193e-01,6.708203932499369193e-01,2.236067977499789639e-01,2.012461179749810647e+00,8.944271909999158554e-01,1.341640786499873839e+00,2.012461179749810647e+00,2.236067977499789805e+00,1.565247584249852775e+00,2.906888370749726391e+00,1.788854381999831711e+00,1.341640786499873839e+00,2.012461179749810647e+00,1.341640786499873839e+00,3.801315561749642136e+00,2.012461179749810647e+00,3.354101966249684263e+00,2.459674775249768519e+00,1.788854381999831711e+00,1.118033988749894903e+00,3.130495168499705549e+00,2.683281572999747677e+00,2.236067977499789805e+00,1.788854381999831711e+00,2.236067977499789805e+00,2.236067977499789805e+00,1.788854381999831711e+00,-2.236067977499789639e-01,4.472135954999579277e-01,1.788854381999831711e+00,6.708203932499369193e-01,8.944271909999158554e-01,6.708203932499369193e-01,8.944271909999158554e-01,4.472135954999579277e-01,2.459674775249768519e+00,8.944271909999158554e-01,1.788854381999831711e+00,4.472135954999579277e-01,1.118033988749894903e+00,2.236067977499789805e+00,2.236067977499789639e-01,0.000000000000000000e+00,8.944271909999158554e-01,8.944271909999158554e-01,1.118033988749894903e+00,1.118033988749894903e+00,1.565247584249852775e+00,4.472135954999579277e-01,8.944271909999158554e-01,-2.236067977499789639e-01,-1.788854381999831711e+00,-1.788854381999831711e+00,-2.906888370749726391e+00,-2.236067977499789639e-01,0.000000000000000000e+00,-6.708203932499369193e-01,-8.944271909999158554e-01,-1.341640786499873839e+00,0.000000000000000000e+00,2.236067977499789639e-01,0.000000000000000000e+00,0.000000000000000000e+00,-4.472135954999579277e-01,-8.944271909999158554e-01,-2.236067977499789639e-01,-2.459674775249768519e+00,-4.024922359499621294e+00,-3.130495168499705549e+00,-1.788854381999831711e+00,-1.565247584249852775e+00,-1.788854381999831711e+00,-1.788854381999831711e+00,-2.906888370749726391e+00,-8.944271909999158554e-01,-6.708203932499369193e-01,-4.472135954999579277e-01,-2.012461179749810647e+00,-2.012461179749810647e+00,-1.565247584249852775e+00,-1.341640786499873839e+00,-1.565247584249852775e+00,-3.354101966249684263e+00,-4.248529157249600452e+00,-4.248529157249600452e+00,-4.248529157249600452e+00,-3.801315561749642136e+00,-2.236067977499789805e+00,0.000000000000000000e+00,1.118033988749894903e+00,1.341640786499873839e+00,-6.708203932499369193e-01,-2.683281572999747677e+00,-1.565247584249852775e+00,-3.130495168499705549e+00,-2.683281572999747677e+00,-4.024922359499621294e+00,-6.037383539249431941e+00,-6.037383539249431941e+00,-6.484597134749389369e+00,-4.919349550499537038e+00,0.000000000000000000e+00,-1.565247584249852775e+00,-1.341640786499873839e+00,-2.236067977499789805e+00,-2.906888370749726391e+00,-2.012461179749810647e+00,-3.354101966249684263e+00,-6.708203932499369193e-01,0.000000000000000000e+00,-8.944271909999158554e-01,-1.788854381999831711e+00,-1.341640786499873839e+00,-8.944271909999158554e-01,2.012461179749810647e+00,0.000000000000000000e+00,-2.236067977499789639e-01,4.472135954999579277e-01,-2.236067977499789639e-01,-2.236067977499789639e-01,-2.236067977499789639e-01,-6.708203932499369193e-01,-1.565247584249852775e+00,-1.565247584249852775e+00,2.012461179749810647e+00,1.341640786499873839e+00,2.906888370749726391e+00,3.130495168499705549e+00,2.906888370749726391e+00,3.577708763999663422e+00,2.906888370749726391e+00,2.012461179749810647e+00,1.788854381999831711e+00,1.788854381999831711e+00,1.341640786499873839e+00,2.012461179749810647e+00,2.683281572999747677e+00,2.012461179749810647e+00,8.944271909999158554e-01,-4.472135954999579277e-01,8.944271909999158554e-01,6.708203932499369193e-01,2.236067977499789639e-01,1.118033988749894903e+00,6.708203932499369193e-01,2.236067977499789639e-01,-4.472135954999579277e-01,0.000000000000000000e+00,1.341640786499873839e+00,1.118033988749894903e+00,6.708203932499369193e-01,-2.236067977499789639e-01,1.788854381999831711e+00,1.788854381999831711e+00,3.354101966249684263e+00,2.459674775249768519e+00,2.236067977499789805e+00,3.801315561749642136e+00,5.366563145999495354e+00,5.142956348249516196e+00,2.683281572999747677e+00,3.801315561749642136e+00,3.577708763999663422e+00,3.801315561749642136e+00,4.919349550499537038e+00,6.037383539249431941e+00,5.142956348249516196e+00,5.366563145999495354e+00,3.130495168499705549e+00,2.459674775249768519e+00,2.459674775249768519e+00,2.906888370749726391e+00,2.236067977499789805e+00,3.354101966249684263e+00,3.130495168499705549e+00,2.236067977499789805e+00,2.236067977499789805e+00,2.459674775249768519e+00,3.130495168499705549e+00,2.236067977499789805e+00,4.919349550499537038e+00,4.919349550499537038e+00,2.683281572999747677e+00,2.459674775249768519e+00,2.683281572999747677e+00,2.012461179749810647e+00,3.354101966249684263e+00,4.024922359499621294e+00,3.354101966249684263e+00,3.577708763999663422e+00,2.012461179749810647e+00,2.459674775249768519e+00,-6.708203932499369193e-01,1.118033988749894903e+00,0.000000000000000000e+00,8.944271909999158554e-01
-4.695742752749557880e+00,-4.695742752749557880e+00,-4.695742752749557880e+00,-5.813776741499452783e+00,-6.260990336999411099e+00,-4.248529157249600452e+00,-3.354101966249684263e+00,-3.577708763999663422e+00,-3.801315561749642136e+00,-2.459674775249768519e+00,-2.236067977499789805e+00,-1.565247584249852775e+00,-2.236067977499789805e+00,-1.788854381999831711e+00,-4.472135954999579277e-01,6.708203932499369193e-01,-1.565247584249852775e+00,-2.906888370749726391e+00,-8.944271909999158554e-01,-3.130495168499705549e+00,-2.012461179749810647e+00,-8.944271909999158554e-01,-1.341640786499873839e+00,0.000000000000000000e+00,0.000000000000000000e+00,1.341640786499873839e+00,1.788854381999831711e+00,1.788854381999831711e+00,3.577708763999663422e+00,1.788854381999831711e+00,4.472135954999579277e-01,-1.565247584249852775e+00,-2.459674775249768519e+00,-2.906888370749726391e+00,-4.472135954999579610e+00,-5.366563145999495354e+00,-5.366563145999495354e+00,-1.341640786499873839e+00,0.000000000000000000e+00,-4.472135954999579277e-01,-6.708203932499369193e-01,-1.118033988749894903e+00,-1.118033988749894903e+00,-1.565247584249852775e+00,-2.459674775249768519e+00,-2.906888370749726391e+00,4.472135954999579277e-01,-4.472135954999579277e-01,0.000000000000000000e+00,-4.472135954999579277e-01,-2.236067977499789639e-01,2.236067977499789639e-01,1.565247584249852775e+00,2.459674775249768519e+00,4.472135954999579277e-01,-2.012461179749810647e+00,-2.236067977499789805e+00,-2.236067977499789805e+00,-3.130495168499705549e+00,-1.565247584249852775e+00,-2.459674775249768519e+00,-2.012461179749810647e+00,-1.341640786499873839e+00,-1.118033988749894903e+00,1.341640786499873839e+00,1.118033988749894903e+00,2.236067977499789805e+00,1.565247584249852775e+00,3.354101966249684263e+00,2.906888370749726391e+00,5.366563145999495354e+00,4.248529157249600452e+00,3.577708763999663422e+00,2.012461179749810647e+00,-8.944271909999158554e-01,-1.565247584249852775e+00,-2.683281572999747677e+00,-3.577708763999663422e+00,-3.801315561749642136e+00,-2.906888370749726391e+00,-1.118033988749894903e+00,-2.236067977499789639e-01,-8.944271909999158554e-01,-8.944271909999158554e-01,-2.683281572999747677e+00,0.000000000000000000e+00,2.236067977499789639e-01,-8.944271909999158554e-01,-4.024922359499621294e+00,-4.472135954999579610e+00,-4.248529157249600452e+00,-4.919349550499537038e+00,-5.366563145999495354e+00,-4.472135954999579610e+00,-3.130495168499705549e+00,-2.012461179749810647e+00,-1.118033988749894903e+00,-3.130495168499705549e+00,-5.366563145999495354e+00,-4.695742752749557880e+00,-5.366563145999495354e+00,-4.919349550499537038e+00,-4.472135954999579610e+00,-4.248529157249600452e+00,-5.366563145999495354e+00,-2.459674775249768519e+00,-2.236067977499789805e+00,-2.236067977499789805e+00,-2.683281572999747677e+00,-5.142956348249516196e+00,-3.577708763999663422e+00,-2.012461179749810647e+00,-3.801315561749642136e+00,-3.801315561749642136e+00,-2.459674775249768519e+00,-3.577708763999663422e+00,-3.577708763999663422e+00,-4.024922359499621294e+00,-1.565247584249852775e+00,8.944271909999158554e-01,1.118033988749894903e+00,2.012461179749810647e+00,1.788854381999831711e+00,8.944271909999158554e-01,8.944271909999158554e-01,1.565247584249852775e+00,2.683281572999747677e+00,3.354101966249684263e+00,3.130495168499705549e+00,1.788854381999831711e+00,1.341640786499873839e+00,-2.236067977499789639e-01,8.944271909999158554e-01,2.012461179749810647e+00,1.341640786499873839e+00,2.236067977499789639e-01,1.118033988749894903e+00,8.944271909999158554e-01,4.024922359499621294e+00,4.024922359499621294e+00,3.577708763999663422e+00,2.459674775249768519e+00,2.683281572999747677e+00,2.906888370749726391e+00,4.024922359499621294e+00,3.354101966249684263e+00,2.459674775249768519e+00,2.012461179749810647e+00,3.130495168499705549e+00,2.683281572999747677e+00,3.354101966249684263e+00,2.683281572999747677e+00,5.590169943749473624e+00,6.037383539249431941e+00,5.590169943749473624e+00,6.037383539249431941e+00,6.708203932499368527e+00,6.708203932499368527e+00,5.590169943749473624e+00,4.248529157249600452e+00,4.472135954999579610e+00,3.130495168499705549e+00,2.683281572999747677e+00,4.248529157249600452e+00,4.248529157249600452e+00,5.142956348249516196e+00,4.024922359499621294e+00,2.906888370749726391e+00,2.459674775249768519e+00,2.012461179749810647e+00,8.944271909999158554e-01,6.708203932499369193e-01,2.012461179749810647e+00,1.565247584249852775e+00,8.944271909999158554e-01,2.236067977499789639e-01,6.708203932499369193e-01,6.708203932499369193e-01,0.000000000000000000e+00,1.565247584249852775e+00,2.906888370749726391e+00,1.118033988749894903e+00,-2.236067977499789639e-01,1.565247584249852775e+00,8.944271909999158554e-01,8.944271909999158554e-01,1.118033988749894903e+00,-6.708203932499369193e-01,-6.708203932499369193e-01,-8.944271909999158554e-01,0.000000000000000000e+00,2.236067977499789639e-01,0.000000000000000000e+00,6.708203932499369193e-01,8.944271909999158554e-01,2.012461179749810647e+00,1.118033988749894903e+00,3.577708763999663422e+00,2.012461179749810647e+00,3.354101966249684263e+00,3.801315561749642136e+00,3.354101966249684263e+00,3.577708763999663422e+00,2.683281572999747677e+00,6.708203932499369193e-01,1.118033988749894903e+00,-8.944271909999158554e-01,-6.708203932499369193e-01,0.000000000000000000e+00,0.000000000000000000e+00,6.708203932499369193e-01,0.000000000000000000e+00,1.118033988749894903e+00,2.906888370749726391e+00,2.906888370749726391e+00,1.565247584249852775e+00,2.459674775249768519e+00,4.472135954999579610e+00,4.248529157249600452e+00,2.906888370749726391e+00,3.577708763999663422e+00,3.577708763999663422e+00,1.341640786499873839e+00,1.341640786499873839e+00,6.708203932499369193e-01,-4.472135954999579277e-01,0.000000000000000000e+00,8.944271909999158554e-01,-2.236067977499789639e-01,-8.944271909999158554e-01,-4.472135954999579277e-01,-4.472135954999579277e-01,-1.341640786499873839e+00,-8.944271909999158554e-01,0.000000000000000000e+00,-8.944271909999158554e-01,-1.341640786499873839e+00,-2.012461179749810647e+00,-8.944271909999158554e-01,6.708203932499369193e-01,8.944271909999158554e-01,2.683281572999747677e+00,1.565247584249852775e+00,6.708203932499369193e-01,-6.708203932499369193e-01,-1.565247584249852775e+00,-6.708203932499369193e-01,-8.944271909999158554e-01,1.118033988749894903e+00,2.236067977499789639e-01,-4.472135954999579277e-01,1.118033988749894903e+00,2.236067977499789639e-01,2.236067977499789805e+00,1.341640786499873839e+00,2.906888370749726391e+00,6.484597134749389369e+00,5.366563145999495354e+00,5.142956348249516196e+00,4.024922359499621294e+00,4.024922359499621294e+00,5.142956348249516196e+00,3.130495168499705549e+00,2.906888370749726391e+00,1.565247584249852775e+00,1.118033988749894903e+00,8.944271909999158554e-01,2.459674775249768519e+00,1.788854381999831711e+00,3.354101966249684263e+00,2.012461179749810647e+00,3.130495168499705549e+00,2.012461179749810647e+00,1.788854381999831711e+00,4.024922359499621294e+00,3.130495168499705549e+00,3.354101966249684263e+00,4.472135954999579277e-01,4.472135954999579277e-01,-1.118033988749894903e+00,-1.118033988749894903e+00,1.118033988749894903e+00,3.354101966249684263e+00,4.472135954999579277e-01,4.472135954999579277e-01,-2.012461179749810647e+00,-4.472135954999579610e+00,-6.037383539249431941e+00,-6.931810730249347685e+00,-6.931810730249347685e+00,-9.838699100999074076e+00,-7.826237921249263430e+00,-6.708203932499368527e+00,-7.826237921249263430e+00,-7.826237921249263430e+00,-4.024922359499621294e+00,-4.248529157249600452e+00,-3.801315561749642136e+00,-2.459674775249768519e+00,-2.683281572999747677e+00,-1.565247584249852775e+00,-8.944271909999158554e-01,0.000000000000000000e+00,-2.012461179749810647e+00,8.944271909999158554e-01,0.000000000000000000e+00,6.708203932499369193e-01,2.236067977499789639e-01,-4.472135954999579277e-01,4.472135954999579277e-01,2.236067977499789639e-01,-8.944271909999158554e-01,-1.565247584249852775e+00,-1.341640786499873839e+00,-2.012461179749810647e+00,-1.565247584249852775e+00,-2.683281572999747677e+00,-2.906888370749726391e+00,-6.260990336999411099e+00,-4.695742752749557880e+00,-2.906888370749726391e+00,-2.459674775249768519e+00,-8.944271909999158554e-01,1.118033988749894903e+00,-4.472135954999579277e-01,1.788854381999831711e+00,-2.236067977499789639e-01,4.472135954999579277e-01,8.944271909999158554e-01,4.472135954999579277e-01,-8.944271909999158554e-01,-2.236067977499789639e-01,-1.788854381999831711e+00,-8.944271909999158554e-01,1.788854381999831711e+00,2.012461179749810647e+00,2.236067977499789805e+00,2.236067977499789805e+00,1.788854381999831711e+00,2.683281572999747677e+00,2.236067977499789639e-01,6.708203932499369193e-01,8.944271909999158554e-01,-8.944271909999158554e-01,-2.236067977499789805e+00,-2.683281572999747677e+00,-2.459674775249768519e+00,-2.906888370749726391e+00,-1.341640786499873839e+00,-4.472135954999579277e-01,-1.788854381999831711e+00,-1.565247584249852775e+00,-3.354101966249684263e+00,0.000000000000000000e+00,-2.236067977499789639e-01,-1.118033988749894903e+00,-2.236067977499789805e+00,-3.577708763999663422e+00,-2.459674775249768519e+00,-4.472135954999579610e+00,-4.248529157249600452e+00,-1.565247584249852775e+00,-6.708203932499369193e-01,-2.012461179749810647e+00,-1.565247584249852775e+00,-2.012461179749810647e+00,-1.788854381999831711e+00,-6.708203932499369193e-01,1.341640786499873839e+00,1.118033988749894903e+00,1.341640786499873839e+00,1.341640786499873839e+00,2.459674775249768519e+00,2.683281572999747677e+00,2.906888370749726391e+00,2.012461179749810647e+00,3.354101966249684263e+00,4.472135954999579610e+00,5.142956348249516196e+00,5.142956348249516196e+00,4.695742752749557880e+00,5.366563145999495354e+00,6.037383539249431941e+00,5.590169943749473624e+00,5.590169943749473624e+00,5.590169943749473624e+00,3.801315561749642136e+00,5.142956348249516196e+00,3.130495168499705549e+00,2.012461179749810647e+00,2.236067977499789805e+00,1.788854381999831711e+00,3.354101966249684263e+00,4.248529157249600452e+00,4.919349550499537038e+00,5.142956348249516196e+00,3.801315561749642136e+00,3.801315561749642136e+00,3.130495168499705549e+00,2.459674775249768519e+00,1.118033988749894903e+00,6.708203932499369193e-01,6.708203932499369193e-01,2.459674775249768519e+00,8.944271909999158554e-01,4.472135954999579277e-01,-8.944271909999158554e-01,-6.708203932499369193e-01,-8.944271909999158554e-01,-4.024922359499621294e+00,-3.130495168499705549e+00,-2.459674775249768519e+00,-1.341640786499873839e+00,-1.788854381999831711e+00,-2.236067977499789805e+00,-2.906888370749726391e+00,-2.683281572999747677e+00,-3.577708763999663422e+00,-3.130495168499705549e+00,-2.459674775249768519e+00,-2.683281572999747677e+00,-2.683281572999747677e+00,-4.695742752749557880e+00,-3.354101966249684263e+00,-4.248529157249600452e+00,-2.459674775249768519e+00,-1.788854381999831711e+00,-3.354101966249684263e+00,-4.472135954999579610e+00,-3.354101966249684263e+00,-3.801315561749642136e+00,-3.577708763999663422e+00,-4.024922359499621294e+00,-3.130495168499705549e+00,-2.459674775249768519e+00,-2.012461179749810647e+00,-3.801315561749642136e+00,-4.024922359499621294e+00,-4.472135954999579610e+00,-4.919349550499537038e+00,-5.142956348249516196e+00,-5.813776741499452783e+00,-5.366563145999495354e+00,-5.590169943749473624e+00,-6.484597134749389369e+00,-7.155417527999326843e+00,-4.919349550499537038e+00,-4.695742752749557880e+00,-3.130495168499705549e+00,-1.341640786499873839e+00,-1.565247584249852775e+00,-1.341640786499873839e+00,6.708203932499369193e-01,-8.944271909999158554e-01,0.000000000000000000e+00,0.000000000000000000e+00,6.708203932499369193e-01,1.118033988749894903e+00,1.565247584249852775e+00,2.459674775249768519e+00,3.577708763999663422e+00,3.130495168499705549e+00,4.248529157249600452e+00,4.695742752749557880e+00,5.366563145999495354e+00,6.931810730249347685e+00,7.155417527999326843e+00,7.379024325749306001e+00,8.049844718999242588e+00,9.167878707749137490e+00,9.838699100999074076e+00,9.391485505499115760e+00,8.273451516749220858e+00,7.155417527999326843e+00,6.260990336999411099e+00,5.813776741499452783e+00,6.260990336999411099e+00,6.260990336999411099e+00,6.037383539249431941e+00,4.919349550499537038e+00,4.248529157249600452e+00,5.366563145999495354e+00,6.931810730249347685e+00,5.142956348249516196e+00,4.472135954999579610e+00,3.354101966249684263e+00,2.683281572999747677e+00,2.459674775249768519e+00,3.801315561749642136e+00,4.024922359499621294e+00,1.788854381999831711e+00,2.459674775249768519e+00,2.012461179749810647e+00,4.919349550499537038e+00,3.801315561749642136e+00,3.130495168499705549e+00,2.683281572999747677e+00,2.683281572999747677e+00,4.024922359499621294e+00,1.788854381999831711e+00
-2.236067977499789639e-01,8.944271909999158554e-01,1.118033988749894903e+00,-1.341640786499873839e+00,-1.565247584249852775e+00,-1.341640786499873839e+00,1.118033988749894903e+00,-1.565247584249852775e+00,-6.708203932499369193e-01,-1.565247584249852775e+00,-1.118033988749894903e+00,-1.118033988749894903e+00,-2.236067977499789805e+00,-4.472135954999579277e-01,-6.708203932499369193e-01,-2.683281572999747677e+00,-3.354101966249684263e+00,-2.012461179749810647e+00,-2.012461179749810647e+00,-2.012461179749810647e+00,2.236067977499789639e-01,1.118033988749894903e+00,2.683281572999747677e+00,2.236067977499789805e+00,4.472135954999579277e-01,2.012461179749810647e+00,2.459674775249768519e+00,2.906888370749726391e+00,4.472135954999579610e+00,2.012461179749810647e+00,1.341640786499873839e+00,1.788854381999831711e+00,2.236067977499789805e+00,2.012461179749810647e+00,1.788854381999831711e+00,1.341640786499873839e+00,2.236067977499789805e+00,3.354101966249684263e+00,8.944271909999158554e-01,1.118033988749894903e+00,-1.341640786499873839e+00,-1.565247584249852775e+00,1.341640786499873839e+00,-2.236067977499789639e-01,-4.472135954999579277e-01,1.341640786499873839e+00,1.341640786499873839e+00,4.472135954999579277e-01,1.788854381999831711e+00,4.472135954999579277e-01,-2.236067977499789805e+00,-1.788854381999831711e+00,-3.577708763999663422e+00,-3.577708763999663422e+00,-4.024922359499621294e+00,-4.248529157249600452e+00,-4.919349550499537038e+00,-7.379024325749306001e+00,-7.826237921249263430e+00,-4.919349550499537038e+00,-3.130495168499705549e+00,-3.577708763999663422e+00,-2.459674775249768519e+00,-3.354101966249684263e+00,-1.788854381999831711e+00,0.000000000000000000e+00,1.118033988749894903e+00,2.236067977499789639e-01,4.472135954999579277e-01,1.788854381999831711e+00,2.236067977499789639e-01,2.236067977499789639e-01,-2.236067977499789639e-01,8.944271909999158554e-01,-6.708203932499369193e-01,-1.565247584249852775e+00,-2.683281572999747677e+00,-2.683281572999747677e+00,-2.683281572999747677e+00,-2.459674775249768519e+00,-3.130495168499705549e+00,-4.695742752749557880e+00,-2.459674775249768519e+00,-4.024922359499621294e+00,-5.366563145999495354e+00,-3.130495168499705549e+00,-3.577708763999663422e+00,-8.944271909999158554e-01,-1.341640786499873839e+00,-6.708203932499369193e-01,-6.708203932499369193e-01,2.236067977499789639e-01,1.788854381999831711e+00,2.906888370749726391e+00,2.459674775249768519e+00,2.906888370749726391e+00,2.459674775249768519e+00,6.708203932499369193e-01,4.472135954999579277e-01,-1.118033988749894903e+00,-8.944271909999158554e-01,4.472135954999579277e-01,-4.472135954999579277e-01,-1.118033988749894903e+00,1.788854381999831711e+00,-2.236067977499789639e-01,-4.472135954999579277e-01,-8.944271909999158554e-01,-2.012461179749810647e+00,-8.944271909999158554e-01,-1.341640786499873839e+00,-3.354101966249684263e+00,-4.472135954999579610e+00,-3.130495168499705549e+00,-6.708203932499369193e-01,1.118033988749894903e+00,1.788854381999831711e+00,3.801315561749642136e+00,2.906888370749726391e+00,2.906888370749726391e+00,1.565247584249852775e+00,6.708203932499369193e-01,3.130495168499705549e+00,3.577708763999663422e+00,2.683281572999747677e+00,1.118033988749894903e+00,2.906888370749726391e+00,2.012461179749810647e+00,1.118033988749894903e+00,-1.341640786499873839e+00,-3.801315561749642136e+00,-3.354101966249684263e+00,-2.906888370749726391e+00,-1.118033988749894903e+00,8.944271909999158554e-01,2.459674775249768519e+00,2.236067977499789805e+00,2.236067977499789805e+00,1.341640786499873839e+00,3.354101966249684263e+00,2.683281572999747677e+00,2.012461179749810647e+00,1.565247584249852775e+00,3.577708763999663422e+00,2.459674775249768519e+00,3.577708763999663422e+00,3.577708763999663422e+00,4.024922359499621294e+00,3.354101966249684263e+00,6.708203932499369193e-01,-2.236067977499789639e-01,-6.708203932499369193e-01,-2.236067977499789639e-01,-2.236067977499789639e-01,4.472135954999579277e-01,4.472135954999579277e-01,-4.472135954999579277e-01,0.000000000000000000e+00,1.118033988749894903e+00,4.472135954999579277e-01,-1.565247584249852775e+00,-1.118033988749894903e+00,-3.577708763999663422e+00,-2.683281572999747677e+00,-3.577708763999663422e+00,-2.236067977499789805e+00,-3.801315561749642136e+00,-3.801315561749642136e+00,-4.919349550499537038e+00,-3.577708763999663422e+00,-4.472135954999579610e+00,-2.683281572999747677e+00,-2.906888370749726391e+00,-1.788854381999831711e+00,-2.459674775249768519e+00,-2.906888370749726391e+00,-2.012461179749810647e+00,-1.788854381999831711e+00,-2.683281572999747677e+00,-1.341640786499873839e+00,-6.708203932499369193e-01,0.000000000000000000e+00,-8.944271909999158554e-01,-1.565247584249852775e+00,-8.944271909999158554e-01,-4.472135954999579277e-01,2.236067977499789639e-01,-1.341640786499873839e+00,-1.565247584249852775e+00,0.000000000000000000e+00,-2.236067977499789639e-01,2.236067977499789639e-01,1.341640786499873839e+00,1.788854381999831711e+00,3.130495168499705549e+00,8.944271909999158554e-01,3.130495168499705549e+00,3.577708763999663422e+00,4.919349550499537038e+00,4.472135954999579610e+00,2.236067977499789805e+00,3.130495168499705549e+00,2.012461179749810647e+00,2.012461179749810647e+00,2.906888370749726391e+00,-2.236067977499789639e-01,-8.944271909999158554e-01,-1.118033988749894903e+00,-1.118033988749894903e+00,-1.565247584249852775e+00,-1.565247584249852775e+00,-2.459674775249768519e+00,-1.341640786499873839e+00,0.000000000000000000e+00,-4.472135954999579277e-01,-8.944271909999158554e-01,0.000000000000000000e+00,6.708203932499369193e-01,2.236067977499789639e-01,-6.708203932499369193e-01,0.000000000000000000e+00,-6.708203932499369193e-01,0.000000000000000000e+00,0.000000000000000000e+00,-6.708203932499369193e-01,-1.341640786499873839e+00,0.000000000000000000e+00,-2.236067977499789639e-01,-6.708203932499369193e-01,6.708203932499369193e-01,6.708203932499369193e-01,1.118033988749894903e+00,2.236067977499789639e-01,2.236067977499789805e+00,4.472135954999579277e-01,4.472135954999579277e-01,2.012461179749810647e+00,1.565247584249852775e+00,8.944271909999158554e-01,2.236067977499789639e-01,4.472135954999579277e-01,4.472135954999579277e-01,-2.906888370749726391e+00,-3.577708763999663422e+00,-2.683281572999747677e+00,-2.236067977499789639e-01,8.944271909999158554e-01,1.118033988749894903e+00,1.565247584249852775e+00,1.565247584249852775e+00,2.683281572999747677e+00,6.708203932499369193e-01,-2.236067977499789639e-01,-3.354101966249684263e+00,-4.248529157249600452e+00,-4.024922359499621294e+00,-5.813776741499452783e+00,-3.130495168499705549e+00,-4.248529157249600452e+00,-4.248529157249600452e+00,-4.695742752749557880e+00,-4.248529157249600452e+00,-3.577708763999663422e+00,-4.472135954999579277e-01,-4.472135954999579277e-01,-1.565247584249852775e+00,-2.012461179749810647e+00,0.000000000000000000e+00,6.708203932499369193e-01,3.130495168499705549e+00,4.695742752749557880e+00,4.248529157249600452e+00,6.260990336999411099e+00,6.260990336999411099e+00,2.459674775249768519e+00,3.354101966249684263e+00,3.354101966249684263e+00,8.944271909999158554e-01,-2.236067977499789639e-01,0.000000000000000000e+00,6.708203932499369193e-01,2.236067977499789805e+00,1.788854381999831711e+00,1.565247584249852775e+00,4.472135954999579277e-01,-2.236067977499789639e-01,6.708203932499369193e-01,8.944271909999158554e-01,-4.472135954999579277e-01,-1.118033988749894903e+00,0.000000000000000000e+00,-2.236067977499789805e+00,-8.944271909999158554e-01,-2.683281572999747677e+00,-4.024922359499621294e+00,-2.459674775249768519e+00,-1.341640786499873839e+00,-1.341640786499873839e+00,-6.708203932499369193e-01,-2.236067977499789639e-01,-1.341640786499873839e+00,4.472135954999579277e-01,1.341640786499873839e+00,2.459674775249768519e+00,2.012461179749810647e+00,-2.236067977499789639e-01,-1.788854381999831711e+00,-1.788854381999831711e+00,-1.341640786499873839e+00,0.000000000000000000e+00,-2.459674775249768519e+00,-1.788854381999831711e+00,-2.012461179749810647e+00,-6.708203932499369193e-01,4.472135954999579277e-01,6.708203932499369193e-01,1.341640786499873839e+00,2.236067977499789805e+00,2.906888370749726391e+00,2.459674775249768519e+00,4.472135954999579610e+00,4.472135954999579610e+00,3.801315561749642136e+00,5.142956348249516196e+00,2.906888370749726391e+00,3.130495168499705549e+00,2.683281572999747677e+00,3.801315561749642136e+00,4.024922359499621294e+00,5.366563145999495354e+00,6.037383539249431941e+00,6.708203932499368527e+00,5.590169943749473624e+00,5.366563145999495354e+00,5.813776741499452783e+00,4.919349550499537038e+00,2.683281572999747677e+00,3.801315561749642136e+00,5.590169943749473624e+00,5.366563145999495354e+00,3.577708763999663422e+00,1.565247584249852775e+00,4.472135954999579277e-01,1.341640786499873839e+00,2.012461179749810647e+00,0.000000000000000000e+00,1.118033988749894903e+00,2.683281572999747677e+00,4.472135954999579610e+00,4.248529157249600452e+00,5.366563145999495354e+00,3.577708763999663422e+00,2.906888370749726391e+00,1.565247584249852775e+00,4.919349550499537038e+00,3.577708763999663422e+00,2.459674775249768519e+00,1.118033988749894903e+00,8.944271909999158554e-01,1.341640786499873839e+00,2.459674775249768519e+00,1.118033988749894903e+00,3.577708763999663422e+00,2.236067977499789805e+00,2.459674775249768519e+00,2.236067977499789805e+00,4.248529157249600452e+00,1.565247584249852775e+00,-6.708203932499369193e-01,1.565247584249852775e+00,6.708203932499369193e-01,8.944271909999158554e-01,2.236067977499789639e-01,0.000000000000000000e+00,-6.708203932499369193e-01,2.236067977499789639e-01,8.944271909999158554e-01,6.708203932499369193e-01,0.000000000000000000e+00,-2.236067977499789639e-01,-2.012461179749810647e+00,-1.565247584249852775e+00,-1.341640786499873839e+00,-8.944271909999158554e-01,-3.577708763999663422e+00,-4.248529157249600452e+00,-2.906888370749726391e+00,-2.683281572999747677e+00,-3.130495168499705549e+00,-1.118033988749894903e+00,-1.788854381999831711e+00,2.236067977499789639e-01,3.354101966249684263e+00,2.683281572999747677e+00,1.565247584249852775e+00,2.236067977499789805e+00,4.248529157249600452e+00,4.024922359499621294e+00,5.366563145999495354e+00,5.366563145999495354e+00,5.366563145999495354e+00,2.012461179749810647e+00,2.236067977499789639e-01,1.565247584249852775e+00,-4.472135954999579277e-01,-8.944271909999158554e-01,-1.788854381999831711e+00,-6.708203932499369193e-01,-2.236067977499789639e-01,2.236067977499789639e-01,-1.118033988749894903e+00,-2.012461179749810647e+00,-3.801315561749642136e+00,-6.484597134749389369e+00,-5.142956348249516196e+00,-6.931810730249347685e+00,-7.379024325749306001e+00,-7.379024325749306001e+00,-6.037383539249431941e+00,-6.260990336999411099e+00,-5.813776741499452783e+00,-4.919349550499537038e+00,-4.248529157249600452e+00,-3.354101966249684263e+00,-6.708203932499369193e-01,-6.708203932499369193e-01,0.000000000000000000e+00,0.000000000000000000e+00,4.472135954999579277e-01,-2.236067977499789639e-01,-4.472135954999579277e-01,1.341640786499873839e+00,2.236067977499789639e-01,1.788854381999831711e+00,2.236067977499789639e-01,-1.341640786499873839e+00,-8.944271909999158554e-01,-8.944271909999158554e-01,-4.472135954999579277e-01,6.708203932499369193e-01,2.012461179749810647e+00,2.236067977499789805e+00,1.565247584249852775e+00,2.683281572999747677e+00,3.354101966249684263e+00,3.801315561749642136e+00,4.248529157249600452e+00,5.590169943749473624e+00,4.695742752749557880e+00,4.472135954999579610e+00,5.590169943749473624e+00,4.472135954999579610e+00,4.919349550499537038e+00,6.484597134749389369e+00,6.931810730249347685e+00,6.260990336999411099e+00,5.142956348249516196e+00,6.708203932499368527e+00,5.590169943749473624e+00,4.695742752749557880e+00,3.577708763999663422e+00,8.944271909999158554e-01,2.236067977499789639e-01,0.000000000000000000e+00,2.236067977499789639e-01,6.708203932499369193e-01,-4.472135954999579277e-01,-2.012461179749810647e+00,-2.236067977499789639e-01,2.236067977499789805e+00,1.118033988749894903e+00,1.565247584249852775e+00,3.130495168499705549e+00,3.130495168499705549e+00,3.354101966249684263e+00,1.788854381999831711e+00,-4.472135954999579277e-01,0.000000000000000000e+00,-2.236067977499789805e+00,-2.236067977499789639e-01,-6.708203932499369193e-01,-2.236067977499789639e-01,-8.944271909999158554e-01,-1.341640786499873839e+00,-2.012461179749810647e+00,-2.236067977499789639e-01,2.236067977499789639e-01,4.472135954999579277e-01,8.944271909999158554e-01,1.565247584249852775e+00,2.906888370749726391e+00,2.012461179749810647e+00,1.788854381999831711e+00,3.354101966249684263e+00,3.577708763999663422e+00,5.142956348249516196e+00,7.602631123499284271e+00,6.931810730249347685e+00,6.931810730249347685e+00,5.590169943749473624e+00
2.236067977499789639e-01,2.236067977499789639e-01,2.236067977499789639e-01,2.236067977499789639e-01,6.708203932499369193e-01,2.236067977499789805e+00,3.354101966249684263e+00,2.906888370749726391e+00,2.906888370749726391e+00,2.236067977499789805e+00,1.565247584249852775e+00,2.683281572999747677e+00,2.236067977499789805e+00,3.801315561749642136e+00,3.130495168499705549e+00,4.024922359499621294e+00,3.577708763999663422e+00,1.788854381999831711e+00,4.472135954999579277e-01,-4.472135954999579277e-01,-6.708203932499369193e-01,4.472135954999579277e-01,-1.341640786499873839e+00,2.236067977499789639e-01,4.472135954999579277e-01,1.118033988749894903e+00,2.906888370749726391e+00,3.801315561749642136e+00,3.801315561749642136e+00,3.354101966249684263e+00,3.801315561749642136e+00,3.801315561749642136e+00,2.236067977499789805e+00,0.000000000000000000e+00,-4.472135954999579277e-01,-1.565247584249852775e+00,-1.118033988749894903e+00,-1.341640786499873839e+00,-1.118033988749894903e+00,-2.236067977499789805e+00,-2.236067977499789639e-01,6.708203932499369193e-01,-1.118033988749894903e+00,-2.236067977499789805e+00,-1.788854381999831711e+00,-1.341640786499873839e+00,-4.472135954999579277e-01,-2.236067977499789639e-01,2.236067977499789639e-01,1.341640786499873839e+00,1.341640786499873839e+00,3.354101966249684263e+00,5.366563145999495354e+00,5.813776741499452783e+00,4.024922359499621294e+00,4.919349550499537038e+00,2.906888370749726391e+00,1.788854381999831711e+00,1.788854381999831711e+00,2.012461179749810647e+00,1.788854381999831711e+00,2.236067977499789639e-01,2.236067977499789805e+00,6.708203932499369193e-01,0.000000000000000000e+00,-4.472135954999579277e-01,-1.788854381999831711e+00,-1.565247584249852775e+00,-1.341640786499873839e+00,-2.906888370749726391e+00,-2.683281572999747677e+00,-5.366563145999495354e+00,-3.354101966249684263e+00,-4.695742752749557880e+00,-5.142956348249516196e+00,-4.024922359499621294e+00,-3.801315561749642136e+00,-3.801315561749642136e+00,-2.906888370749726391e+00,-1.565247584249852775e+00,-6.708203932499369193e-01,2.236067977499789639e-01,1.341640786499873839e+00,-1.341640786499873839e+00,-3.577708763999663422e+00,-4.919349550499537038e+00,-6.037383539249431941e+00,-7.379024325749306001e+00,-5.813776741499452783e+00,-4.024922359499621294e+00,-3.354101966249684263e+00,-2.236067977499789805e+00,-1.788854381999831711e+00,-2.236067977499789639e-01,-4.472135954999579277e-01,-1.788854381999831711e+00,-1.565247584249852775e+00,-8.944271909999158554e-01,-6.708203932499369193e-01,-4.472135954999579277e-01,-4.472135954999579277e-01,-1.788854381999831711e+00,-1.565247584249852775e+00,-2.012461179749810647e+00,-3.354101966249684263e+00,-4.472135954999579277e-01,-1.118033988749894903e+00,-1.565247584249852775e+00,-1.565247584249852775e+00,-4.472135954999579277e-01,-2.236067977499789805e+00,-2.236067977499789805e+00,4.472135954999579277e-01,1.118033988749894903e+00,0.000000000000000000e+00,2.683281572999747677e+00,2.683281572999747677e+00,2.459674775249768519e+00,3.354101966249684263e+00,3.130495168499705549e+00,3.577708763999663422e+00,2.906888370749726391e+00,2.906888370749726391e+00,1.565247584249852775e+00,2.683281572999747677e+00,2.683281572999747677e+00,2.683281572999747677e+00,2.012461179749810647e+00,2.236067977499789805e+00,1.118033988749894903e+00,1.788854381999831711e+00,1.118033988749894903e+00,1.118033988749894903e+00,8.944271909999158554e-01,6.708203932499369193e-01,8.944271909999158554e-01,-8.944271909999158554e-01,-8.944271909999158554e-01,-2.236067977499789639e-01,-1.118033988749894903e+00,-1.118033988749894903e+00,-2.012461179749810647e+00,0.000000000000000000e+00,2.906888370749726391e+00,2.012461179749810647e+00,2.459674775249768519e+00,3.354101966249684263e+00,4.919349550499537038e+00,4.472135954999579610e+00,3.801315561749642136e+00,4.919349550499537038e+00,4.248529157249600452e+00,4.695742752749557880e+00,2.906888370749726391e+00,1.565247584249852775e+00,1.565247584249852775e+00,2.236067977499789805e+00,0.000000000000000000e+00,6.708203932499369193e-01,-4.472135954999579277e-01,-2.236067977499789639e-01,6.708203932499369193e-01,1.118033988749894903e+00,1.118033988749894903e+00,2.459674775249768519e+00,1.788854381999831711e+00,2.906888370749726391e+00,2.683281572999747677e+00,1.788854381999831711e+00,8.944271909999158554e-01,1.118033988749894903e+00,0.000000000000000000e+00,6.708203932499369193e-01,4.472135954999579277e-01,-6.708203932499369193e-01,-1.118033988749894903e+00,-8.944271909999158554e-01,-3.130495168499705549e+00,-1.788854381999831711e+00,-2.236067977499789639e-01,-2.236067977499789639e-01,-6.708203932499369193e-01,1.788854381999831711e+00,8.944271909999158554e-01,1.341640786499873839e+00,2.906888370749726391e+00,2.906888370749726391e+00,3.130495168499705549e+00,2.012461179749810647e+00,0.000000000000000000e+00,2.236067977499789639e-01,-2.236067977499789639e-01,-6.708203932499369193e-01,8.944271909999158554e-01,-8.944271909999158554e-01,-4.472135954999579277e-01,-6.708203932499369193e-01,6.708203932499369193e-01,8.944271909999158554e-01,1.118033988749894903e+00,0.000000000000000000e+00,-1.565247584249852775e+00,-4.472135954999579277e-01,-1.118033988749894903e+00,-1.118033988749894903e+00,-4.472135954999579277e-01,2.236067977499789639e-01,1.788854381999831711e+00,2.906888370749726391e+00,1.788854381999831711e+00,1.788854381999831711e+00,3.354101966249684263e+00,3.354101966249684263e+00,2.236067977499789805e+00,8.944271909999158554e-01,2.459674775249768519e+00,2.906888370749726391e+00,2.459674775249768519e+00,1.118033988749894903e+00,2.236067977499789805e+00,2.236067977499789805e+00,1.341640786499873839e+00,6.708203932499369193e-01,1.565247584249852775e+00,1.341640786499873839e+00,2.236067977499789639e-01,8.944271909999158554e-01,2.012461179749810647e+00,2.683281572999747677e+00,2.459674775249768519e+00,2.236067977499789805e+00,1.788854381999831711e+00,-6.708203932499369193e-01,-8.944271909999158554e-01,-2.236067977499789805e+00,-1.788854381999831711e+00,2.236067977499789639e-01,2.012461179749810647e+00,2.906888370749726391e+00,4.472135954999579277e-01,0.000000000000000000e+00,8.944271909999158554e-01,2.683281572999747677e+00,2.906888370749726391e+00,2.012461179749810647e+00,2.012461179749810647e+00,2.012461179749810647e+00,1.341640786499873839e+00,8.944271909999158554e-01,2.236067977499789639e-01,8.944271909999158554e-01,-2.012461179749810647e+00,-2.236067977499789805e+00,-1.565247584249852775e+00,-6.708203932499369193e-01,6.708203932499369193e-01,1.788854381999831711e+00,1.788854381999831711e+00,3.354101966249684263e+00,2.236067977499789805e+00,8.944271909999158554e-01,2.236067977499789805e+00,1.788854381999831711e+00,2.683281572999747677e+00,2.459674775249768519e+00,1.118033988749894903e+00,4.472135954999579277e-01,1.788854381999831711e+00,2.012461179749810647e+00,2.236067977499789805e+00,2.012461179749810647e+00,6.708203932499369193e-01,2.459674775249768519e+00,2.012461179749810647e+00,1.341640786499873839e+00,4.472135954999579277e-01,1.565247584249852775e+00,4.472135954999579277e-01,0.000000000000000000e+00,-1.788854381999831711e+00,-2.236067977499789805e+00,-8.944271909999158554e-01,-2.012461179749810647e+00,-1.788854381999831711e+00,-3.130495168499705549e+00,-3.354101966249684263e+00,-3.354101966249684263e+00,-8.944271909999158554e-01,-2.459674775249768519e+00,-2.906888370749726391e+00,-4.695742752749557880e+00,-3.577708763999663422e+00,-2.459674775249768519e+00,-3.354101966249684263e+00,-1.565247584249852775e+00,-2.236067977499789805e+00,-2.683281572999747677e+00,-4.248529157249600452e+00,-3.801315561749642136e+00,-2.459674775249768519e+00,-2.012461179749810647e+00,-2.683281572999747677e+00,2.236067977499789639e-01,-1.118033988749894903e+00,-1.788854381999831711e+00,-2.236067977499789805e+00,-1.341640786499873839e+00,-3.354101966249684263e+00,-2.683281572999747677e+00,-2.012461179749810647e+00,-1.565247584249852775e+00,-3.801315561749642136e+00,-3.801315561749642136e+00,-2.906888370749726391e+00,-4.472135954999579610e+00,-4.695742752749557880e+00,-3.801315561749642136e+00,-4.472135954999579610e+00,-4.695742752749557880e+00,-4.472135954999579610e+00,-3.354101966249684263e+00,-2.236067977499789805e+00,-4.248529157249600452e+00,-4.024922359499621294e+00,-4.248529157249600452e+00,-4.024922359499621294e+00,-4.024922359499621294e+00,-5.366563145999495354e+00,-3.130495168499705549e+00,-6.708203932499369193e-01,-6.708203932499369193e-01,-8.944271909999158554e-01,-1.341640786499873839e+00,-1.341640786499873839e+00,-3.577708763999663422e+00,-4.695742752749557880e+00,-6.708203932499368527e+00,-6.484597134749389369e+00,-6.484597134749389369e+00,-4.472135954999579610e+00,-5.813776741499452783e+00,-5.590169943749473624e+00,-5.813776741499452783e+00,-6.708203932499368527e+00,-7.826237921249263430e+00,-5.813776741499452783e+00,-6.484597134749389369e+00,-5.590169943749473624e+00,-4.695742752749557880e+00,-3.354101966249684263e+00,-1.788854381999831711e+00,-2.683281572999747677e+00,-2.012461179749810647e+00,4.472135954999579277e-01,1.118033988749894903e+00,2.012461179749810647e+00,1.788854381999831711e+00,2.683281572999747677e+00,1.118033988749894903e+00,3.801315561749642136e+00,3.130495168499705549e+00,3.354101966249684263e+00,3.577708763999663422e+00,6.708203932499369193e-01,3.577708763999663422e+00,3.354101966249684263e+00,2.236067977499789805e+00,2.236067977499789805e+00,6.708203932499369193e-01,4.472135954999579277e-01,2.236067977499789639e-01,-2.236067977499789639e-01,2.012461179749810647e+00,1.565247584249852775e+00,-2.236067977499789639e-01,-2.012461179749810647e+00,-4.024922359499621294e+00,-5.366563145999495354e+00,-3.577708763999663422e+00,-2.236067977499789805e+00,-2.236067977499789805e+00,-4.695742752749557880e+00,-3.130495168499705549e+00,-3.801315561749642136e+00,-3.801315561749642136e+00,-4.024922359499621294e+00,-4.248529157249600452e+00,-3.354101966249684263e+00,-3.577708763999663422e+00,-3.130495168499705549e+00,-3.130495168499705549e+00,-2.683281572999747677e+00,-2.459674775249768519e+00,-3.577708763999663422e+00,-2.683281572999747677e+00,-1.341640786499873839e+00,-1.118033988749894903e+00,6.708203932499369193e-01,4.472135954999579277e-01,-1.565247584249852775e+00,-1.788854381999831711e+00,-2.906888370749726391e+00,4.472135954999579277e-01,4.472135954999579277e-01,2.236067977499789639e-01,1.118033988749894903e+00,6.708203932499369193e-01,1.788854381999831711e+00,8.944271909999158554e-01,1.118033988749894903e+00,1.788854381999831711e+00,1.788854381999831711e+00,2.906888370749726391e+00,3.577708763999663422e+00,3.354101966249684263e+00,4.248529157249600452e+00,1.118033988749894903e+00,-1.341640786499873839e+00,-1.118033988749894903e+00,-1.565247584249852775e+00,-3.354101966249684263e+00,-2.459674775249768519e+00,-2.459674775249768519e+00,-2.012461179749810647e+00,-4.248529157249600452e+00,-4.919349550499537038e+00,-4.248529157249600452e+00,-3.801315561749642136e+00,-2.236067977499789805e+00,-2.012461179749810647e+00,-3.130495168499705549e+00,-1.565247584249852775e+00,-1.118033988749894903e+00,-4.919349550499537038e+00,-5.590169943749473624e+00,-4.472135954999579610e+00,-4.024922359499621294e+00,-4.695742752749557880e+00,-4.024922359499621294e+00,-4.248529157249600452e+00,-2.236067977499789805e+00,-2.236067977499789639e-01,-2.236067977499789805e+00,-1.565247584249852775e+00,-3.801315561749642136e+00,-3.354101966249684263e+00,-4.024922359499621294e+00,-2.906888370749726391e+00,-2.459674775249768519e+00,-2.906888370749726391e+00,-2.906888370749726391e+00,-1.565247584249852775e+00,-1.788854381999831711e+00,-1.341640786499873839e+00,-6.708203932499369193e-01,-1.565247584249852775e+00,-2.236067977499789805e+00,-2.236067977499789805e+00,-1.565247584249852775e+00,-2.459674775249768519e+00,-4.248529157249600452e+00,-5.366563145999495354e+00,-4.472135954999579610e+00,-3.577708763999663422e+00,2.236067977499789639e-01,-1.118033988749894903e+00,-1.788854381999831711e+00,0.000000000000000000e+00,1.788854381999831711e+00,4.472135954999579277e-01,1.565247584249852775e+00,3.130495168499705549e+00,4.695742752749557880e+00,5.813776741499452783e+00,4.695742752749557880e+00,3.354101966249684263e+00,2.459674775249768519e+00,2.906888370749726391e+00,2.236067977499789805e+00,4.248529157249600452e+00,4.695742752749557880e+00,5.366563145999495354e+00,5.590169943749473624e+00,6.931810730249347685e+00,5.590169943749473624e+00,6.037383539249431941e+00,4.248529157249600452e+00,3.577708763999663422e+00,5.590169943749473624e+00,4.919349550499537038e+00,6.484597134749389369e+00,5.142956348249516196e+00,4.472135954999579610e+00,5.590169943749473624e+00,6.260990336999411099e+00,3.354101966249684263e+00,4.472135954999579610e+00,2.906888370749726391e+00,2.236067977499789805e+00,3.354101966249684263e+00
1.341640786499873839e+00,-6.708203932499369193e-01,-2.236067977499789639e-01,4.472135954999579277e-01,1.118033988749894903e+00,2.236067977499789639e-01,0.000000000000000000e+00,2.236067977499789639e-01,1.118033988749894903e+00,8.944271909999158554e-01,2.906888370749726391e+00,3.354101966249684263e+00,3.130495168499705549e+00,4.695742752749557880e+00,5.366563145999495354e+00,4.695742752749557880e+00,5.366563145999495354e+00,4.919349550499537038e+00,4.248529157249600452e+00,3.801315561749642136e+00,6.931810730249347685e+00,7.155417527999326843e+00,8.273451516749220858e+00,7.155417527999326843e+00,8.720665112249179174e+00,9.615092303249095806e+00,9.615092303249095806e+00,9.615092303249095806e+00,9.838699100999074076e+00,7.379024325749306001e+00,4.472135954999579610e+00,4.695742752749557880e+00,4.919349550499537038e+00,6.037383539249431941e+00,7.379024325749306001e+00,7.155417527999326843e+00,6.708203932499368527e+00,5.366563145999495354e+00,6.260990336999411099e+00,6.037383539249431941e+00,6.260990336999411099e+00,5.590169943749473624e+00,4.919349550499537038e+00,6.037383539249431941e+00,4.472135954999579610e+00,4.248529157249600452e+00,4.695742752749557880e+00,5.590169943749473624e+00,6.260990336999411099e+00,5.813776741499452783e+00,7.602631123499284271e+00,8.273451516749220858e+00,7.826237921249263430e+00,6.037383539249431941e+00,7.155417527999326843e+00,6.260990336999411099e+00,6.708203932499368527e+00,5.813776741499452783e+00,3.577708763999663422e+00,5.366563145999495354e+00,4.248529157249600452e+00,4.024922359499621294e+00,5.813776741499452783e+00,6.037383539249431941e+00,6.260990336999411099e+00,5.366563145999495354e+00,5.813776741499452783e+00,3.801315561749642136e+00,1.118033988749894903e+00,-6.708203932499369193e-01,4.472135954999579277e-01,4.472135954999579277e-01,2.236067977499789639e-01,2.459674775249768519e+00,3.130495168499705549e+00,3.130495168499705549e+00,1.788854381999831711e+00,2.459674775249768519e+00,-4.472135954999579277e-01,8.944271909999158554e-01,-8.944271909999158554e-01,-2.012461179749810647e+00,-3.130495168499705549e+00,-4.919349550499537038e+00,-6.484597134749389369e+00,-6.484597134749389369e+00,-5.813776741499452783e+00,-6.260990336999411099e+00,-5.142956348249516196e+00,-4.919349550499537038e+00,-5.366563145999495354e+00,-5.142956348249516196e+00,-5.366563145999495354e+00,-6.484597134749389369e+00,-6.708203932499368527e+00,-6.037383539249431941e+00,-6.037383539249431941e+00,-6.708203932499368527e+00,-5.590169943749473624e+00,-4.024922359499621294e+00,-4.248529157249600452e+00,-4.248529157249600452e+00,-3.354101966249684263e+00,-2.683281572999747677e+00,-2.683281572999747677e+00,-5.590169943749473624e+00,-4.695742752749557880e+00,-6.484597134749389369e+00,-5.813776741499452783e+00,-7.379024325749306001e+00,-6.931810730249347685e+00,-6.484597134749389369e+00,-6.037383539249431941e+00,-5.813776741499452783e+00,-6.037383539249431941e+00,-5.590169943749473624e+00,-5.142956348249516196e+00,-4.472135954999579610e+00,-3.354101966249684263e+00,-3.130495168499705549e+00,-2.236067977499789805e+00,-2.459674775249768519e+00,-4.024922359499621294e+00,-4.695742752749557880e+00,-3.801315561749642136e+00,-2.683281572999747677e+00,-2.012461179749810647e+00,-8.944271909999158554e-01,-4.472135954999579277e-01,-1.565247584249852775e+00,6.708203932499369193e-01,6.708203932499369193e-01,1.565247584249852775e+00,2.012461179749810647e+00,6.708203932499369193e-01,3.130495168499705549e+00,1.788854381999831711e+00,2.683281572999747677e+00,8.944271909999158554e-01,8.944271909999158554e-01,2.236067977499789639e-01,-4.472135954999579277e-01,4.472135954999579277e-01,8.944271909999158554e-01,1.788854381999831711e+00,1.788854381999831711e+00,1.788854381999831711e+00,1.118033988749894903e+00,1.788854381999831711e+00,2.236067977499789805e+00,1.788854381999831711e+00,1.788854381999831711e+00,2.236067977499789805e+00,2.459674775249768519e+00,2.012461179749810647e+00,4.472135954999579277e-01,-8.944271909999158554e-01,-4.472135954999579277e-01,-6.708203932499369193e-01,2.236067977499789639e-01,-8.944271909999158554e-01,-2.906888370749726391e+00,-3.354101966249684263e+00,-3.577708763999663422e+00,-4.695742752749557880e+00,-4.472135954999579610e+00,-5.142956348249516196e+00,-6.708203932499368527e+00,-6.708203932499368527e+00,-6.708203932499368527e+00,-6.708203932499368527e+00,-6.260990336999411099e+00,-6.484597134749389369e+00,-6.484597134749389369e+00,-5.142956348249516196e+00,-3.577708763999663422e+00,-1.118033988749894903e+00,-1.788854381999831711e+00,-1.118033988749894903e+00,-2.459674775249768519e+00,-2.906888370749726391e+00,-2.683281572999747677e+00,-2.906888370749726391e+00,-1.565247584249852775e+00,-2.236067977499789639e-01,-6.708203932499369193e-01,8.944271909999158554e-01,2.012461179749810647e+00,3.801315561749642136e+00,4.024922359499621294e+00,3.577708763999663422e+00,3.130495168499705549e+00,3.130495168499705549e+00,2.459674775249768519e+00,2.683281572999747677e+00,3.130495168499705549e+00,1.788854381999831711e+00,6.708203932499369193e-01,6.708203932499369193e-01,2.012461179749810647e+00,2.012461179749810647e+00,2.906888370749726391e+00,1.118033988749894903e+00,8.944271909999158554e-01,8.944271909999158554e-01,8.944271909999158554e-01,2.236067977499789805e+00,4.248529157249600452e+00,3.801315561749642136e+00,4.919349550499537038e+00,5.142956348249516196e+00,4.248529157249600452e+00,4.248529157249600452e+00,6.260990336999411099e+00,6.037383539249431941e+00,4.248529157249600452e+00,4.695742752749557880e+00,4.472135954999579610e+00,3.801315561749642136e+00,5.366563145999495354e+00,6.037383539249431941e+00,5.590169943749473624e+00,3.354101966249684263e+00,4.919349550499537038e+00,4.248529157249600452e+00,2.236067977499789639e-01,0.000000000000000000e+00,6.708203932499369193e-01,6.708203932499369193e-01,1.788854381999831711e+00,2.459674775249768519e+00,3.354101966249684263e+00,3.130495168499705549e+00,4.248529157249600452e+00,2.683281572999747677e+00,2.906888370749726391e+00,2.012461179749810647e+00,2.906888370749726391e+00,1.788854381999831711e+00,2.236067977499789805e+00,2.906888370749726391e+00,3.130495168499705549e+00,2.906888370749726391e+00,6.708203932499369193e-01,-2.683281572999747677e+00,-2.906888370749726391e+00,-1.788854381999831711e+00,-2.236067977499789805e+00,-2.906888370749726391e+00,-2.236067977499789805e+00,-2.012461179749810647e+00,-4.248529157249600452e+00,-3.801315561749642136e+00,-4.472135954999579610e+00,-2.012461179749810647e+00,2.236067977499789639e-01,-1.341640786499873839e+00,-2.459674775249768519e+00,-2.012461179749810647e+00,-6.708203932499369193e-01,-2.012461179749810647e+00,-2.459674775249768519e+00,-2.236067977499789805e+00,-3.577708763999663422e+00,-4.919349550499537038e+00,-4.919349550499537038e+00,-7.155417527999326843e+00,-5.366563145999495354e+00,-5.142956348249516196e+00,-4.248529157249600452e+00,-4.919349550499537038e+00,-4.919349550499537038e+00,-6.260990336999411099e+00,-5.142956348249516196e+00,-5.590169943749473624e+00,-4.695742752749557880e+00,-4.919349550499537038e+00,-4.919349550499537038e+00,-5.813776741499452783e+00,-5.813776741499452783e+00,-5.813776741499452783e+00,-5.590169943749473624e+00,-4.695742752749557880e+00,-6.708203932499369193e-01,8.944271909999158554e-01,3.130495168499705549e+00,3.577708763999663422e+00,3.577708763999663422e+00,3.354101966249684263e+00,2.459674775249768519e+00,2.459674775249768519e+00,1.341640786499873839e+00,1.118033988749894903e+00,1.118033988749894903e+00,1.341640786499873839e+00,8.944271909999158554e-01,-2.236067977499789639e-01,1.341640786499873839e+00,1.565247584249852775e+00,2.012461179749810647e+00,3.801315561749642136e+00,4.248529157249600452e+00,4.695742752749557880e+00,3.801315561749642136e+00,1.118033988749894903e+00,2.683281572999747677e+00,8.944271909999158554e-01,1.341640786499873839e+00,8.944271909999158554e-01,1.341640786499873839e+00,6.708203932499369193e-01,4.472135954999579277e-01,-4.472135954999579277e-01,4.472135954999579277e-01,4.472135954999579277e-01,0.000000000000000000e+00,-2.459674775249768519e+00,-2.906888370749726391e+00,-1.788854381999831711e+00,-1.341640786499873839e+00,-1.565247584249852775e+00,-1.341640786499873839e+00,-6.708203932499369193e-01,1.341640786499873839e+00,2.236067977499789805e+00,3.801315561749642136e+00,2.236067977499789805e+00,4.248529157249600452e+00,5.366563145999495354e+00,5.366563145999495354e+00,4.919349550499537038e+00,7.826237921249263430e+00,8.497058314499200904e+00,8.497058314499200904e+00,5.813776741499452783e+00,6.037383539249431941e+00,5.590169943749473624e+00,5.590169943749473624e+00,3.801315561749642136e+00,2.683281572999747677e+00,4.695742752749557880e+00,4.919349550499537038e+00,5.142956348249516196e+00,4.472135954999579610e+00,4.695742752749557880e+00,3.801315561749642136e+00,3.801315561749642136e+00,4.248529157249600452e+00,5.142956348249516196e+00,2.683281572999747677e+00,1.341640786499873839e+00,6.708203932499369193e-01,8.944271909999158554e-01,1.118033988749894903e+00,1.341640786499873839e+00,3.130495168499705549e+00,2.906888370749726391e+00,3.354101966249684263e+00,4.695742752749557880e+00,6.708203932499368527e+00,4.248529157249600452e+00,3.130495168499705549e+00,3.130495168499705549e+00,2.683281572999747677e+00,3.130495168499705549e+00,2.012461179749810647e+00,2.683281572999747677e+00,4.695742752749557880e+00,4.248529157249600452e+00,4.472135954999579610e+00,2.683281572999747677e+00,2.683281572999747677e+00,2.012461179749810647e+00,1.788854381999831711e+00,1.788854381999831711e+00,3.801315561749642136e+00,3.801315561749642136e+00,2.236067977499789805e+00,1.788854381999831711e+00,3.130495168499705549e+00,8.944271909999158554e-01,-1.565247584249852775e+00,8.944271909999158554e-01,-2.236067977499789805e+00,-4.472135954999579277e-01,1.341640786499873839e+00,2.012461179749810647e+00,2.012461179749810647e+00,0.000000000000000000e+00,4.472135954999579277e-01,1.788854381999831711e+00,1.341640786499873839e+00,2.459674775249768519e+00,4.472135954999579277e-01,4.472135954999579277e-01,4.472135954999579277e-01,1.341640786499873839e+00,2.459674775249768519e+00,3.130495168499705549e+00,3.801315561749642136e+00,6.484597134749389369e+00,4.919349550499537038e+00,3.577708763999663422e+00,3.801315561749642136e+00,1.788854381999831711e+00,4.472135954999579277e-01,1.118033988749894903e+00,6.708203932499369193e-01,6.708203932499369193e-01,-2.236067977499789639e-01,-2.236067977499789805e+00,0.000000000000000000e+00,-2.236067977499789639e-01,-2.236067977499789639e-01,-1.118033988749894903e+00,-1.565247584249852775e+00,-1.565247584249852775e+00,2.236067977499789639e-01,-1.118033988749894903e+00,-3.130495168499705549e+00,-3.354101966249684263e+00,-2.012461179749810647e+00,-3.801315561749642136e+00,-3.130495168499705549e+00,-6.708203932499369193e-01,8.944271909999158554e-01,0.000000000000000000e+00,-1.118033988749894903e+00,-1.118033988749894903e+00,-8.944271909999158554e-01,-1.341640786499873839e+00,-6.708203932499369193e-01,-2.236067977499789639e-01,-6.708203932499369193e-01,-2.236067977499789639e-01,-2.236067977499789639e-01,-2.683281572999747677e+00,-2.236067977499789805e+00,-3.130495168499705549e+00,-2.236067977499789805e+00,-2.906888370749726391e+00,-1.788854381999831711e+00,0.000000000000000000e+00,-6.708203932499369193e-01,0.000000000000000000e+00,-4.472135954999579277e-01,-8.944271909999158554e-01,-3.354101966249684263e+00,-2.236067977499789805e+00,-4.024922359499621294e+00,-4.695742752749557880e+00,-3.801315561749642136e+00,-3.354101966249684263e+00,-4.695742752749557880e+00,-4.248529157249600452e+00,-4.695742752749557880e+00,-3.130495168499705549e+00,-1.788854381999831711e+00,-2.459674775249768519e+00,-4.472135954999579610e+00,-4.024922359499621294e+00,-4.919349550499537038e+00,-3.801315561749642136e+00,-5.142956348249516196e+00,-5.366563145999495354e+00,-2.683281572999747677e+00,-2.012461179749810647e+00,-4.024922359499621294e+00,-3.801315561749642136e+00,-3.801315561749642136e+00,-4.024922359499621294e+00,-2.459674775249768519e+00,-1.788854381999831711e+00,-2.906888370749726391e+00,-2.906888370749726391e+00,-2.459674775249768519e+00,-3.354101966249684263e+00,-3.801315561749642136e+00,-4.248529157249600452e+00,-6.037383539249431941e+00,-7.826237921249263430e+00,-7.379024325749306001e+00,-7.155417527999326843e+00,-6.260990336999411099e+00,-3.801315561749642136e+00,-4.024922359499621294e+00,-4.695742752749557880e+00,-5.813776741499452783e+00,-5.590169943749473624e+00,-6.037383539249431941e+00,-5.813776741499452783e+00,-5.366563145999495354e+00,-3.577708763999663422e+00,-3.801315561749642136e+00,-3.577708763999663422e+00,-3.354101966249684263e+00,-3.354101966249684263e+00,-6.708203932499369193e-01,-1.341640786499873839e+00,-2.236067977499789639e-01
-5.813776741499452783e+00,-6.484597134749389369e+00,-5.366563145999495354e+00,-5.366563145999495354e+00,-5.142956348249516196e+00,-2.459674775249768519e+00,-5.142956348249516196e+00,-6.484597134749389369e+00,-4.919349550499537038e+00,-1.565247584249852775e+00,-3.354101966249684263e+00,-2.683281572999747677e+00,-2.012461179749810647e+00,-2.906888370749726391e+00,-3.577708763999663422e+00,-3.577708763999663422e+00,-2.683281572999747677e+00,-2.906888370749726391e+00,-3.130495168499705549e+00,-2.236067977499789805e+00,-1.118033988749894903e+00,-3.354101966249684263e+00,-2.459674775249768519e+00,-1.565247584249852775e+00,-2.459674775249768519e+00,-1.788854381999831711e+00,-2.459674775249768519e+00,-1.118033988749894903e+00,0.000000000000000000e+00,-2.236067977499789639e-01,4.472135954999579277e-01,0.000000000000000000e+00,-2.236067977499789639e-01,-2.236067977499789639e-01,2.236067977499789639e-01,-1.788854381999831711e+00,-1.565247584249852775e+00,-1.341640786499873839e+00,-8.944271909999158554e-01,0.000000000000000000e+00,2.236067977499789639e-01,-1.341640786499873839e+00,-4.472135954999579277e-01,2.012461179749810647e+00,3.130495168499705549e+00,4.248529157249600452e+00,4.024922359499621294e+00,5.590169943749473624e+00,5.813776741499452783e+00,3.801315561749642136e+00,5.366563145999495354e+00,3.801315561749642136e+00,2.683281572999747677e+00,1.788854381999831711e+00,3.130495168499705549e+00,1.788854381999831711e+00,2.459674775249768519e+00,2.012461179749810647e+00,4.024922359499621294e+00,2.012461179749810647e+00,1.788854381999831711e+00,1.788854381999831711e+00,2.683281572999747677e+00,2.683281572999747677e+00,3.801315561749642136e+00,6.260990336999411099e+00,8.720665112249179174e+00,9.167878707749137490e+00,8.273451516749220858e+00,8.720665112249179174e+00,8.049844718999242588e+00,8.497058314499200904e+00,9.167878707749137490e+00,9.615092303249095806e+00,1.140394668524892730e+01,1.207476707849886388e+01,1.185116028074888561e+01,1.050951949424901066e+01,1.140394668524892730e+01,1.274558747174880047e+01,1.229837387624884215e+01,1.185116028074888561e+01,1.162755348299890557e+01,1.229837387624884215e+01,9.838699100999074076e+00,1.185116028074888561e+01,1.207476707849886388e+01,1.207476707849886388e+01,1.207476707849886388e+01,1.319280106724875878e+01,1.006230589874905235e+01,1.050951949424901066e+01,7.826237921249263430e+00,6.260990336999411099e+00,5.813776741499452783e+00,3.130495168499705549e+00,3.577708763999663422e+00,2.012461179749810647e+00,2.683281572999747677e+00,1.118033988749894903e+00,2.459674775249768519e+00,3.354101966249684263e+00,2.683281572999747677e+00,2.236067977499789805e+00,1.565247584249852775e+00,6.708203932499369193e-01,8.944271909999158554e-01,-8.944271909999158554e-01,-2.012461179749810647e+00,-2.012461179749810647e+00,-2.683281572999747677e+00,-3.801315561749642136e+00,-3.577708763999663422e+00,-2.906888370749726391e+00,-4.024922359499621294e+00,-3.354101966249684263e+00,-2.012461179749810647e+00,-2.459674775249768519e+00,-2.459674775249768519e+00,-5.142956348249516196e+00,-5.590169943749473624e+00,-5.813776741499452783e+00,-5.366563145999495354e+00,-5.366563145999495354e+00,-4.472135954999579610e+00,-2.459674775249768519e+00,-1.341640786499873839e+00,-2.683281572999747677e+00,-1.565247584249852775e+00,-1.565247584249852775e+00,-2.236067977499789639e-01,-1.565247584249852775e+00,-1.565247584249852775e+00,-3.130495168499705549e+00,-2.459674775249768519e+00,-3.801315561749642136e+00,-3.801315561749642136e+00,-3.577708763999663422e+00,-2.906888370749726391e+00,-2.459674775249768519e+00,-4.024922359499621294e+00,-2.236067977499789805e+00,-3.130495168499705549e+00,-3.354101966249684263e+00,-8.944271909999158554e-01,-8.944271909999158554e-01,0.000000000000000000e+00,-1.565247584249852775e+00,-2.906888370749726391e+00,-3.130495168499705549e+00,-2.906888370749726391e+00,-3.801315561749642136e+00,-1.788854381999831711e+00,-4.248529157249600452e+00,-5.590169943749473624e+00,-7.155417527999326843e+00,-4.024922359499621294e+00,-4.024922359499621294e+00,-5.813776741499452783e+00,-6.708203932499368527e+00,-6.708203932499368527e+00,-6.931810730249347685e+00,-5.813776741499452783e+00,-5.590169943749473624e+00,-5.813776741499452783e+00,-4.472135954999579610e+00,-4.472135954999579610e+00,-3.130495168499705549e+00,-6.037383539249431941e+00,-6.484597134749389369e+00,-8.273451516749220858e+00,-8.049844718999242588e+00,-6.260990336999411099e+00,-7.379024325749306001e+00,-7.602631123499284271e+00,-7.826237921249263430e+00,-5.366563145999495354e+00,-3.130495168499705549e+00,-3.577708763999663422e+00,-2.906888370749726391e+00,-3.801315561749642136e+00,-3.577708763999663422e+00,-2.906888370749726391e+00,-2.236067977499789805e+00,-2.236067977499789639e-01,2.236067977499789639e-01,-8.944271909999158554e-01,-8.944271909999158554e-01,-4.472135954999579277e-01,-2.236067977499789639e-01,8.944271909999158554e-01,1.341640786499873839e+00,-4.472135954999579277e-01,-1.341640786499873839e+00,-3.577708763999663422e+00,-2.459674775249768519e+00,-2.683281572999747677e+00,-6.708203932499369193e-01,2.236067977499789639e-01,6.708203932499369193e-01,1.788854381999831711e+00,-8.944271909999158554e-01,2.236067977499789639e-01,-2.236067977499789639e-01,-1.341640786499873839e+00,-8.944271909999158554e-01,-1.565247584249852775e+00,-1.118033988749894903e+00,-1.788854381999831711e+00,-1.565247584249852775e+00,-1.118033988749894903e+00,-4.472135954999579277e-01,-1.118033988749894903e+00,6.708203932499369193e-01,2.236067977499789639e-01,1.118033988749894903e+00,4.472135954999579277e-01,4.472135954999579277e-01,1.118033988749894903e+00,1.788854381999831711e+00,2.459674775249768519e+00,1.341640786499873839e+00,2.683281572999747677e+00,3.354101966249684263e+00,4.472135954999579610e+00,2.459674775249768519e+00,3.354101966249684263e+00,3.130495168499705549e+00,3.130495168499705549e+00,2.683281572999747677e+00,2.906888370749726391e+00,2.459674775249768519e+00,3.577708763999663422e+00,2.683281572999747677e+00,2.236067977499789805e+00,3.354101966249684263e+00,5.142956348249516196e+00,3.577708763999663422e+00,2.683281572999747677e+00,2.683281572999747677e+00,3.577708763999663422e+00,3.801315561749642136e+00,4.024922359499621294e+00,2.683281572999747677e+00,2.683281572999747677e+00,3.801315561749642136e+00,2.683281572999747677e+00,1.341640786499873839e+00,2.236067977499789639e-01,2.236067977499789639e-01,6.708203932499369193e-01,6.708203932499369193e-01,-6.708203932499369193e-01,-2.683281572999747677e+00,-3.130495168499705549e+00,-3.130495168499705549e+00,-2.236067977499789805e+00,-2.236067977499789805e+00,-2.683281572999747677e+00,-3.801315561749642136e+00,-3.801315561749642136e+00,-5.366563145999495354e+00,-3.801315561749642136e+00,-3.130495168499705549e+00,-4.024922359499621294e+00,-2.459674775249768519e+00,-2.236067977499789805e+00,-2.236067977499789805e+00,-2.906888370749726391e+00,-2.012461179749810647e+00,-3.801315561749642136e+00,-4.472135954999579610e+00,-6.484597134749389369e+00,-6.708203932499368527e+00,-6.260990336999411099e+00,-6.260990336999411099e+00,-4.919349550499537038e+00,-5.142956348249516196e+00,-5.813776741499452783e+00,-3.801315561749642136e+00,-3.577708763999663422e+00,-3.801315561749642136e+00,-3.130495168499705549e+00,-3.130495168499705549e+00,-2.683281572999747677e+00,-2.012461179749810647e+00,-4.919349550499537038e+00,-4.472135954999579610e+00,-4.248529157249600452e+00,-4.248529157249600452e+00,-4.919349550499537038e+00,-4.248529157249600452e+00,-5.813776741499452783e+00,-6.260990336999411099e+00,-5.590169943749473624e+00,-5.366563145999495354e+00,-4.919349550499537038e+00,-4.472135954999579610e+00,-5.590169943749473624e+00,-7.826237921249263430e+00,-6.484597134749389369e+00,-6.484597134749389369e+00,-6.931810730249347685e+00,-7.379024325749306001e+00,-6.037383539249431941e+00,-4.919349550499537038e+00,-5.813776741499452783e+00,-4.472135954999579610e+00,-4.024922359499621294e+00,-2.683281572999747677e+00,-3.354101966249684263e+00,-1.118033988749894903e+00,-4.472135954999579277e-01,-4.472135954999579277e-01,8.944271909999158554e-01,2.236067977499789639e-01,8.944271909999158554e-01,1.118033988749894903e+00,-4.472135954999579277e-01,4.472135954999579277e-01,6.708203932499369193e-01,-2.236067977499789639e-01,-4.472135954999579277e-01,-2.236067977499789639e-01,1.118033988749894903e+00,-8.944271909999158554e-01,-2.236067977499789805e+00,-2.459674775249768519e+00,-1.788854381999831711e+00,-1.788854381999831711e+00,6.708203932499369193e-01,0.000000000000000000e+00,6.708203932499369193e-01,2.236067977499789805e+00,2.906888370749726391e+00,1.565247584249852775e+00,1.788854381999831711e+00,2.236067977499789639e-01,0.000000000000000000e+00,2.012461179749810647e+00,2.459674775249768519e+00,1.118033988749894903e+00,2.459674775249768519e+00,3.130495168499705549e+00,4.919349550499537038e+00,4.472135954999579610e+00,4.919349550499537038e+00,2.683281572999747677e+00,1.341640786499873839e+00,2.236067977499789805e+00,6.708203932499369193e-01,0.000000000000000000e+00,2.012461179749810647e+00,2.236067977499789805e+00,2.683281572999747677e+00,2.236067977499789805e+00,8.944271909999158554e-01,1.341640786499873839e+00,1.341640786499873839e+00,8.944271909999158554e-01,0.000000000000000000e+00,4.472135954999579277e-01,2.906888370749726391e+00,3.354101966249684263e+00,1.565247584249852775e+00,1.118033988749894903e+00,8.944271909999158554e-01,0.000000000000000000e+00,-2.236067977499789639e-01,1.118033988749894903e+00,1.788854381999831711e+00,1.788854381999831711e+00,1.118033988749894903e+00,-2.236067977499789639e-01,1.341640786499873839e+00,2.459674775249768519e+00,1.788854381999831711e+00,1.565247584249852775e+00,-1.118033988749894903e+00,-2.012461179749810647e+00,-1.118033988749894903e+00,-1.788854381999831711e+00,-1.788854381999831711e+00,-4.919349550499537038e+00,-6.037383539249431941e+00,-6.484597134749389369e+00,-5.590169943749473624e+00,-6.037383539249431941e+00,-3.130495168499705549e+00,-4.248529157249600452e+00,-2.906888370749726391e+00,-3.354101966249684263e+00,-2.012461179749810647e+00,-1.788854381999831711e+00,-1.788854381999831711e+00,-1.118033988749894903e+00,-2.012461179749810647e+00,-8.944271909999158554e-01,4.472135954999579277e-01,8.944271909999158554e-01,1.565247584249852775e+00,2.012461179749810647e+00,1.788854381999831711e+00,8.944271909999158554e-01,-8.944271909999158554e-01,-1.118033988749894903e+00,-1.565247584249852775e+00,-1.565247584249852775e+00,-1.341640786499873839e+00,-2.012461179749810647e+00,-2.459674775249768519e+00,-3.577708763999663422e+00,-3.577708763999663422e+00,-3.130495168499705549e+00,-1.788854381999831711e+00,-1.788854381999831711e+00,-2.236067977499789805e+00,-2.012461179749810647e+00,-2.459674775249768519e+00,-2.459674775249768519e+00,-1.341640786499873839e+00,-2.236067977499789639e-01,-2.012461179749810647e+00,-2.012461179749810647e+00,-2.459674775249768519e+00,-2.236067977499789805e+00,-2.236067977499789805e+00,-3.801315561749642136e+00,-3.577708763999663422e+00,-3.577708763999663422e+00,-2.459674775249768519e+00,-1.341640786499873839e+00,-1.565247584249852775e+00,-1.118033988749894903e+00,0.000000000000000000e+00,-6.708203932499369193e-01,-4.472135954999579277e-01,-1.118033988749894903e+00,8.944271909999158554e-01,6.708203932499369193e-01,1.341640786499873839e+00,-1.565247584249852775e+00,-2.459674775249768519e+00,-2.236067977499789805e+00,-1.118033988749894903e+00,-1.341640786499873839e+00,-4.472135954999579277e-01,-1.565247584249852775e+00,-1.118033988749894903e+00,-1.341640786499873839e+00,-2.906888370749726391e+00,-2.012461179749810647e+00,-6.708203932499369193e-01,-1.788854381999831711e+00,-2.459674775249768519e+00,-6.708203932499369193e-01,2.236067977499789639e-01,1.341640786499873839e+00,1.341640786499873839e+00,1.565247584249852775e+00,0.000000000000000000e+00,-2.012461179749810647e+00,-8.944271909999158554e-01,2.012461179749810647e+00,8.944271909999158554e-01,1.341640786499873839e+00,1.341640786499873839e+00,2.459674775249768519e+00,6.708203932499369193e-01,0.000000000000000000e+00,-2.236067977499789639e-01,0.000000000000000000e+00,-1.118033988749894903e+00,1.788854381999831711e+00,3.354101966249684263e+00,3.577708763999663422e+00,3.354101966249684263e+00,1.788854381999831711e+00,2.683281572999747677e+00,2.906888370749726391e+00,3.354101966249684263e+00,-2.236067977499789639e-01,1.118033988749894903e+00,2.459674775249768519e+00,2.906888370749726391e+00,1.788854381999831711e+00,1.118033988749894903e+00,2.236067977499789639e-01,-4.472135954999579277e-01,-6.708203932499369193e-01,0.000000000000000000e+00,-2.236067977499789805e+00,-1.788854381999831711e+00,-1.118033988749894903e+00,-8.944271909999158554e-01,4.472135954999579277e-01,6.708203932499369193e-01,-1.788854381999831711e+00,-6.708203932499369193e-01,-1.565247584249852775e+00
-3.577708763999663422e+00,-4.024922359499621294e+00,-5.142956348249516196e+00,-4.248529157249600452e+00,-4.248529157249600452e+00,-4.024922359499621294e+00,-2.683281572999747677e+00,-2.236067977499789805e+00,-1.788854381999831711e+00,-2.236067977499789639e-01,6.708203932499369193e-01,8.944271909999158554e-01,2.236067977499789639e-01,-1.788854381999831711e+00,-1.341640786499873839e+00,-2.906888370749726391e+00,-3.354101966249684263e+00,-4.472135954999579610e+00,-4.024922359499621294e+00,-3.801315561749642136e+00,-1.565247584249852775e+00,-2.012461179749810647e+00,-1.118033988749894903e+00,-2.012461179749810647e+00,-2.236067977499789805e+00,-2.683281572999747677e+00,-2.236067977499789805e+00,-1.341640786499873839e+00,-2.459674775249768519e+00,-6.708203932499369193e-01,6.708203932499369193e-01,1.788854381999831711e+00,8.944271909999158554e-01,2.236067977499789639e-01,0.000000000000000000e+00,0.000000000000000000e+00,-4.472135954999579277e-01,8.944271909999158554e-01,-2.236067977499789639e-01,1.118033988749894903e+00,6.708203932499369193e-01,8.944271909999158554e-01,2.236067977499789639e-01,2.236067977499789639e-01,-1.118033988749894903e+00,-1.788854381999831711e+00,-1.118033988749894903e+00,-2.683281572999747677e+00,-3.354101966249684263e+00,-5.142956348249516196e+00,-7.826237921249263430e+00,-8.497058314499200904e+00,-8.273451516749220858e+00,-8.720665112249179174e+00,-1.050951949424901066e+01,-8.720665112249179174e+00,-9.167878707749137490e+00,-9.167878707749137490e+00,-9.167878707749137490e+00,-8.273451516749220858e+00,-6.484597134749389369e+00,-6.037383539249431941e+00,-6.708203932499368527e+00,-6.260990336999411099e+00,-4.695742752749557880e+00,-3.130495168499705549e+00,-3.354101966249684263e+00,-2.236067977499789805e+00,-2.236067977499789805e+00,-2.459674775249768519e+00,-2.459674775249768519e+00,-2.236067977499789805e+00,-2.236067977499789805e+00,-8.944271909999158554e-01,-1.341640786499873839e+00,0.000000000000000000e+00,2.236067977499789639e-01,0.000000000000000000e+00,8.944271909999158554e-01,-8.944271909999158554e-01,0.000000000000000000e+00,1.788854381999831711e+00,1.341640786499873839e+00,2.906888370749726391e+00,3.354101966249684263e+00,2.459674775249768519e+00,3.354101966249684263e+00,2.906888370749726391e+00,1.788854381999831711e+00,2.236067977499789639e-01,1.788854381999831711e+00,4.024922359499621294e+00,2.683281572999747677e+00,2.012461179749810647e+00,3.130495168499705549e+00,3.801315561749642136e+00,3.577708763999663422e+00,2.459674775249768519e+00,3.130495168499705549e+00,4.919349550499537038e+00,2.906888370749726391e+00,2.236067977499789805e+00,3.577708763999663422e+00,1.565247584249852775e+00,3.577708763999663422e+00,2.683281572999747677e+00,1.118033988749894903e+00,8.944271909999158554e-01,1.341640786499873839e+00,2.459674775249768519e+00,2.459674775249768519e+00,1.788854381999831711e+00,8.944271909999158554e-01,4.472135954999579277e-01,4.472135954999579277e-01,2.012461179749810647e+00,1.118033988749894903e+00,2.236067977499789805e+00,2.459674775249768519e+00,1.341640786499873839e+00,-6.708203932499369193e-01,-2.012461179749810647e+00,-1.565247584249852775e+00,-2.459674775249768519e+00,-4.472135954999579610e+00,-5.366563145999495354e+00,-5.366563145999495354e+00,-5.813776741499452783e+00,-4.695742752749557880e+00,-3.577708763999663422e+00,-3.801315561749642136e+00,-2.906888370749726391e+00,-3.801315561749642136e+00,-2.236067977499789805e+00,-1.565247584249852775e+00,-2.236067977499789805e+00,-2.906888370749726391e+00,-2.906888370749726391e+00,-2.906888370749726391e+00,-1.565247584249852775e+00,-1.341640786499873839e+00,-1.341640786499873839e+00,-4.472135954999579277e-01,-8.944271909999158554e-01,-2.236067977499789639e-01,-2.236067977499789639e-01,1.341640786499873839e+00,2.236067977499789639e-01,2.236067977499789639e-01,0.000000000000000000e+00,-2.012461179749810647e+00,-1.565247584249852775e+00,-2.906888370749726391e+00,-2.236067977499789805e+00,-2.236067977499789805e+00,-8.944271909999158554e-01,-8.944271909999158554e-01,-2.236067977499789639e-01,-6.708203932499369193e-01,-1.118033988749894903e+00,1.341640786499873839e+00,2.683281572999747677e+00,1.341640786499873839e+00,8.944271909999158554e-01,4.472135954999579277e-01,8.944271909999158554e-01,1.565247584249852775e+00,1.788854381999831711e+00,1.341640786499873839e+00,2.236067977499789805e+00,2.459674775249768519e+00,5.142956348249516196e+00,2.906888370749726391e+00,2.459674775249768519e+00,1.118033988749894903e+00,2.236067977499789639e-01,1.118033988749894903e+00,2.459674775249768519e+00,3.577708763999663422e+00,4.024922359499621294e+00,3.801315561749642136e+00,2.236067977499789805e+00,2.683281572999747677e+00,1.788854381999831711e+00,8.944271909999158554e-01,-8.944271909999158554e-01,-1.118033988749894903e+00,-2.012461179749810647e+00,-1.341640786499873839e+00,-1.565247584249852775e+00,-1.341640786499873839e+00,8.944271909999158554e-01,-4.472135954999579277e-01,2.012461179749810647e+00,2.683281572999747677e+00,1.788854381999831711e+00,-4.472135954999579277e-01,-1.118033988749894903e+00,-1.341640786499873839e+00,-1.118033988749894903e+00,-1.565247584249852775e+00,-1.788854381999831711e+00,-2.906888370749726391e+00,-4.024922359499621294e+00,-2.906888370749726391e+00,-1.118033988749894903e+00,-2.236067977499789805e+00,-3.130495168499705549e+00,-3.801315561749642136e+00,-2.683281572999747677e+00,1.341640786499873839e+00,2.012461179749810647e+00,1.788854381999831711e+00,2.459674775249768519e+00,3.801315561749642136e+00,3.801315561749642136e+00,2.012461179749810647e+00,2.236067977499789805e+00,3.130495168499705549e+00,2.012461179749810647e+00,3.577708763999663422e+00,2.236067977499789805e+00,4.695742752749557880e+00,2.012461179749810647e+00,1.565247584249852775e+00,-2.236067977499789639e-01,-8.944271909999158554e-01,-6.708203932499369193e-01,1.341640786499873839e+00,3.577708763999663422e+00,3.577708763999663422e+00,4.024922359499621294e+00,3.801315561749642136e+00,3.577708763999663422e+00,2.459674775249768519e+00,1.565247584249852775e+00,2.236067977499789805e+00,3.801315561749642136e+00,3.801315561749642136e+00,2.906888370749726391e+00,3.577708763999663422e+00,3.130495168499705549e+00,4.024922359499621294e+00,4.472135954999579610e+00,2.906888370749726391e+00,1.565247584249852775e+00,-4.472135954999579277e-01,-2.236067977499789639e-01,-8.944271909999158554e-01,-6.708203932499369193e-01,-2.236067977499789639e-01,6.708203932499369193e-01,-6.708203932499369193e-01,-6.708203932499369193e-01,0.000000000000000000e+00,2.236067977499789805e+00,8.944271909999158554e-01,0.000000000000000000e+00,0.000000000000000000e+00,2.236067977499789639e-01,0.000000000000000000e+00,8.944271909999158554e-01,2.236067977499789805e+00,2.906888370749726391e+00,2.236067977499789805e+00,2.906888370749726391e+00,1.788854381999831711e+00,2.012461179749810647e+00,2.906888370749726391e+00,2.459674775249768519e+00,3.130495168499705549e+00,2.459674775249768519e+00,2.683281572999747677e+00,2.012461179749810647e+00,4.472135954999579610e+00,4.695742752749557880e+00,4.919349550499537038e+00,4.919349550499537038e+00,5.142956348249516196e+00,3.577708763999663422e+00,3.577708763999663422e+00,2.683281572999747677e+00,4.248529157249600452e+00,4.024922359499621294e+00,2.683281572999747677e+00,2.459674775249768519e+00,2.236067977499789805e+00,3.577708763999663422e+00,4.472135954999579610e+00,4.695742752749557880e+00,3.130495168499705549e+00,1.118033988749894903e+00,2.236067977499789805e+00,1.341640786499873839e+00,1.341640786499873839e+00,8.944271909999158554e-01,1.118033988749894903e+00,-6.708203932499369193e-01,-2.236067977499789639e-01,6.708203932499369193e-01,-2.236067977499789639e-01,1.341640786499873839e+00,1.788854381999831711e+00,2.683281572999747677e+00,1.565247584249852775e+00,1.788854381999831711e+00,1.118033988749894903e+00,1.565247584249852775e+00,0.000000000000000000e+00,6.708203932499369193e-01,1.341640786499873839e+00,2.683281572999747677e+00,1.565247584249852775e+00,2.683281572999747677e+00,4.472135954999579610e+00,3.130495168499705549e+00,6.708203932499369193e-01,0.000000000000000000e+00,-2.236067977499789639e-01,6.708203932499369193e-01,6.708203932499369193e-01,8.944271909999158554e-01,2.236067977499789639e-01,2.236067977499789639e-01,0.000000000000000000e+00,4.472135954999579277e-01,-1.118033988749894903e+00,-8.944271909999158554e-01,4.472135954999579277e-01,0.000000000000000000e+00,2.236067977499789639e-01,-6.708203932499369193e-01,-2.236067977499789639e-01,-6.708203932499369193e-01,-4.472135954999579277e-01,-6.708203932499369193e-01,-1.341640786499873839e+00,-6.708203932499369193e-01,-2.236067977499789639e-01,-1.118033988749894903e+00,-2.683281572999747677e+00,-3.130495168499705549e+00,-2.906888370749726391e+00,-2.236067977499789805e+00,-2.236067977499789805e+00,-2.906888370749726391e+00,-1.788854381999831711e+00,-2.683281572999747677e+00,-2.012461179749810647e+00,-6.708203932499369193e-01,-8.944271909999158554e-01,-3.354101966249684263e+00,-3.577708763999663422e+00,-3.130495168499705549e+00,-2.459674775249768519e+00,-2.236067977499789805e+00,-1.341640786499873839e+00,-4.248529157249600452e+00,-2.683281572999747677e+00,-2.459674775249768519e+00,-2.012461179749810647e+00,-2.683281572999747677e+00,-1.565247584249852775e+00,-2.236067977499789805e+00,-2.459674775249768519e+00,-4.472135954999579277e-01,-1.118033988749894903e+00,8.944271909999158554e-01,1.118033988749894903e+00,8.944271909999158554e-01,-1.118033988749894903e+00,-1.788854381999831711e+00,-1.341640786499873839e+00,4.472135954999579277e-01,0.000000000000000000e+00,6.708203932499369193e-01,1.565247584249852775e+00,6.708203932499369193e-01,8.944271909999158554e-01,8.944271909999158554e-01,1.341640786499873839e+00,-8.944271909999158554e-01,-1.565247584249852775e+00,-2.683281572999747677e+00,-1.118033988749894903e+00,-2.012461179749810647e+00,-6.708203932499369193e-01,-1.788854381999831711e+00,-6.708203932499369193e-01,6.708203932499369193e-01,2.236067977499789639e-01,-2.459674775249768519e+00,-3.577708763999663422e+00,-1.788854381999831711e+00,-3.354101966249684263e+00,-4.919349550499537038e+00,-4.248529157249600452e+00,-3.801315561749642136e+00,-5.366563145999495354e+00,-4.472135954999579610e+00,-6.484597134749389369e+00,-5.590169943749473624e+00,-5.813776741499452783e+00,-4.919349550499537038e+00,-4.919349550499537038e+00,-2.906888370749726391e+00,-3.801315561749642136e+00,-4.024922359499621294e+00,-2.459674775249768519e+00,-1.341640786499873839e+00,-3.354101966249684263e+00,-3.130495168499705549e+00,-1.341640786499873839e+00,-2.459674775249768519e+00,-1.118033988749894903e+00,-1.341640786499873839e+00,-2.236067977499789805e+00,-2.012461179749810647e+00,-8.944271909999158554e-01,0.000000000000000000e+00,6.708203932499369193e-01,2.236067977499789639e-01,4.472135954999579277e-01,1.118033988749894903e+00,6.708203932499369193e-01,2.012461179749810647e+00,2.236067977499789639e-01,1.118033988749894903e+00,0.000000000000000000e+00,6.708203932499369193e-01,2.236067977499789805e+00,2.012461179749810647e+00,2.683281572999747677e+00,3.354101966249684263e+00,1.788854381999831711e+00,8.944271909999158554e-01,1.118033988749894903e+00,3.801315561749642136e+00,3.577708763999663422e+00,1.565247584249852775e+00,-1.118033988749894903e+00,-8.944271909999158554e-01,4.472135954999579277e-01,8.944271909999158554e-01,4.472135954999579277e-01,1.118033988749894903e+00,3.801315561749642136e+00,4.919349550499537038e+00,4.695742752749557880e+00,3.354101966249684263e+00,3.130495168499705549e+00,3.354101966249684263e+00,1.788854381999831711e+00,1.788854381999831711e+00,2.012461179749810647e+00,8.944271909999158554e-01,8.944271909999158554e-01,6.708203932499369193e-01,0.000000000000000000e+00,-4.472135954999579277e-01,1.118033988749894903e+00,1.565247584249852775e+00,0.000000000000000000e+00,1.341640786499873839e+00,1.565247584249852775e+00,1.118033988749894903e+00,2.012461179749810647e+00,3.130495168499705549e+00,8.944271909999158554e-01,8.944271909999158554e-01,6.708203932499369193e-01,1.118033988749894903e+00,2.236067977499789639e-01,2.236067977499789639e-01,-6.708203932499369193e-01,2.236067977499789639e-01,-4.472135954999579277e-01,-4.472135954999579277e-01,-8.944271909999158554e-01,-4.472135954999579277e-01,-2.236067977499789639e-01,-2.236067977499789639e-01,2.236067977499789639e-01,-4.472135954999579277e-01,-1.565247584249852775e+00,-1.788854381999831711e+00,-1.341640786499873839e+00,-2.012461179749810647e+00,-4.248529157249600452e+00,-3.354101966249684263e+00,-2.236067977499789805e+00,-1.565247584249852775e+00,-1.788854381999831711e+00,-3.577708763999663422e+00,-3.801315561749642136e+00,-3.354101966249684263e+00,-3.801315561749642136e+00,-2.459674775249768519e+00,-1.341640786499873839e+00,0.000000000000000000e+00
3.801315561749642136e+00,2.459674775249768519e+00,3.801315561749642136e+00,5.142956348249516196e+00,6.708203932499368527e+00,5.142956348249516196e+00,4.472135954999579610e+00,4.024922359499621294e+00,6.708203932499368527e+00,6.931810730249347685e+00,5.366563145999495354e+00,6.037383539249431941e+00,6.708203932499368527e+00,6.260990336999411099e+00,4.248529157249600452e+00,3.801315561749642136e+00,4.919349550499537038e+00,4.695742752749557880e+00,5.813776741499452783e+00,5.142956348249516196e+00,4.472135954999579610e+00,3.801315561749642136e+00,4.024922359499621294e+00,2.906888370749726391e+00,1.788854381999831711e+00,2.683281572999747677e+00,2.683281572999747677e+00,1.565247584249852775e+00,-2.236067977499789639e-01,-1.788854381999831711e+00,-1.341640786499873839e+00,-8.944271909999158554e-01,-2.012461179749810647e+00,-2.236067977499789639e-01,2.683281572999747677e+00,3.130495168499705549e+00,2.683281572999747677e+00,2.459674775249768519e+00,2.683281572999747677e+00,1.341640786499873839e+00,2.683281572999747677e+00,2.906888370749726391e+00,1.565247584249852775e+00,8.944271909999158554e-01,1.565247584249852775e+00,2.012461179749810647e+00,1.118033988749894903e+00,4.024922359499621294e+00,3.354101966249684263e+00,3.130495168499705549e+00,3.577708763999663422e+00,3.130495168499705549e+00,5.590169943749473624e+00,4.919349550499537038e+00,6.037383539249431941e+00,7.155417527999326843e+00,6.931810730249347685e+00,8.049844718999242588e+00,8.497058314499200904e+00,9.391485505499115760e+00,9.167878707749137490e+00,9.615092303249095806e+00,9.838699100999074076e+00,8.720665112249179174e+00,8.273451516749220858e+00,7.155417527999326843e+00,6.931810730249347685e+00,5.366563145999495354e+00,6.931810730249347685e+00,7.155417527999326843e+00,7.155417527999326843e+00,5.590169943749473624e+00,4.695742752749557880e+00,4.024922359499621294e+00,5.366563145999495354e+00,6.484597134749389369e+00,7.826237921249263430e+00,6.931810730249347685e+00,5.142956348249516196e+00,5.590169943749473624e+00,5.366563145999495354e+00,5.142956348249516196e+00,6.484597134749389369e+00,6.931810730249347685e+00,6.260990336999411099e+00,5.590169943749473624e+00,4.248529157249600452e+00,4.024922359499621294e+00,4.919349550499537038e+00,4.248529157249600452e+00,4.248529157249600452e+00,5.590169943749473624e+00,6.484597134749389369e+00,5.366563145999495354e+00,3.354101966249684263e+00,3.354101966249684263e+00,1.788854381999831711e+00,0.000000000000000000e+00,0.000000000000000000e+00,-4.472135954999579277e-01,-6.708203932499369193e-01,-8.944271909999158554e-01,-8.944271909999158554e-01,-2.236067977499789639e-01,-6.708203932499369193e-01,-1.788854381999831711e+00,-2.236067977499789805e+00,-6.708203932499369193e-01,-4.472135954999579277e-01,1.788854381999831711e+00,0.000000000000000000e+00,1.565247584249852775e+00,1.565247584249852775e+00,1.341640786499873839e+00,1.341640786499873839e+00,4.248529157249600452e+00,4.472135954999579610e+00,2.906888370749726391e+00,5.813776741499452783e+00,6.484597134749389369e+00,6.260990336999411099e+00,6.484597134749389369e+00,7.602631123499284271e+00,7.379024325749306001e+00,6.484597134749389369e+00,8.049844718999242588e+00,8.720665112249179174e+00,9.167878707749137490e+00,8.720665112249179174e+00,8.273451516749220858e+00,8.049844718999242588e+00,7.602631123499284271e+00,7.602631123499284271e+00,7.155417527999326843e+00,8.273451516749220858e+00,8.720665112249179174e+00,8.720665112249179174e+00,8.720665112249179174e+00,8.273451516749220858e+00,9.391485505499115760e+00,9.838699100999074076e+00,8.944271909999159220e+00,9.391485505499115760e+00,7.155417527999326843e+00,6.037383539249431941e+00,6.484597134749389369e+00,6.037383539249431941e+00,5.590169943749473624e+00,6.037383539249431941e+00,7.826237921249263430e+00,6.260990336999411099e+00,5.813776741499452783e+00,6.037383539249431941e+00,3.577708763999663422e+00,4.248529157249600452e+00,4.919349550499537038e+00,6.484597134749389369e+00,5.590169943749473624e+00,6.260990336999411099e+00,5.590169943749473624e+00,2.459674775249768519e+00,3.577708763999663422e+00,4.695742752749557880e+00,3.577708763999663422e+00,3.577708763999663422e+00,3.577708763999663422e+00,4.695742752749557880e+00,4.695742752749557880e+00,5.590169943749473624e+00,6.260990336999411099e+00,5.142956348249516196e+00,6.260990336999411099e+00,7.379024325749306001e+00,7.602631123499284271e+00,6.708203932499368527e+00,4.695742752749557880e+00,4.248529157249600452e+00,2.683281572999747677e+00,2.906888370749726391e+00,2.012461179749810647e+00,1.565247584249852775e+00,1.118033988749894903e+00,8.944271909999158554e-01,0.000000000000000000e+00,-1.118033988749894903e+00,-8.944271909999158554e-01,-2.236067977499789805e+00,-2.683281572999747677e+00,-2.459674775249768519e+00,-2.012461179749810647e+00,-2.012461179749810647e+00,-2.236067977499789639e-01,-4.472135954999579277e-01,2.236067977499789639e-01,-2.236067977499789639e-01,8.944271909999158554e-01,2.236067977499789805e+00,2.683281572999747677e+00,4.695742752749557880e+00,2.012461179749810647e+00,3.801315561749642136e+00,3.354101966249684263e+00,2.012461179749810647e+00,1.341640786499873839e+00,4.472135954999579277e-01,4.472135954999579277e-01,1.118033988749894903e+00,0.000000000000000000e+00,6.708203932499369193e-01,2.236067977499789805e+00,4.472135954999579277e-01,-1.788854381999831711e+00,-2.683281572999747677e+00,-2.459674775249768519e+00,-2.683281572999747677e+00,-4.248529157249600452e+00,-3.354101966249684263e+00,-4.024922359499621294e+00,-1.788854381999831711e+00,2.236067977499789639e-01,2.906888370749726391e+00,5.142956348249516196e+00,5.142956348249516196e+00,5.590169943749473624e+00,6.708203932499368527e+00,4.472135954999579610e+00,6.037383539249431941e+00,4.919349550499537038e+00,7.155417527999326843e+00,6.484597134749389369e+00,6.260990336999411099e+00,6.484597134749389369e+00,5.142956348249516196e+00,3.801315561749642136e+00,2.906888370749726391e+00,2.236067977499789805e+00,2.683281572999747677e+00,2.459674775249768519e+00,2.459674775249768519e+00,2.012461179749810647e+00,2.236067977499789805e+00,3.130495168499705549e+00,3.130495168499705549e+00,1.565247584249852775e+00,4.472135954999579277e-01,-1.565247584249852775e+00,-2.236067977499789639e-01,-2.236067977499789639e-01,2.236067977499789639e-01,-4.472135954999579277e-01,1.788854381999831711e+00,-4.472135954999579277e-01,-1.788854381999831711e+00,-2.683281572999747677e+00,-4.248529157249600452e+00,-4.248529157249600452e+00,-3.130495168499705549e+00,-4.695742752749557880e+00,-4.695742752749557880e+00,-6.931810730249347685e+00,-8.273451516749220858e+00,-7.826237921249263430e+00,-9.615092303249095806e+00,-9.391485505499115760e+00,-6.931810730249347685e+00,-5.142956348249516196e+00,-5.590169943749473624e+00,-5.590169943749473624e+00,-5.813776741499452783e+00,-4.472135954999579610e+00,-3.801315561749642136e+00,-4.024922359499621294e+00,-4.919349550499537038e+00,-5.813776741499452783e+00,-5.366563145999495354e+00,-6.260990336999411099e+00,-6.037383539249431941e+00,-5.813776741499452783e+00,-6.037383539249431941e+00,-3.801315561749642136e+00,-4.919349550499537038e+00,-4.248529157249600452e+00,-5.590169943749473624e+00,-6.260990336999411099e+00,-6.484597134749389369e+00,-5.366563145999495354e+00,-5.590169943749473624e+00,-6.484597134749389369e+00,-7.826237921249263430e+00,-8.273451516749220858e+00,-6.931810730249347685e+00,-5.590169943749473624e+00,-4.472135954999579610e+00,-4.024922359499621294e+00,-3.577708763999663422e+00,-4.024922359499621294e+00,-2.683281572999747677e+00,-1.118033988749894903e+00,-2.683281572999747677e+00,-3.577708763999663422e+00,-3.801315561749642136e+00,-4.472135954999579610e+00,-3.130495168499705549e+00,-3.577708763999663422e+00,-2.236067977499789805e+00,-3.354101966249684263e+00,-4.472135954999579610e+00,-4.248529157249600452e+00,-2.236067977499789805e+00,-3.130495168499705549e+00,-5.142956348249516196e+00,-4.248529157249600452e+00,-5.813776741499452783e+00,-5.142956348249516196e+00,-4.472135954999579610e+00,-4.248529157249600452e+00,-5.142956348249516196e+00,-4.472135954999579610e+00,-3.354101966249684263e+00,-2.906888370749726391e+00,-1.118033988749894903e+00,0.000000000000000000e+00,6.708203932499369193e-01,-6.708203932499369193e-01,2.683281572999747677e+00,1.341640786499873839e+00,1.118033988749894903e+00,2.906888370749726391e+00,3.801315561749642136e+00,2.906888370749726391e+00,6.708203932499369193e-01,4.472135954999579277e-01,-6.708203932499369193e-01,-4.472135954999579277e-01,-4.472135954999579277e-01,4.472135954999579277e-01,2.236067977499789639e-01,1.565247584249852775e+00,1.788854381999831711e+00,2.906888370749726391e+00,3.130495168499705549e+00,5.142956348249516196e+00,3.577708763999663422e+00,3.577708763999663422e+00,4.024922359499621294e+00,2.683281572999747677e+00,6.708203932499369193e-01,1.788854381999831711e+00,4.248529157249600452e+00,4.024922359499621294e+00,5.590169943749473624e+00,5.590169943749473624e+00,4.472135954999579610e+00,3.577708763999663422e+00,6.260990336999411099e+00,4.024922359499621294e+00,5.366563145999495354e+00,3.354101966249684263e+00,4.024922359499621294e+00,2.906888370749726391e+00,2.906888370749726391e+00,1.788854381999831711e+00,8.944271909999158554e-01,2.683281572999747677e+00,5.142956348249516196e+00,4.695742752749557880e+00,3.130495168499705549e+00,3.130495168499705549e+00,3.577708763999663422e+00,2.459674775249768519e+00,0.000000000000000000e+00,-2.236067977499789805e+00,2.236067977499789639e-01,6.708203932499369193e-01,2.012461179749810647e+00,1.565247584249852775e+00,0.000000000000000000e+00,0.000000000000000000e+00,-8.944271909999158554e-01,-1.565247584249852775e+00,-4.024922359499621294e+00,-5.813776741499452783e+00,-7.379024325749306001e+00,-6.484597134749389369e+00,-4.919349550499537038e+00,-3.354101966249684263e+00,-3.130495168499705549e+00,-2.906888370749726391e+00,-2.683281572999747677e+00,-3.577708763999663422e+00,-1.788854381999831711e+00,-1.118033988749894903e+00,-2.012461179749810647e+00,-1.788854381999831711e+00,-2.012461179749810647e+00,-2.236067977499789805e+00,-3.130495168499705549e+00,-4.919349550499537038e+00,-4.919349550499537038e+00,-6.037383539249431941e+00,-4.472135954999579610e+00,-2.683281572999747677e+00,-3.801315561749642136e+00,-5.142956348249516196e+00,-3.801315561749642136e+00,-2.906888370749726391e+00,-2.459674775249768519e+00,-2.906888370749726391e+00,-1.565247584249852775e+00,-1.788854381999831711e+00,-3.354101966249684263e+00,-1.341640786499873839e+00,-2.459674775249768519e+00,-3.354101966249684263e+00,-2.012461179749810647e+00,-2.459674775249768519e+00,-2.683281572999747677e+00,-6.708203932499369193e-01,-1.341640786499873839e+00,-6.708203932499369193e-01,-2.236067977499789805e+00,-2.906888370749726391e+00,-3.130495168499705549e+00,-1.118033988749894903e+00,1.788854381999831711e+00,2.459674775249768519e+00,1.788854381999831711e+00,6.708203932499369193e-01,-4.472135954999579277e-01,-1.118033988749894903e+00,-8.944271909999158554e-01,-3.130495168499705549e+00,-2.906888370749726391e+00,-3.130495168499705549e+00,-2.459674775249768519e+00,-2.906888370749726391e+00,-2.683281572999747677e+00,-1.788854381999831711e+00,-2.459674775249768519e+00,-2.683281572999747677e+00,-2.012461179749810647e+00,-2.459674775249768519e+00,-2.236067977499789805e+00,-2.683281572999747677e+00,-2.906888370749726391e+00,-2.906888370749726391e+00,-2.683281572999747677e+00,-2.683281572999747677e+00,-6.708203932499369193e-01,-2.236067977499789639e-01,1.565247584249852775e+00,1.565247584249852775e+00,-6.708203932499369193e-01,-1.341640786499873839e+00,-1.565247584249852775e+00,-6.708203932499369193e-01,-2.236067977499789805e+00,-1.341640786499873839e+00,-2.236067977499789805e+00,-8.944271909999158554e-01,-4.472135954999579277e-01,-1.565247584249852775e+00,-6.708203932499369193e-01,6.708203932499369193e-01,6.708203932499369193e-01,0.000000000000000000e+00,1.788854381999831711e+00,1.341640786499873839e+00,1.118033988749894903e+00,3.354101966249684263e+00,1.788854381999831711e+00,6.708203932499369193e-01,1.788854381999831711e+00,3.130495168499705549e+00,3.577708763999663422e+00,1.788854381999831711e+00,2.683281572999747677e+00,3.130495168499705549e+00,2.683281572999747677e+00,4.695742752749557880e+00,2.236067977499789805e+00,3.354101966249684263e+00,2.012461179749810647e+00,8.944271909999158554e-01,6.708203932499369193e-01,-4.472135954999579277e-01,4.472135954999579277e-01,1.341640786499873839e+00,2.012461179749810647e+00,8.944271909999158554e-01,2.012461179749810647e+00,1.565247584249852775e+00,2.236067977499789639e-01,-2.236067977499789639e-01,-1.565247584249852775e+00,-6.708203932499369193e-01,-1.341640786499873839e+00,-1.341640786499873839e+00,1.118033988749894903e+00,4.472135954999579277e-01
5.142956348249516196e+00,5.813776741499452783e+00,4.472135954999579610e+00,5.142956348249516196e+00,3.801315561749642136e+00,2.683281572999747677e+00,4.248529157249600452e+00,6.260990336999411099e+00,4.695742752749557880e+00,4.472135954999579610e+00,3.130495168499705549e+00,4.472135954999579610e+00,6.708203932499369193e-01,6.708203932499369193e-01,-2.459674775249768519e+00,-2.459674775249768519e+00,-6.708203932499369193e-01,-6.708203932499369193e-01,0.000000000000000000e+00,-1.341640786499873839e+00,-6.708203932499369193e-01,-2.236067977499789639e-01,1.565247584249852775e+00,6.708203932499369193e-01,1.565247584249852775e+00,1.118033988749894903e+00,2.012461179749810647e+00,1.565247584249852775e+00,4.472135954999579277e-01,0.000000000000000000e+00,2.236067977499789805e+00,8.944271909999158554e-01,1.118033988749894903e+00,0.000000000000000000e+00,2.236067977499789639e-01,1.341640786499873839e+00,4.248529157249600452e+00,2.236067977499789805e+00,1.565247584249852775e+00,2.683281572999747677e+00,3.130495168499705549e+00,3.130495168499705549e+00,4.248529157249600452e+00,4.472135954999579610e+00,5.590169943749473624e+00,2.906888370749726391e+00,4.472135954999579610e+00,5.813776741499452783e+00,6.931810730249347685e+00,7.155417527999326843e+00,7.602631123499284271e+00,6.708203932499368527e+00,6.260990336999411099e+00,6.037383539249431941e+00,6.484597134749389369e+00,4.919349550499537038e+00,4.248529157249600452e+00,3.354101966249684263e+00,5.590169943749473624e+00,4.472135954999579610e+00,7.826237921249263430e+00,5.813776741499452783e+00,6.931810730249347685e+00,6.260990336999411099e+00,6.260990336999411099e+00,6.931810730249347685e+00,5.366563145999495354e+00,4.472135954999579610e+00,4.695742752749557880e+00,4.919349550499537038e+00,4.024922359499621294e+00,5.366563145999495354e+00,4.919349550499537038e+00,2.012461179749810647e+00,2.459674775249768519e+00,-8.944271909999158554e-01,6.708203932499369193e-01,4.472135954999579277e-01,-4.472135954999579277e-01,-4.472135954999579277e-01,3.130495168499705549e+00,2.683281572999747677e+00,1.788854381999831711e+00,-2.236067977499789639e-01,-4.472135954999579277e-01,0.000000000000000000e+00,0.000000000000000000e+00,-2.236067977499789639e-01,-6.708203932499369193e-01,8.944271909999158554e-01,1.118033988749894903e+00,1.565247584249852775e+00,2.683281572999747677e+00,2.236067977499789805e+00,5.366563145999495354e+00,2.906888370749726391e+00,3.577708763999663422e+00,2.683281572999747677e+00,1.118033988749894903e+00,1.118033988749894903e+00,8.944271909999158554e-01,-1.341640786499873839e+00,-1.341640786499873839e+00,-2.683281572999747677e+00,-2.012461179749810647e+00,-1.118033988749894903e+00,4.472135954999579277e-01,4.472135954999579277e-01,1.565247584249852775e+00,8.944271909999158554e-01,-6.708203932499369193e-01,-2.236067977499789639e-01,6.708203932499369193e-01,-4.472135954999579277e-01,2.236067977499789639e-01,1.341640786499873839e+00,1.565247584249852775e+00,1.788854381999831711e+00,1.118033988749894903e+00,-1.565247584249852775e+00,-8.944271909999158554e-01,-1.565247584249852775e+00,-2.012461179749810647e+00,-8.944271909999158554e-01,2.012461179749810647e+00,2.236067977499789805e+00,1.341640786499873839e+00,1.341640786499873839e+00,2.683281572999747677e+00,2.683281572999747677e+00,3.577708763999663422e+00,2.236067977499789805e+00,2.236067977499789805e+00,2.906888370749726391e+00,8.944271909999158554e-01,-8.944271909999158554e-01,-3.801315561749642136e+00,-4.024922359499621294e+00,-4.472135954999579610e+00,-2.459674775249768519e+00,-6.708203932499369193e-01,-1.565247584249852775e+00,-1.118033988749894903e+00,-2.683281572999747677e+00,-3.354101966249684263e+00,-4.695742752749557880e+00,-3.801315561749642136e+00,-3.801315561749642136e+00,-6.484597134749389369e+00,-4.695742752749557880e+00,-4.919349550499537038e+00,-5.813776741499452783e+00,-6.931810730249347685e+00,-6.260990336999411099e+00,-5.366563145999495354e+00,-6.260990336999411099e+00,-6.484597134749389369e+00,-5.813776741499452783e+00,-5.590169943749473624e+00,-5.142956348249516196e+00,-4.695742752749557880e+00,-4.695742752749557880e+00,-3.801315561749642136e+00,-2.459674775249768519e+00,-3.354101966249684263e+00,-3.354101966249684263e+00,-3.577708763999663422e+00,-2.459674775249768519e+00,-4.024922359499621294e+00,-2.906888370749726391e+00,-5.142956348249516196e+00,-5.813776741499452783e+00,-6.708203932499368527e+00,-7.379024325749306001e+00,-6.931810730249347685e+00,-6.260990336999411099e+00,-5.366563145999495354e+00,-6.708203932499368527e+00,-6.931810730249347685e+00,-6.931810730249347685e+00,-6.484597134749389369e+00,-5.590169943749473624e+00,-5.142956348249516196e+00,-4.695742752749557880e+00,-2.459674775249768519e+00,-1.565247584249852775e+00,-2.459674775249768519e+00,-1.565247584249852775e+00,-1.565247584249852775e+00,-1.788854381999831711e+00,-1.341640786499873839e+00,-8.944271909999158554e-01,4.472135954999579277e-01,4.472135954999579277e-01,4.024922359499621294e+00,4.248529157249600452e+00,5.142956348249516196e+00,4.695742752749557880e+00,3.577708763999663422e+00,2.906888370749726391e+00,2.012461179749810647e+00,1.565247584249852775e+00,6.708203932499369193e-01,1.118033988749894903e+00,2.459674775249768519e+00,3.354101966249684263e+00,3.130495168499705549e+00,2.683281572999747677e+00,4.024922359499621294e+00,3.354101966249684263e+00,3.354101966249684263e+00,4.248529157249600452e+00,2.906888370749726391e+00,2.906888370749726391e+00,2.683281572999747677e+00,2.906888370749726391e+00,4.024922359499621294e+00,3.801315561749642136e+00,2.012461179749810647e+00,3.130495168499705549e+00,2.236067977499789805e+00,1.788854381999831711e+00,1.565247584249852775e+00,2.236067977499789805e+00,1.788854381999831711e+00,-6.708203932499369193e-01,-1.341640786499873839e+00,0.000000000000000000e+00,0.000000000000000000e+00,4.472135954999579277e-01,6.708203932499369193e-01,1.788854381999831711e+00,2.683281572999747677e+00,5.142956348249516196e+00,5.366563145999495354e+00,6.037383539249431941e+00,7.602631123499284271e+00,8.273451516749220858e+00,8.720665112249179174e+00,8.720665112249179174e+00,9.615092303249095806e+00,8.720665112249179174e+00,9.167878707749137490e+00,1.028591269649903239e+01,9.167878707749137490e+00,7.155417527999326843e+00,8.497058314499200904e+00,6.484597134749389369e+00,8.049844718999242588e+00,7.379024325749306001e+00,6.931810730249347685e+00,7.602631123499284271e+00,8.497058314499200904e+00,1.006230589874905235e+01,7.602631123499284271e+00,4.695742752749557880e+00,3.801315561749642136e+00,2.906888370749726391e+00,8.944271909999158554e-01,2.906888370749726391e+00,2.236067977499789805e+00,3.130495168499705549e+00,3.354101966249684263e+00,3.354101966249684263e+00,2.683281572999747677e+00,1.788854381999831711e+00,1.118033988749894903e+00,1.118033988749894903e+00,6.708203932499369193e-01,-2.236067977499789639e-01,1.118033988749894903e+00,-8.944271909999158554e-01,1.118033988749894903e+00,2.683281572999747677e+00,2.459674775249768519e+00,2.459674775249768519e+00,3.130495168499705549e+00,3.801315561749642136e+00,5.366563145999495354e+00,8.049844718999242588e+00,7.826237921249263430e+00,7.826237921249263430e+00,8.720665112249179174e+00,8.720665112249179174e+00,9.167878707749137490e+00,6.931810730249347685e+00,2.906888370749726391e+00,8.944271909999158554e-01,2.236067977499789639e-01,8.944271909999158554e-01,6.708203932499369193e-01,4.472135954999579277e-01,1.565247584249852775e+00,2.459674775249768519e+00,3.130495168499705549e+00,3.354101966249684263e+00,3.354101966249684263e+00,3.354101966249684263e+00,7.826237921249263430e+00,7.379024325749306001e+00,7.155417527999326843e+00,4.695742752749557880e+00,4.472135954999579610e+00,3.577708763999663422e+00,5.142956348249516196e+00,6.037383539249431941e+00,6.484597134749389369e+00,6.484597134749389369e+00,5.366563145999495354e+00,6.484597134749389369e+00,7.826237921249263430e+00,8.049844718999242588e+00,7.602631123499284271e+00,5.590169943749473624e+00,4.024922359499621294e+00,3.801315561749642136e+00,1.565247584249852775e+00,1.341640786499873839e+00,8.944271909999158554e-01,4.472135954999579277e-01,-4.472135954999579277e-01,-8.944271909999158554e-01,-1.341640786499873839e+00,2.236067977499789639e-01,0.000000000000000000e+00,-6.708203932499369193e-01,-6.708203932499369193e-01,-2.236067977499789639e-01,8.944271909999158554e-01,-3.354101966249684263e+00,-4.248529157249600452e+00,-3.577708763999663422e+00,-1.565247584249852775e+00,-1.341640786499873839e+00,-2.236067977499789805e+00,-2.236067977499789805e+00,-2.012461179749810647e+00,-6.708203932499369193e-01,-6.708203932499369193e-01,4.472135954999579277e-01,4.472135954999579277e-01,4.472135954999579277e-01,2.906888370749726391e+00,2.236067977499789805e+00,2.459674775249768519e+00,2.459674775249768519e+00,-2.012461179749810647e+00,-2.012461179749810647e+00,-2.012461179749810647e+00,-1.341640786499873839e+00,-2.906888370749726391e+00,-2.683281572999747677e+00,-2.459674775249768519e+00,-2.459674775249768519e+00,-2.236067977499789805e+00,-3.577708763999663422e+00,-3.577708763999663422e+00,-4.248529157249600452e+00,-3.354101966249684263e+00,-3.130495168499705549e+00,-4.024922359499621294e+00,-2.683281572999747677e+00,-3.130495168499705549e+00,-1.565247584249852775e+00,-1.565247584249852775e+00,-8.944271909999158554e-01,-6.708203932499369193e-01,-2.459674775249768519e+00,-3.577708763999663422e+00,-3.801315561749642136e+00,-3.801315561749642136e+00,-4.248529157249600452e+00,-3.801315561749642136e+00,-5.590169943749473624e+00,-4.024922359499621294e+00,-3.354101966249684263e+00,-4.024922359499621294e+00,-2.012461179749810647e+00,-2.906888370749726391e+00,-4.919349550499537038e+00,-5.366563145999495354e+00,-4.695742752749557880e+00,-4.695742752749557880e+00,-4.024922359499621294e+00,-2.236067977499789805e+00,-2.012461179749810647e+00,-2.236067977499789639e-01,-4.472135954999579277e-01,2.236067977499789639e-01,8.944271909999158554e-01,2.236067977499789805e+00,3.130495168499705549e+00,-2.236067977499789639e-01,-4.472135954999579277e-01,-4.472135954999579277e-01,0.000000000000000000e+00,2.236067977499789639e-01,1.118033988749894903e+00,-1.565247584249852775e+00,-1.788854381999831711e+00,-2.012461179749810647e+00,-8.944271909999158554e-01,-8.944271909999158554e-01,-1.788854381999831711e+00,-3.354101966249684263e+00,-3.577708763999663422e+00,-3.801315561749642136e+00,-2.459674775249768519e+00,-1.565247584249852775e+00,-1.788854381999831711e+00,-1.788854381999831711e+00,-1.118033988749894903e+00,-1.118033988749894903e+00,-1.118033988749894903e+00,-4.472135954999579277e-01,0.000000000000000000e+00,2.236067977499789639e-01,8.944271909999158554e-01,2.236067977499789639e-01,-1.565247584249852775e+00,-2.459674775249768519e+00,-1.341640786499873839e+00,-1.788854381999831711e+00,-1.565247584249852775e+00,-1.565247584249852775e+00,-6.708203932499369193e-01,-2.906888370749726391e+00,-2.012461179749810647e+00,-2.683281572999747677e+00,-4.472135954999579610e+00,-2.012461179749810647e+00,-2.012461179749810647e+00,-1.565247584249852775e+00,-2.236067977499789639e-01,-4.472135954999579277e-01,-2.683281572999747677e+00,-2.906888370749726391e+00,-4.024922359499621294e+00,-4.919349550499537038e+00,-5.813776741499452783e+00,-4.919349550499537038e+00,-4.472135954999579610e+00,-5.366563145999495354e+00,-4.472135954999579610e+00,-4.024922359499621294e+00,-3.354101966249684263e+00,-2.683281572999747677e+00,-2.459674775249768519e+00,-2.906888370749726391e+00,-6.708203932499369193e-01,-2.012461179749810647e+00,-1.341640786499873839e+00,0.000000000000000000e+00,4.472135954999579277e-01,0.000000000000000000e+00,-1.118033988749894903e+00,-2.012461179749810647e+00,-2.459674775249768519e+00,-2.459674775249768519e+00,-2.236067977499789805e+00,-2.683281572999747677e+00,-4.472135954999579610e+00,-4.248529157249600452e+00,-4.695742752749557880e+00,-5.813776741499452783e+00,-6.037383539249431941e+00,-6.260990336999411099e+00,-5.142956348249516196e+00,-5.142956348249516196e+00,-5.590169943749473624e+00,-4.695742752749557880e+00,-2.906888370749726391e+00,-2.906888370749726391e+00,-1.341640786499873839e+00,-2.459674775249768519e+00,-2.906888370749726391e+00,-2.459674775249768519e+00,-6.708203932499369193e-01,-2.236067977499789639e-01,1.788854381999831711e+00,6.708203932499369193e-01,1.341640786499873839e+00,2.683281572999747677e+00,2.906888370749726391e+00,1.341640786499873839e+00,1.118033988749894903e+00,1.565247584249852775e+00,1.118033988749894903e+00,8.944271909999158554e-01,1.118033988749894903e+00,3.130495168499705549e+00,2.683281572999747677e+00,3.577708763999663422e+00,1.788854381999831711e+00,4.024922359499621294e+00,4.695742752749557880e+00,4.919349550499537038e+00,3.354101966249684263e+00,3.577708763999663422e+00,4.024922359499621294e+00
-2.459674775249768519e+00,-3.130495168499705549e+00,-1.565247584249852775e+00,-8.944271909999158554e-01,-2.012461179749810647e+00,-4.248529157249600452e+00,-3.801315561749642136e+00,-1.565247584249852775e+00,-1.565247584249852775e+00,-1.341640786499873839e+00,1.788854381999831711e+00,3.354101966249684263e+00,3.801315561749642136e+00,3.130495168499705549e+00,1.788854381999831711e+00,0.000000000000000000e+00,2.236067977499789639e-01,8.944271909999158554e-01,6.708203932499369193e-01,6.708203932499369193e-01,8.944271909999158554e-01,2.683281572999747677e+00,2.459674775249768519e+00,3.130495168499705549e+00,4.695742752749557880e+00,5.813776741499452783e+00,3.801315561749642136e+00,3.354101966249684263e+00,3.577708763999663422e+00,2.459674775249768519e+00,1.788854381999831711e+00,2.236067977499789805e+00,2.236067977499789805e+00,1.565247584249852775e+00,0.000000000000000000e+00,0.000000000000000000e+00,-1.341640786499873839e+00,-4.472135954999579277e-01,-1.788854381999831711e+00,-3.130495168499705549e+00,-2.236067977499789805e+00,-2.012461179749810647e+00,-2.906888370749726391e+00,-4.024922359499621294e+00,-3.801315561749642136e+00,-2.683281572999747677e+00,-2.012461179749810647e+00,-4.472135954999579277e-01,-1.565247584249852775e+00,-3.354101966249684263e+00,-3.577708763999663422e+00,-2.012461179749810647e+00,-2.012461179749810647e+00,-2.459674775249768519e+00,-2.012461179749810647e+00,-4.024922359499621294e+00,-3.130495168499705549e+00,-4.024922359499621294e+00,-4.695742752749557880e+00,-3.577708763999663422e+00,-2.683281572999747677e+00,-4.248529157249600452e+00,-4.919349550499537038e+00,-4.472135954999579610e+00,-4.024922359499621294e+00,-3.354101966249684263e+00,-1.118033988749894903e+00,-4.472135954999579277e-01,-1.788854381999831711e+00,-1.118033988749894903e+00,-1.118033988749894903e+00,-2.236067977499789805e+00,-3.354101966249684263e+00,-4.248529157249600452e+00,-4.919349550499537038e+00,-4.919349550499537038e+00,-4.248529157249600452e+00,-4.024922359499621294e+00,-4.472135954999579610e+00,-4.919349550499537038e+00,-3.354101966249684263e+00,-2.459674775249768519e+00,-1.565247584249852775e+00,-1.118033988749894903e+00,-1.341640786499873839e+00,-2.683281572999747677e+00,6.708203932499369193e-01,6.708203932499369193e-01,8.944271909999158554e-01,2.236067977499789805e+00,2.012461179749810647e+00,2.012461179749810647e+00,3.130495168499705549e+00,3.577708763999663422e+00,4.248529157249600452e+00,3.801315561749642136e+00,5.142956348249516196e+00,4.024922359499621294e+00,1.788854381999831711e+00,8.944271909999158554e-01,-2.236067977499789639e-01,6.708203932499369193e-01,6.708203932499369193e-01,-6.708203932499369193e-01,-1.118033988749894903e+00,-2.236067977499789805e+00,-2.236067977499789805e+00,-1.565247584249852775e+00,-2.236067977499789639e-01,-1.118033988749894903e+00,-8.944271909999158554e-01,2.236067977499789639e-01,-2.236067977499789639e-01,1.118033988749894903e+00,1.341640786499873839e+00,2.012461179749810647e+00,3.354101966249684263e+00,2.012461179749810647e+00,0.000000000000000000e+00,1.788854381999831711e+00,8.944271909999158554e-01,1.341640786499873839e+00,2.236067977499789639e-01,1.118033988749894903e+00,-1.118033988749894903e+00,-1.788854381999831711e+00,-6.708203932499369193e-01,8.944271909999158554e-01,6.708203932499369193e-01,1.118033988749894903e+00,1.788854381999831711e+00,-4.472135954999579277e-01,8.944271909999158554e-01,1.341640786499873839e+00,-8.944271909999158554e-01,4.472135954999579277e-01,8.944271909999158554e-01,1.118033988749894903e+00,-2.236067977499789639e-01,-1.565247584249852775e+00,-4.472135954999579277e-01,0.000000000000000000e+00,-4.472135954999579277e-01,8.944271909999158554e-01,0.000000000000000000e+00,2.236067977499789639e-01,-6.708203932499369193e-01,2.236067977499789639e-01,2.012461179749810647e+00,6.708203932499369193e-01,8.944271909999158554e-01,1.565247584249852775e+00,2.683281572999747677e+00,2.236067977499789805e+00,1.341640786499873839e+00,1.118033988749894903e+00,2.012461179749810647e+00,3.577708763999663422e+00,2.683281572999747677e+00,1.118033988749894903e+00,1.118033988749894903e+00,1.118033988749894903e+00,2.683281572999747677e+00,2.906888370749726391e+00,3.354101966249684263e+00,3.577708763999663422e+00,2.459674775249768519e+00,5.590169943749473624e+00,4.472135954999579610e+00,4.472135954999579610e+00,4.472135954999579610e+00,4.695742752749557880e+00,5.366563145999495354e+00,4.472135954999579610e+00,6.260990336999411099e+00,4.919349550499537038e+00,2.906888370749726391e+00,1.788854381999831711e+00,1.788854381999831711e+00,1.788854381999831711e+00,6.708203932499369193e-01,1.565247584249852775e+00,1.341640786499873839e+00,1.118033988749894903e+00,6.708203932499369193e-01,2.012461179749810647e+00,2.236067977499789805e+00,1.565247584249852775e+00,2.236067977499789805e+00,2.236067977499789805e+00,-2.236067977499789639e-01,-1.118033988749894903e+00,2.236067977499789639e-01,1.341640786499873839e+00,1.565247584249852775e+00,1.788854381999831711e+00,-4.472135954999579277e-01,-4.472135954999579277e-01,-2.236067977499789639e-01,-1.565247584249852775e+00,-3.130495168499705549e+00,-4.472135954999579610e+00,-5.813776741499452783e+00,-6.260990336999411099e+00,-6.484597134749389369e+00,-6.708203932499368527e+00,-6.484597134749389369e+00,-6.708203932499368527e+00,-7.155417527999326843e+00,-7.155417527999326843e+00,-6.931810730249347685e+00,-5.590169943749473624e+00,-4.919349550499537038e+00,-5.366563145999495354e+00,-2.906888370749726391e+00,-4.472135954999579277e-01,-2.236067977499789639e-01,2.236067977499789639e-01,1.118033988749894903e+00,2.236067977499789805e+00,1.788854381999831711e+00,2.236067977499789639e-01,1.341640786499873839e+00,2.236067977499789639e-01,1.565247584249852775e+00,1.118033988749894903e+00,-4.472135954999579277e-01,8.944271909999158554e-01,-2.236067977499789639e-01,-8.944271909999158554e-01,-1.565247584249852775e+00,-2.459674775249768519e+00,-2.012461179749810647e+00,-3.801315561749642136e+00,-2.012461179749810647e+00,2.236067977499789639e-01,4.472135954999579277e-01,-1.565247584249852775e+00,6.708203932499369193e-01,1.118033988749894903e+00,-2.236067977499789639e-01,-2.236067977499789639e-01,-1.118033988749894903e+00,-2.459674775249768519e+00,-1.788854381999831711e+00,-1.341640786499873839e+00,-8.944271909999158554e-01,-1.118033988749894903e+00,-2.683281572999747677e+00,-4.248529157249600452e+00,-3.577708763999663422e+00,-3.130495168499705549e+00,-1.118033988749894903e+00,-1.118033988749894903e+00,-3.130495168499705549e+00,-2.236067977499789805e+00,-1.565247584249852775e+00,-1.341640786499873839e+00,0.000000000000000000e+00,8.944271909999158554e-01,2.012461179749810647e+00,4.024922359499621294e+00,2.906888370749726391e+00,8.944271909999158554e-01,6.708203932499369193e-01,-6.708203932499369193e-01,4.472135954999579277e-01,2.236067977499789639e-01,1.341640786499873839e+00,2.906888370749726391e+00,8.944271909999158554e-01,4.472135954999579277e-01,-2.236067977499789639e-01,2.236067977499789639e-01,6.708203932499369193e-01,6.708203932499369193e-01,0.000000000000000000e+00,2.012461179749810647e+00,1.565247584249852775e+00,2.012461179749810647e+00,2.906888370749726391e+00,3.577708763999663422e+00,4.472135954999579610e+00,3.801315561749642136e+00,4.248529157249600452e+00,6.484597134749389369e+00,3.577708763999663422e+00,4.472135954999579610e+00,4.024922359499621294e+00,3.577708763999663422e+00,1.118033988749894903e+00,1.565247584249852775e+00,2.012461179749810647e+00,1.341640786499873839e+00,-2.236067977499789639e-01,1.118033988749894903e+00,1.341640786499873839e+00,2.236067977499789639e-01,-1.118033988749894903e+00,6.708203932499369193e-01,1.565247584249852775e+00,2.236067977499789639e-01,2.459674775249768519e+00,3.354101966249684263e+00,3.577708763999663422e+00,3.354101966249684263e+00,3.577708763999663422e+00,6.260990336999411099e+00,7.155417527999326843e+00,4.695742752749557880e+00,3.801315561749642136e+00,2.459674775249768519e+00,1.341640786499873839e+00,2.683281572999747677e+00,4.024922359499621294e+00,5.142956348249516196e+00,4.024922359499621294e+00,3.130495168499705549e+00,1.565247584249852775e+00,6.708203932499369193e-01,1.788854381999831711e+00,1.565247584249852775e+00,4.024922359499621294e+00,3.354101966249684263e+00,2.236067977499789805e+00,4.248529157249600452e+00,3.130495168499705549e+00,3.354101966249684263e+00,4.472135954999579610e+00,3.577708763999663422e+00,3.130495168499705549e+00,1.118033988749894903e+00,3.577708763999663422e+00,5.590169943749473624e+00,3.354101966249684263e+00,3.130495168499705549e+00,2.683281572999747677e+00,3.354101966249684263e+00,3.801315561749642136e+00,4.919349550499537038e+00,4.024922359499621294e+00,4.919349550499537038e+00,4.472135954999579610e+00,3.577708763999663422e+00,2.236067977499789805e+00,2.906888370749726391e+00,4.024922359499621294e+00,5.142956348249516196e+00,5.366563145999495354e+00,4.919349550499537038e+00,6.037383539249431941e+00,6.037383539249431941e+00,4.919349550499537038e+00,3.577708763999663422e+00,1.118033988749894903e+00,2.459674775249768519e+00,3.577708763999663422e+00,4.024922359499621294e+00,2.459674775249768519e+00,1.565247584249852775e+00,2.459674775249768519e+00,1.341640786499873839e+00,4.024922359499621294e+00,2.459674775249768519e+00,4.472135954999579277e-01,0.000000000000000000e+00,1.565247584249852775e+00,2.236067977499789805e+00,2.012461179749810647e+00,1.118033988749894903e+00,1.788854381999831711e+00,2.459674775249768519e+00,4.472135954999579610e+00,5.813776741499452783e+00,3.130495168499705549e+00,1.565247584249852775e+00,-2.236067977499789639e-01,-4.472135954999579277e-01,-1.118033988749894903e+00,-3.130495168499705549e+00,-2.012461179749810647e+00,-2.236067977499789805e+00,-2.236067977499789639e-01,6.708203932499369193e-01,-2.236067977499789639e-01,-2.012461179749810647e+00,-4.472135954999579277e-01,-3.577708763999663422e+00,-5.142956348249516196e+00,-4.919349550499537038e+00,-5.142956348249516196e+00,-5.590169943749473624e+00,-4.919349550499537038e+00,-2.906888370749726391e+00,-3.130495168499705549e+00,-2.459674775249768519e+00,-2.459674775249768519e+00,-2.683281572999747677e+00,-1.788854381999831711e+00,-2.012461179749810647e+00,0.000000000000000000e+00,1.341640786499873839e+00,8.944271909999158554e-01,2.236067977499789639e-01,6.708203932499369193e-01,2.459674775249768519e+00,3.354101966249684263e+00,4.248529157249600452e+00,3.577708763999663422e+00,3.354101966249684263e+00,5.366563145999495354e+00,4.919349550499537038e+00,5.813776741499452783e+00,3.801315561749642136e+00,2.012461179749810647e+00,4.472135954999579610e+00,2.683281572999747677e+00,3.354101966249684263e+00,3.801315561749642136e+00,3.801315561749642136e+00,4.919349550499537038e+00,3.801315561749642136e+00,4.919349550499537038e+00,3.130495168499705549e+00,3.577708763999663422e+00,2.906888370749726391e+00,3.577708763999663422e+00,3.577708763999663422e+00,2.683281572999747677e+00,2.683281572999747677e+00,2.683281572999747677e+00,2.236067977499789805e+00,1.565247584249852775e+00,2.236067977499789805e+00,2.459674775249768519e+00,3.577708763999663422e+00,3.130495168499705549e+00,-2.236067977499789639e-01,-8.944271909999158554e-01,-2.236067977499789639e-01,1.788854381999831711e+00,2.236067977499789639e-01,6.708203932499369193e-01,6.708203932499369193e-01,4.472135954999579277e-01,-2.236067977499789639e-01,1.341640786499873839e+00,8.944271909999158554e-01,8.944271909999158554e-01,4.472135954999579277e-01,2.906888370749726391e+00,2.459674775249768519e+00,1.788854381999831711e+00,2.236067977499789805e+00,1.118033988749894903e+00,4.472135954999579277e-01,4.472135954999579277e-01,2.012461179749810647e+00,3.801315561749642136e+00,4.472135954999579277e-01,4.472135954999579277e-01,4.472135954999579277e-01,-6.708203932499369193e-01,2.236067977499789639e-01,1.788854381999831711e+00,2.459674775249768519e+00,6.708203932499369193e-01,2.683281572999747677e+00,4.024922359499621294e+00,3.354101966249684263e+00,3.354101966249684263e+00,4.024922359499621294e+00,2.683281572999747677e+00,2.012461179749810647e+00,4.919349550499537038e+00,5.813776741499452783e+00,5.813776741499452783e+00,6.037383539249431941e+00,7.155417527999326843e+00,6.260990336999411099e+00,6.260990336999411099e+00,7.379024325749306001e+00,6.037383539249431941e+00,5.813776741499452783e+00,4.472135954999579610e+00,2.683281572999747677e+00,1.788854381999831711e+00,2.459674775249768519e+00,2.683281572999747677e+00,4.248529157249600452e+00,6.484597134749389369e+00,5.142956348249516196e+00,4.472135954999579610e+00,2.683281572999747677e+00,4.248529157249600452e+00,4.695742752749557880e+00,5.813776741499452783e+00,5.366563145999495354e+00,4.695742752749557880e+00,2.906888370749726391e+00
0.000000000000000000e+00,-1.788854381999831711e+00,-6.708203932499369193e-01,-1.565247584249852775e+00,-6.708203932499369193e-01,1.118033988749894903e+00,2.236067977499789639e-01,-8.944271909999158554e-01,-2.012461179749810647e+00,-8.944271909999158554e-01,-2.459674775249768519e+00,4.472135954999579277e-01,2.236067977499789805e+00,2.012461179749810647e+00,1.341640786499873839e+00,4.472135954999579277e-01,0.000000000000000000e+00,-4.472135954999579277e-01,-1.788854381999831711e+00,-2.459674775249768519e+00,0.000000000000000000e+00,-6.708203932499369193e-01,-6.708203932499369193e-01,-1.341640786499873839e+00,-1.118033988749894903e+00,-4.472135954999579277e-01,-4.472135954999579277e-01,-2.236067977499789639e-01,1.341640786499873839e+00,2.236067977499789805e+00,0.000000000000000000e+00,-2.236067977499789805e+00,-2.683281572999747677e+00,-2.683281572999747677e+00,-2.236067977499789805e+00,-8.944271909999158554e-01,8.944271909999158554e-01,6.708203932499369193e-01,8.944271909999158554e-01,2.236067977499789639e-01,2.906888370749726391e+00,2.236067977499789805e+00,2.683281572999747677e+00,2.236067977499789639e-01,-2.236067977499789639e-01,0.000000000000000000e+00,8.944271909999158554e-01,2.906888370749726391e+00,2.012461179749810647e+00,3.130495168499705549e+00,1.341640786499873839e+00,2.236067977499789805e+00,2.683281572999747677e+00,3.130495168499705549e+00,2.683281572999747677e+00,2.459674775249768519e+00,2.683281572999747677e+00,2.906888370749726391e+00,2.683281572999747677e+00,2.459674775249768519e+00,3.801315561749642136e+00,2.683281572999747677e+00,2.236067977499789639e-01,-2.236067977499789639e-01,1.788854381999831711e+00,1.118033988749894903e+00,4.472135954999579277e-01,2.236067977499789805e+00,3.130495168499705549e+00,3.577708763999663422e+00,3.801315561749642136e+00,3.354101966249684263e+00,3.354101966249684263e+00,3.354101966249684263e+00,4.024922359499621294e+00,4.248529157249600452e+00,4.695742752749557880e+00,3.577708763999663422e+00,3.354101966249684263e+00,4.248529157249600452e+00,4.919349550499537038e+00,1.788854381999831711e+00,6.708203932499369193e-01,-4.472135954999579277e-01,1.788854381999831711e+00,1.565247584249852775e+00,6.708203932499369193e-01,4.472135954999579277e-01,0.000000000000000000e+00,0.000000000000000000e+00,-1.341640786499873839e+00,-6.708203932499369193e-01,-1.565247584249852775e+00,-3.801315561749642136e+00,-3.354101966249684263e+00,-6.037383539249431941e+00,-4.472135954999579610e+00,-2.236067977499789805e+00,-1.565247584249852775e+00,-1.565247584249852775e+00,-8.944271909999158554e-01,-1.565247584249852775e+00,-2.683281572999747677e+00,-2.459674775249768519e+00,-2.683281572999747677e+00,-3.130495168499705549e+00,-2.459674775249768519e+00,-2.459674775249768519e+00,-2.906888370749726391e+00,-3.577708763999663422e+00,-2.906888370749726391e+00,-4.919349550499537038e+00,-2.459674775249768519e+00,-1.341640786499873839e+00,-3.801315561749642136e+00,-2.012461179749810647e+00,-2.012461179749810647e+00,-2.459674775249768519e+00,-4.472135954999579277e-01,0.000000000000000000e+00,-4.472135954999579277e-01,-2.236067977499789639e-01,-4.472135954999579277e-01,2.236067977499789639e-01,-1.118033988749894903e+00,1.341640786499873839e+00,0.000000000000000000e+00,1.118033988749894903e+00,4.472135954999579277e-01,6.708203932499369193e-01,1.341640786499873839e+00,1.565247584249852775e+00,1.341640786499873839e+00,-1.118033988749894903e+00,1.565247584249852775e+00,4.024922359499621294e+00,5.590169943749473624e+00,4.024922359499621294e+00,4.248529157249600452e+00,3.577708763999663422e+00,3.130495168499705549e+00,3.801315561749642136e+00,2.012461179749810647e+00,3.130495168499705549e+00,2.012461179749810647e+00,0.000000000000000000e+00,8.944271909999158554e-01,-6.708203932499369193e-01,-1.565247584249852775e+00,-1.788854381999831711e+00,-2.683281572999747677e+00,-2.459674775249768519e+00,-1.565247584249852775e+00,-3.130495168499705549e+00,-8.944271909999158554e-01,-1.565247584249852775e+00,-1.118033988749894903e+00,-4.472135954999579277e-01,-2.012461179749810647e+00,-1.565247584249852775e+00,-2.906888370749726391e+00,-3.801315561749642136e+00,-4.024922359499621294e+00,-3.577708763999663422e+00,-4.024922359499621294e+00,-3.801315561749642136e+00,-3.577708763999663422e+00,-4.248529157249600452e+00,-4.919349550499537038e+00,-5.590169943749473624e+00,-6.037383539249431941e+00,-7.826237921249263430e+00,-5.142956348249516196e+00,-4.472135954999579610e+00,-2.683281572999747677e+00,-2.236067977499789805e+00,-4.248529157249600452e+00,-4.695742752749557880e+00,-2.459674775249768519e+00,-1.341640786499873839e+00,-1.565247584249852775e+00,-2.906888370749726391e+00,-4.024922359499621294e+00,-5.142956348249516196e+00,-5.142956348249516196e+00,-3.801315561749642136e+00,-6.484597134749389369e+00,-4.472135954999579610e+00,-4.472135954999579610e+00,-4.919349550499537038e+00,-6.484597134749389369e+00,-4.695742752749557880e+00,-3.577708763999663422e+00,-5.590169943749473624e+00,-5.142956348249516196e+00,-4.024922359499621294e+00,-4.472135954999579610e+00,-6.931810730249347685e+00,-6.260990336999411099e+00,-5.813776741499452783e+00,-6.931810730249347685e+00,-5.366563145999495354e+00,-5.366563145999495354e+00,-5.142956348249516196e+00,-6.260990336999411099e+00,-4.024922359499621294e+00,-3.577708763999663422e+00,2.236067977499789639e-01,-8.944271909999158554e-01,-1.118033988749894903e+00,-3.130495168499705549e+00,-2.236067977499789805e+00,-2.906888370749726391e+00,-4.024922359499621294e+00,-3.577708763999663422e+00,-4.472135954999579277e-01,-6.708203932499369193e-01,-2.906888370749726391e+00,-2.906888370749726391e+00,-4.472135954999579610e+00,-3.130495168499705549e+00,-2.012461179749810647e+00,-2.683281572999747677e+00,-4.695742752749557880e+00,-4.024922359499621294e+00,-4.472135954999579610e+00,-4.472135954999579610e+00,-3.801315561749642136e+00,-2.906888370749726391e+00,-2.236067977499789805e+00,-1.788854381999831711e+00,-1.788854381999831711e+00,-1.341640786499873839e+00,-1.341640786499873839e+00,-1.118033988749894903e+00,-4.472135954999579277e-01,-6.708203932499369193e-01,2.236067977499789639e-01,4.472135954999579277e-01,1.565247584249852775e+00,2.012461179749810647e+00,4.024922359499621294e+00,4.024922359499621294e+00,5.590169943749473624e+00,5.366563145999495354e+00,5.590169943749473624e+00,6.484597134749389369e+00,4.919349550499537038e+00,5.142956348249516196e+00,6.037383539249431941e+00,6.484597134749389369e+00,6.484597134749389369e+00,6.037383539249431941e+00,4.472135954999579610e+00,2.683281572999747677e+00,1.565247584249852775e+00,-6.708203932499369193e-01,-2.236067977499789639e-01,-6.708203932499369193e-01,4.472135954999579277e-01,1.118033988749894903e+00,2.236067977499789639e-01,-1.565247584249852775e+00,-6.708203932499369193e-01,6.708203932499369193e-01,-4.472135954999579277e-01,1.118033988749894903e+00,1.565247584249852775e+00,1.788854381999831711e+00,1.118033988749894903e+00,-4.472135954999579277e-01,0.000000000000000000e+00,2.236067977499789639e-01,1.565247584249852775e+00,1.788854381999831711e+00,2.683281572999747677e+00,1.341640786499873839e+00,2.012461179749810647e+00,8.944271909999158554e-01,-1.565247584249852775e+00,2.236067977499789639e-01,2.012461179749810647e+00,3.130495168499705549e+00,2.236067977499789805e+00,2.683281572999747677e+00,2.012461179749810647e+00,1.341640786499873839e+00,1.341640786499873839e+00,0.000000000000000000e+00,8.944271909999158554e-01,0.000000000000000000e+00,4.472135954999579277e-01,6.708203932499369193e-01,8.944271909999158554e-01,8.944271909999158554e-01,-2.012461179749810647e+00,-4.472135954999579277e-01,8.944271909999158554e-01,2.459674775249768519e+00,2.683281572999747677e+00,4.472135954999579277e-01,0.000000000000000000e+00,2.236067977499789639e-01,-1.341640786499873839e+00,-8.944271909999158554e-01,-2.459674775249768519e+00,-1.788854381999831711e+00,-2.683281572999747677e+00,-3.577708763999663422e+00,-3.577708763999663422e+00,-4.248529157249600452e+00,-2.683281572999747677e+00,-1.788854381999831711e+00,-3.577708763999663422e+00,-2.683281572999747677e+00,-2.236067977499789639e-01,1.118033988749894903e+00,1.118033988749894903e+00,6.708203932499369193e-01,1.118033988749894903e+00,2.459674775249768519e+00,1.788854381999831711e+00,8.944271909999158554e-01,6.708203932499369193e-01,3.577708763999663422e+00,4.248529157249600452e+00,1.565247584249852775e+00,2.906888370749726391e+00,3.354101966249684263e+00,6.708203932499369193e-01,-6.708203932499369193e-01,-6.708203932499369193e-01,-6.708203932499369193e-01,6.708203932499369193e-01,-2.236067977499789639e-01,6.708203932499369193e-01,1.788854381999831711e+00,1.788854381999831711e+00,-1.118033988749894903e+00,-2.906888370749726391e+00,-2.236067977499789639e-01,-2.236067977499789639e-01,6.708203932499369193e-01,-2.236067977499789639e-01,-2.236067977499789639e-01,-1.341640786499873839e+00,8.944271909999158554e-01,-2.236067977499789639e-01,6.708203932499369193e-01,4.472135954999579277e-01,8.944271909999158554e-01,1.118033988749894903e+00,4.472135954999579277e-01,1.565247584249852775e+00,-2.236067977499789639e-01,-4.472135954999579277e-01,-6.708203932499369193e-01,-8.944271909999158554e-01,6.708203932499369193e-01,-2.236067977499789639e-01,-1.118033988749894903e+00,4.472135954999579277e-01,-1.341640786499873839e+00,-2.683281572999747677e+00,-1.118033988749894903e+00,-1.788854381999831711e+00,-2.906888370749726391e+00,-1.118033988749894903e+00,-2.012461179749810647e+00,-2.459674775249768519e+00,-2.683281572999747677e+00,-2.459674775249768519e+00,-4.248529157249600452e+00,-4.248529157249600452e+00,-5.142956348249516196e+00,-2.906888370749726391e+00,-2.683281572999747677e+00,-4.695742752749557880e+00,-6.931810730249347685e+00,-6.931810730249347685e+00,-5.366563145999495354e+00,-5.813776741499452783e+00,-4.472135954999579610e+00,-4.248529157249600452e+00,-4.472135954999579610e+00,-4.472135954999579610e+00,-2.683281572999747677e+00,-3.354101966249684263e+00,-2.906888370749726391e+00,-2.236067977499789805e+00,-1.341640786499873839e+00,-2.236067977499789805e+00,-3.577708763999663422e+00,-5.142956348249516196e+00,-6.931810730249347685e+00,-5.590169943749473624e+00,-4.695742752749557880e+00,-3.801315561749642136e+00,-3.577708763999663422e+00,-3.801315561749642136e+00,-5.590169943749473624e+00,-5.366563145999495354e+00,-8.273451516749220858e+00,-5.590169943749473624e+00,-6.484597134749389369e+00,-7.602631123499284271e+00,-6.037383539249431941e+00,-6.037383539249431941e+00,-6.037383539249431941e+00,-6.484597134749389369e+00,-6.037383539249431941e+00,-4.248529157249600452e+00,-3.354101966249684263e+00,-3.577708763999663422e+00,-6.708203932499369193e-01,1.341640786499873839e+00,6.708203932499369193e-01,4.472135954999579277e-01,-2.236067977499789639e-01,8.944271909999158554e-01,1.565247584249852775e+00,2.683281572999747677e+00,4.472135954999579610e+00,4.919349550499537038e+00,4.919349550499537038e+00,4.248529157249600452e+00,1.565247584249852775e+00,0.000000000000000000e+00,4.472135954999579277e-01,2.236067977499789639e-01,-2.236067977499789639e-01,1.341640786499873839e+00,1.565247584249852775e+00,2.683281572999747677e+00,2.236067977499789805e+00,2.459674775249768519e+00,2.683281572999747677e+00,1.788854381999831711e+00,4.472135954999579277e-01,-2.012461179749810647e+00,-1.118033988749894903e+00,-2.012461179749810647e+00,-6.708203932499369193e-01,-2.012461179749810647e+00,-1.788854381999831711e+00,-1.788854381999831711e+00,-1.118033988749894903e+00,-1.565247584249852775e+00,-1.118033988749894903e+00,-8.944271909999158554e-01,1.118033988749894903e+00,1.118033988749894903e+00,1.565247584249852775e+00,-2.236067977499789639e-01,-2.236067977499789639e-01,1.118033988749894903e+00,1.341640786499873839e+00,4.472135954999579277e-01,4.472135954999579277e-01,-4.472135954999579277e-01,-4.472135954999579277e-01,8.944271909999158554e-01,1.118033988749894903e+00,1.565247584249852775e+00,2.236067977499789805e+00,-1.788854381999831711e+00,-2.236067977499789639e-01,1.788854381999831711e+00,1.565247584249852775e+00,4.472135954999579277e-01,1.788854381999831711e+00,1.788854381999831711e+00,2.236067977499789639e-01,8.944271909999158554e-01,1.118033988749894903e+00,1.565247584249852775e+00,2.236067977499789805e+00,2.236067977499789805e+00,6.708203932499369193e-01,-2.236067977499789639e-01,-1.788854381999831711e+00,-2.906888370749726391e+00,-3.354101966249684263e+00,-1.565247584249852775e+00,2.236067977499789639e-01,-8.944271909999158554e-01,-2.236067977499789639e-01,3.354101966249684263e+00,2.459674775249768519e+00,1.788854381999831711e+00,0.000000000000000000e+00,-1.118033988749894903e+00,-1.565247584249852775e+00,-2.236067977499789639e-01,-1.341640786499873839e+00,-2.236067977499789805e+00,-1.341640786499873839e+00,-4.472135954999579277e-01,-3.577708763999663422e+00,-4.472135954999579277e-01
-6.708203932499369193e-01,1.341640786499873839e+00,1.118033988749894903e+00,1.341640786499873839e+00,1.118033988749894903e+00,-8.944271909999158554e-01,-4.472135954999579277e-01,1.118033988749894903e+00,1.788854381999831711e+00,1.118033988749894903e+00,2.906888370749726391e+00,3.577708763999663422e+00,2.683281572999747677e+00,2.236067977499789805e+00,2.236067977499789805e+00,1.788854381999831711e+00,6.708203932499369193e-01,2.012461179749810647e+00,2.012461179749810647e+00,1.565247584249852775e+00,2.012461179749810647e+00,8.944271909999158554e-01,2.906888370749726391e+00,2.236067977499789805e+00,1.788854381999831711e+00,1.565247584249852775e+00,2.236067977499789639e-01,2.012461179749810647e+00,2.236067977499789805e+00,4.248529157249600452e+00,4.919349550499537038e+00,4.248529157249600452e+00,5.366563145999495354e+00,5.366563145999495354e+00,6.260990336999411099e+00,5.142956348249516196e+00,6.708203932499368527e+00,6.484597134749389369e+00,6.931810730249347685e+00,5.590169943749473624e+00,5.366563145999495354e+00,5.590169943749473624e+00,2.906888370749726391e+00,3.577708763999663422e+00,4.248529157249600452e+00,4.024922359499621294e+00,4.024922359499621294e+00,3.130495168499705549e+00,3.354101966249684263e+00,4.472135954999579610e+00,4.472135954999579610e+00,5.813776741499452783e+00,4.024922359499621294e+00,2.683281572999747677e+00,1.118033988749894903e+00,3.130495168499705549e+00,1.565247584249852775e+00,2.012461179749810647e+00,1.788854381999831711e+00,2.683281572999747677e+00,2.459674775249768519e+00,8.944271909999158554e-01,3.130495168499705549e+00,3.354101966249684263e+00,2.012461179749810647e+00,2.236067977499789805e+00,1.565247584249852775e+00,2.459674775249768519e+00,3.801315561749642136e+00,3.354101966249684263e+00,2.906888370749726391e+00,2.683281572999747677e+00,2.683281572999747677e+00,2.236067977499789805e+00,3.354101966249684263e+00,2.236067977499789639e-01,-2.236067977499789639e-01,-6.708203932499369193e-01,-1.118033988749894903e+00,-6.708203932499369193e-01,6.708203932499369193e-01,2.683281572999747677e+00,2.012461179749810647e+00,2.683281572999747677e+00,-4.472135954999579277e-01,4.472135954999579277e-01,-6.708203932499369193e-01,-1.788854381999831711e+00,-1.788854381999831711e+00,-2.236067977499789805e+00,-2.012461179749810647e+00,-1.788854381999831711e+00,-3.354101966249684263e+00,-3.130495168499705549e+00,-3.354101966249684263e+00,-6.708203932499369193e-01,4.472135954999579277e-01,-1.341640786499873839e+00,-2.683281572999747677e+00,-1.565247584249852775e+00,-1.341640786499873839e+00,4.472135954999579277e-01,-4.472135954999579277e-01,-8.944271909999158554e-01,-2.459674775249768519e+00,-2.012461179749810647e+00,-2.012461179749810647e+00,-2.459674775249768519e+00,-1.565247584249852775e+00,-1.565247584249852775e+00,-2.459674775249768519e+00,-3.801315561749642136e+00,-4.472135954999579610e+00,-3.354101966249684263e+00,-4.695742752749557880e+00,-4.695742752749557880e+00,-4.695742752749557880e+00,-5.142956348249516196e+00,-5.813776741499452783e+00,-4.919349550499537038e+00,-4.472135954999579610e+00,-5.813776741499452783e+00,-4.472135954999579610e+00,-5.142956348249516196e+00,-6.260990336999411099e+00,-7.379024325749306001e+00,-6.037383539249431941e+00,-4.248529157249600452e+00,-3.577708763999663422e+00,-2.683281572999747677e+00,-2.683281572999747677e+00,-3.577708763999663422e+00,-2.906888370749726391e+00,-2.683281572999747677e+00,-2.459674775249768519e+00,-3.130495168499705549e+00,-2.459674775249768519e+00,-1.788854381999831711e+00,-2.683281572999747677e+00,-2.459674775249768519e+00,-4.472135954999579277e-01,6.708203932499369193e-01,2.236067977499789639e-01,-8.944271909999158554e-01,-6.708203932499369193e-01,-6.708203932499369193e-01,-1.788854381999831711e+00,-6.708203932499369193e-01,1.565247584249852775e+00,3.130495168499705549e+00,2.236067977499789805e+00,1.788854381999831711e+00,1.788854381999831711e+00,2.236067977499789805e+00,1.788854381999831711e+00,2.012461179749810647e+00,1.565247584249852775e+00,8.944271909999158554e-01,1.118033988749894903e+00,1.341640786499873839e+00,8.944271909999158554e-01,2.012461179749810647e+00,1.788854381999831711e+00,1.788854381999831711e+00,1.118033988749894903e+00,-2.236067977499789639e-01,6.708203932499369193e-01,2.236067977499789805e+00,2.236067977499789805e+00,3.354101966249684263e+00,2.012461179749810647e+00,1.565247584249852775e+00,4.472135954999579277e-01,-6.708203932499369193e-01,8.944271909999158554e-01,2.459674775249768519e+00,2.012461179749810647e+00,2.906888370749726391e+00,2.459674775249768519e+00,4.024922359499621294e+00,2.906888370749726391e+00,3.577708763999663422e+00,4.472135954999579610e+00,3.577708763999663422e+00,2.012461179749810647e+00,1.341640786499873839e+00,2.236067977499789639e-01,0.000000000000000000e+00,-6.708203932499369193e-01,-4.472135954999579277e-01,8.944271909999158554e-01,2.236067977499789805e+00,1.565247584249852775e+00,0.000000000000000000e+00,-6.708203932499369193e-01,6.708203932499369193e-01,8.944271909999158554e-01,1.341640786499873839e+00,1.788854381999831711e+00,3.130495168499705549e+00,3.130495168499705549e+00,3.130495168499705549e+00,5.813776741499452783e+00,7.826237921249263430e+00,7.155417527999326843e+00,8.944271909999159220e+00,7.826237921249263430e+00,1.073312629199899071e+01,1.095673308974896898e+01,1.162755348299890557e+01,1.207476707849886388e+01,1.095673308974896898e+01,1.050951949424901066e+01,9.838699100999074076e+00,1.073312629199899071e+01,1.028591269649903239e+01,9.615092303249095806e+00,8.049844718999242588e+00,6.931810730249347685e+00,7.379024325749306001e+00,5.142956348249516196e+00,6.037383539249431941e+00,5.590169943749473624e+00,6.037383539249431941e+00,5.366563145999495354e+00,3.354101966249684263e+00,3.130495168499705549e+00,3.801315561749642136e+00,2.459674775249768519e+00,2.906888370749726391e+00,2.236067977499789805e+00,2.906888370749726391e+00,2.683281572999747677e+00,3.354101966249684263e+00,2.236067977499789805e+00,3.577708763999663422e+00,4.248529157249600452e+00,3.130495168499705549e+00,1.788854381999831711e+00,1.565247584249852775e+00,8.944271909999158554e-01,2.236067977499789805e+00,2.012461179749810647e+00,3.801315561749642136e+00,4.472135954999579610e+00,4.248529157249600452e+00,1.118033988749894903e+00,6.708203932499369193e-01,2.012461179749810647e+00,1.565247584249852775e+00,6.708203932499369193e-01,1.565247584249852775e+00,2.012461179749810647e+00,3.354101966249684263e+00,2.459674775249768519e+00,8.944271909999158554e-01,0.000000000000000000e+00,6.708203932499369193e-01,2.236067977499789805e+00,2.459674775249768519e+00,2.012461179749810647e+00,2.683281572999747677e+00,1.788854381999831711e+00,1.788854381999831711e+00,1.565247584249852775e+00,4.472135954999579277e-01,1.788854381999831711e+00,4.024922359499621294e+00,3.354101966249684263e+00,2.683281572999747677e+00,2.236067977499789805e+00,3.354101966249684263e+00,4.248529157249600452e+00,3.801315561749642136e+00,2.683281572999747677e+00,4.248529157249600452e+00,6.260990336999411099e+00,8.049844718999242588e+00,6.931810730249347685e+00,8.273451516749220858e+00,8.273451516749220858e+00,6.037383539249431941e+00,5.590169943749473624e+00,6.931810730249347685e+00,8.273451516749220858e+00,8.720665112249179174e+00,7.826237921249263430e+00,7.602631123499284271e+00,6.708203932499368527e+00,6.037383539249431941e+00,7.379024325749306001e+00,7.602631123499284271e+00,4.695742752749557880e+00,2.012461179749810647e+00,2.906888370749726391e+00,2.236067977499789805e+00,1.341640786499873839e+00,6.708203932499369193e-01,1.565247584249852775e+00,1.565247584249852775e+00,2.236067977499789805e+00,2.906888370749726391e+00,6.708203932499369193e-01,2.236067977499789639e-01,-2.236067977499789805e+00,-2.236067977499789639e-01,-1.341640786499873839e+00,-2.459674775249768519e+00,-2.906888370749726391e+00,-2.012461179749810647e+00,-3.801315561749642136e+00,-3.354101966249684263e+00,-3.130495168499705549e+00,-2.459674775249768519e+00,-3.577708763999663422e+00,-3.354101966249684263e+00,-5.142956348249516196e+00,-5.813776741499452783e+00,-5.813776741499452783e+00,-4.472135954999579610e+00,-5.142956348249516196e+00,-4.472135954999579610e+00,-4.695742752749557880e+00,-4.695742752749557880e+00,-5.142956348249516196e+00,-5.366563145999495354e+00,-3.801315561749642136e+00,-4.024922359499621294e+00,-2.906888370749726391e+00,-3.801315561749642136e+00,-4.024922359499621294e+00,-4.248529157249600452e+00,-3.354101966249684263e+00,-3.801315561749642136e+00,-5.813776741499452783e+00,-5.142956348249516196e+00,-2.236067977499789805e+00,-3.354101966249684263e+00,-1.118033988749894903e+00,0.000000000000000000e+00,-8.944271909999158554e-01,2.236067977499789639e-01,6.708203932499369193e-01,3.577708763999663422e+00,2.236067977499789805e+00,4.472135954999579277e-01,-2.236067977499789639e-01,-2.236067977499789805e+00,-2.236067977499789805e+00,-1.565247584249852775e+00,-3.354101966249684263e+00,-3.577708763999663422e+00,-1.565247584249852775e+00,-1.565247584249852775e+00,4.472135954999579277e-01,-2.459674775249768519e+00,-2.236067977499789805e+00,-1.341640786499873839e+00,-1.788854381999831711e+00,-1.788854381999831711e+00,-1.118033988749894903e+00,-2.236067977499789639e-01,-1.788854381999831711e+00,-4.919349550499537038e+00,-4.919349550499537038e+00,-5.366563145999495354e+00,-4.695742752749557880e+00,-4.695742752749557880e+00,-4.472135954999579610e+00,-3.577708763999663422e+00,-1.118033988749894903e+00,-2.012461179749810647e+00,-1.565247584249852775e+00,-3.801315561749642136e+00,-2.236067977499789805e+00,-1.788854381999831711e+00,-2.236067977499789805e+00,-3.577708763999663422e+00,-2.236067977499789805e+00,-2.236067977499789805e+00,-3.801315561749642136e+00,-4.248529157249600452e+00,-2.012461179749810647e+00,-1.788854381999831711e+00,-3.130495168499705549e+00,-4.919349550499537038e+00,-4.248529157249600452e+00,-1.788854381999831711e+00,-2.236067977499789805e+00,-4.472135954999579277e-01,-1.341640786499873839e+00,-8.944271909999158554e-01,2.236067977499789639e-01,1.788854381999831711e+00,0.000000000000000000e+00,1.565247584249852775e+00,2.906888370749726391e+00,2.012461179749810647e+00,3.354101966249684263e+00,1.341640786499873839e+00,1.788854381999831711e+00,4.472135954999579277e-01,1.788854381999831711e+00,2.012461179749810647e+00,2.459674775249768519e+00,2.236067977499789805e+00,3.577708763999663422e+00,2.683281572999747677e+00,2.683281572999747677e+00,3.577708763999663422e+00,4.472135954999579610e+00,6.037383539249431941e+00,6.931810730249347685e+00,8.273451516749220858e+00,6.037383539249431941e+00,6.260990336999411099e+00,5.813776741499452783e+00,4.472135954999579610e+00,3.801315561749642136e+00,2.236067977499789805e+00,3.354101966249684263e+00,1.341640786499873839e+00,6.708203932499369193e-01,-2.236067977499789639e-01,-2.236067977499789639e-01,-1.788854381999831711e+00,-2.906888370749726391e+00,-3.801315561749642136e+00,-4.024922359499621294e+00,-4.472135954999579610e+00,-5.142956348249516196e+00,-3.354101966249684263e+00,-4.248529157249600452e+00,-6.260990336999411099e+00,-5.366563145999495354e+00,-3.577708763999663422e+00,-2.683281572999747677e+00,-5.590169943749473624e+00,-5.142956348249516196e+00,-2.683281572999747677e+00,-2.012461179749810647e+00,-1.788854381999831711e+00,-1.565247584249852775e+00,-8.944271909999158554e-01,-3.577708763999663422e+00,-4.024922359499621294e+00,-7.155417527999326843e+00,-5.142956348249516196e+00,-5.142956348249516196e+00,-5.366563145999495354e+00,-3.577708763999663422e+00,-2.459674775249768519e+00,-3.354101966249684263e+00,-1.341640786499873839e+00,-6.708203932499369193e-01,-6.708203932499369193e-01,6.708203932499369193e-01,1.118033988749894903e+00,1.565247584249852775e+00,2.683281572999747677e+00,3.130495168499705549e+00,1.788854381999831711e+00,4.248529157249600452e+00,2.683281572999747677e+00,1.565247584249852775e+00,1.341640786499873839e+00,8.944271909999158554e-01,1.341640786499873839e+00,8.944271909999158554e-01,-1.341640786499873839e+00,-2.683281572999747677e+00,-1.565247584249852775e+00,-6.708203932499369193e-01,8.944271909999158554e-01,6.708203932499369193e-01,0.000000000000000000e+00,-2.236067977499789639e-01,-8.944271909999158554e-01,-4.472135954999579277e-01,1.118033988749894903e+00,-4.472135954999579277e-01,4.472135954999579277e-01,8.944271909999158554e-01,1.118033988749894903e+00,1.788854381999831711e+00,1.341640786499873839e+00,1.118033988749894903e+00,2.236067977499789639e-01,1.565247584249852775e+00,1.788854381999831711e+00,6.708203932499369193e-01,2.459674775249768519e+00,1.565247584249852775e+00,2.906888370749726391e+00,5.142956348249516196e+00,3.577708763999663422e+00,6.484597134749389369e+00,6.708203932499368527e+00,6.260990336999411099e+00,7.379024325749306001e+00
8.049844718999242588e+00,8.720665112249179174e+00,6.484597134749389369e+00,6.931810730249347685e+00,5.590169943749473624e+00,5.142956348249516196e+00,3.801315561749642136e+00,4.248529157249600452e+00,4.472135954999579610e+00,4.024922359499621294e+00,4.919349550499537038e+00,4.695742752749557880e+00,3.577708763999663422e+00,2.683281572999747677e+00,4.695742752749557880e+00,2.236067977499789805e+00,2.236067977499789639e-01,3.577708763999663422e+00,1.565247584249852775e+00,2.906888370749726391e+00,4.024922359499621294e+00,4.024922359499621294e+00,6.260990336999411099e+00,4.024922359499621294e+00,4.248529157249600452e+00,3.354101966249684263e+00,5.142956348249516196e+00,6.037383539249431941e+00,7.155417527999326843e+00,1.050951949424901066e+01,8.944271909999159220e+00,1.006230589874905235e+01,9.167878707749137490e+00,7.155417527999326843e+00,6.931810730249347685e+00,5.142956348249516196e+00,5.590169943749473624e+00,4.248529157249600452e+00,3.801315561749642136e+00,2.683281572999747677e+00,2.236067977499789805e+00,6.708203932499369193e-01,1.118033988749894903e+00,-4.472135954999579277e-01,-2.236067977499789639e-01,-4.472135954999579277e-01,0.000000000000000000e+00,0.000000000000000000e+00,-2.236067977499789639e-01,4.472135954999579277e-01,1.341640786499873839e+00,2.683281572999747677e+00,1.565247584249852775e+00,3.130495168499705549e+00,4.472135954999579610e+00,3.801315561749642136e+00,3.801315561749642136e+00,3.354101966249684263e+00,2.236067977499789805e+00,2.236067977499789805e+00,2.683281572999747677e+00,3.577708763999663422e+00,3.577708763999663422e+00,4.472135954999579277e-01,2.236067977499789639e-01,6.708203932499369193e-01,0.000000000000000000e+00,2.236067977499789805e+00,1.788854381999831711e+00,2.236067977499789639e-01,0.000000000000000000e+00,6.708203932499369193e-01,2.236067977499789805e+00,2.236067977499789805e+00,1.788854381999831711e+00,2.236067977499789805e+00,2.459674775249768519e+00,2.459674775249768519e+00,2.906888370749726391e+00,1.341640786499873839e+00,2.236067977499789639e-01,1.118033988749894903e+00,-8.944271909999158554e-01,2.236067977499789639e-01,1.118033988749894903e+00,2.459674775249768519e+00,2.236067977499789805e+00,2.236067977499789805e+00,2.459674775249768519e+00,3.801315561749642136e+00,4.919349550499537038e+00,4.919349550499537038e+00,2.683281572999747677e+00,2.012461179749810647e+00,2.459674775249768519e+00,3.130495168499705549e+00,4.248529157249600452e+00,3.130495168499705549e+00,3.801315561749642136e+00,5.366563145999495354e+00,2.683281572999747677e+00,1.341640786499873839e+00,4.472135954999579277e-01,-2.236067977499789805e+00,-2.236067977499789805e+00,-3.801315561749642136e+00,-4.472135954999579610e+00,-3.130495168499705549e+00,-2.459674775249768519e+00,-3.130495168499705549e+00,-2.683281572999747677e+00,-5.142956348249516196e+00,-4.472135954999579610e+00,-4.919349550499537038e+00,-4.472135954999579610e+00,-5.366563145999495354e+00,-6.037383539249431941e+00,-6.037383539249431941e+00,-3.354101966249684263e+00,-3.354101966249684263e+00,-3.354101966249684263e+00,-2.906888370749726391e+00,-2.683281572999747677e+00,-2.236067977499789805e+00,-1.565247584249852775e+00,2.236067977499789805e+00,-2.236067977499789639e-01,0.000000000000000000e+00,2.012461179749810647e+00,4.472135954999579277e-01,2.012461179749810647e+00,2.236067977499789805e+00,1.788854381999831711e+00,2.012461179749810647e+00,2.683281572999747677e+00,2.906888370749726391e+00,2.906888370749726391e+00,1.565247584249852775e+00,2.236067977499789639e-01,4.472135954999579277e-01,8.944271909999158554e-01,2.683281572999747677e+00,8.944271909999158554e-01,2.683281572999747677e+00,2.906888370749726391e+00,2.012461179749810647e+00,1.788854381999831711e+00,1.341640786499873839e+00,0.000000000000000000e+00,-8.944271909999158554e-01,-1.788854381999831711e+00,-2.459674775249768519e+00,-3.130495168499705549e+00,-2.236067977499789805e+00,-2.906888370749726391e+00,-3.130495168499705549e+00,-4.472135954999579610e+00,-4.695742752749557880e+00,-6.708203932499368527e+00,-5.813776741499452783e+00,-5.813776741499452783e+00,-2.459674775249768519e+00,-2.236067977499789805e+00,-1.565247584249852775e+00,-2.459674775249768519e+00,-2.683281572999747677e+00,-2.683281572999747677e+00,-2.683281572999747677e+00,-1.565247584249852775e+00,-1.788854381999831711e+00,-6.708203932499369193e-01,-2.236067977499789639e-01,-2.459674775249768519e+00,-3.577708763999663422e+00,-2.906888370749726391e+00,-8.944271909999158554e-01,-1.788854381999831711e+00,-1.118033988749894903e+00,2.236067977499789639e-01,4.472135954999579277e-01,-2.236067977499789639e-01,6.708203932499369193e-01,-4.472135954999579277e-01,-2.236067977499789639e-01,-1.565247584249852775e+00,-1.788854381999831711e+00,-1.565247584249852775e+00,-6.708203932499369193e-01,-1.788854381999831711e+00,-8.944271909999158554e-01,-1.788854381999831711e+00,-1.341640786499873839e+00,4.472135954999579277e-01,-2.236067977499789639e-01,0.000000000000000000e+00,4.472135954999579277e-01,8.944271909999158554e-01,8.944271909999158554e-01,1.118033988749894903e+00,8.944271909999158554e-01,-1.788854381999831711e+00,-1.788854381999831711e+00,-1.565247584249852775e+00,-4.472135954999579277e-01,-1.118033988749894903e+00,0.000000000000000000e+00,-1.788854381999831711e+00,-4.472135954999579277e-01,6.708203932499369193e-01,-2.683281572999747677e+00,-2.236067977499789639e-01,-4.472135954999579277e-01,-1.118033988749894903e+00,-4.472135954999579277e-01,2.236067977499789639e-01,-2.236067977499789639e-01,-2.012461179749810647e+00,-3.354101966249684263e+00,-4.695742752749557880e+00,-6.708203932499368527e+00,-6.260990336999411099e+00,-6.484597134749389369e+00,-6.260990336999411099e+00,-6.484597134749389369e+00,-3.577708763999663422e+00,-3.577708763999663422e+00,-3.577708763999663422e+00,-2.683281572999747677e+00,-3.577708763999663422e+00,-3.130495168499705549e+00,-2.236067977499789805e+00,-2.459674775249768519e+00,4.472135954999579277e-01,0.000000000000000000e+00,-2.012461179749810647e+00,-4.248529157249600452e+00,-5.366563145999495354e+00,-7.155417527999326843e+00,-5.366563145999495354e+00,-5.366563145999495354e+00,-6.708203932499368527e+00,-6.484597134749389369e+00,-3.577708763999663422e+00,-3.354101966249684263e+00,-1.118033988749894903e+00,-2.236067977499789805e+00,-2.683281572999747677e+00,-3.354101966249684263e+00,-3.354101966249684263e+00,-3.354101966249684263e+00,-4.024922359499621294e+00,-1.788854381999831711e+00,-2.906888370749726391e+00,-4.248529157249600452e+00,-3.130495168499705549e+00,-3.354101966249684263e+00,-3.130495168499705549e+00,4.472135954999579277e-01,0.000000000000000000e+00,1.788854381999831711e+00,4.472135954999579277e-01,-2.236067977499789639e-01,2.236067977499789639e-01,1.565247584249852775e+00,8.944271909999158554e-01,-2.236067977499789639e-01,-2.012461179749810647e+00,-1.341640786499873839e+00,-3.130495168499705549e+00,-3.354101966249684263e+00,-4.248529157249600452e+00,-4.248529157249600452e+00,-2.459674775249768519e+00,-2.236067977499789805e+00,-2.236067977499789805e+00,-1.341640786499873839e+00,4.472135954999579277e-01,8.944271909999158554e-01,1.565247584249852775e+00,3.577708763999663422e+00,4.024922359499621294e+00,5.590169943749473624e+00,4.695742752749557880e+00,4.472135954999579610e+00,4.248529157249600452e+00,6.484597134749389369e+00,5.813776741499452783e+00,6.484597134749389369e+00,8.049844718999242588e+00,6.931810730249347685e+00,5.366563145999495354e+00,3.801315561749642136e+00,5.813776741499452783e+00,7.379024325749306001e+00,8.497058314499200904e+00,5.813776741499452783e+00,4.248529157249600452e+00,5.813776741499452783e+00,8.049844718999242588e+00,6.484597134749389369e+00,8.049844718999242588e+00,8.049844718999242588e+00,8.944271909999159220e+00,7.379024325749306001e+00,5.142956348249516196e+00,4.248529157249600452e+00,3.801315561749642136e+00,3.577708763999663422e+00,1.788854381999831711e+00,5.142956348249516196e+00,5.813776741499452783e+00,4.472135954999579610e+00,3.354101966249684263e+00,5.142956348249516196e+00,6.484597134749389369e+00,4.695742752749557880e+00,4.919349550499537038e+00,4.024922359499621294e+00,3.801315561749642136e+00,2.459674775249768519e+00,4.024922359499621294e+00,3.801315561749642136e+00,3.577708763999663422e+00,3.354101966249684263e+00,4.024922359499621294e+00,3.577708763999663422e+00,1.565247584249852775e+00,2.236067977499789805e+00,1.118033988749894903e+00,1.118033988749894903e+00,-6.708203932499369193e-01,-2.236067977499789639e-01,4.472135954999579277e-01,8.944271909999158554e-01,1.118033988749894903e+00,2.236067977499789639e-01,2.459674775249768519e+00,2.236067977499789805e+00,2.683281572999747677e+00,1.788854381999831711e+00,1.565247584249852775e+00,2.012461179749810647e+00,3.130495168499705549e+00,4.024922359499621294e+00,6.484597134749389369e+00,5.142956348249516196e+00,3.130495168499705549e+00,4.024922359499621294e+00,3.577708763999663422e+00,3.801315561749642136e+00,2.012461179749810647e+00,2.683281572999747677e+00,1.341640786499873839e+00,6.708203932499369193e-01,0.000000000000000000e+00,2.236067977499789639e-01,4.472135954999579277e-01,1.788854381999831711e+00,1.118033988749894903e+00,2.459674775249768519e+00,4.472135954999579277e-01,2.236067977499789639e-01,-1.118033988749894903e+00,-1.341640786499873839e+00,-1.341640786499873839e+00,-4.472135954999579277e-01,-2.012461179749810647e+00,-3.801315561749642136e+00,-4.024922359499621294e+00,-3.801315561749642136e+00,-4.695742752749557880e+00,-4.472135954999579610e+00,-2.683281572999747677e+00,-1.788854381999831711e+00,-4.024922359499621294e+00,-2.683281572999747677e+00,-2.683281572999747677e+00,-2.459674775249768519e+00,-2.236067977499789805e+00,-2.906888370749726391e+00,-3.354101966249684263e+00,-1.341640786499873839e+00,-8.944271909999158554e-01,-6.708203932499369193e-01,-2.236067977499789639e-01,-1.341640786499873839e+00,-2.906888370749726391e+00,-2.683281572999747677e+00,-1.788854381999831711e+00,-1.341640786499873839e+00,-1.788854381999831711e+00,-8.944271909999158554e-01,-1.118033988749894903e+00,-2.012461179749810647e+00,-1.118033988749894903e+00,-1.341640786499873839e+00,-2.906888370749726391e+00,-4.472135954999579277e-01,-8.944271909999158554e-01,-2.012461179749810647e+00,-6.708203932499369193e-01,2.236067977499789639e-01,6.708203932499369193e-01,6.708203932499369193e-01,8.944271909999158554e-01,2.236067977499789639e-01,4.472135954999579277e-01,1.565247584249852775e+00,4.472135954999579610e+00,1.565247584249852775e+00,4.472135954999579610e+00,2.683281572999747677e+00,2.236067977499789805e+00,1.788854381999831711e+00,4.472135954999579277e-01,4.472135954999579277e-01,-1.788854381999831711e+00,0.000000000000000000e+00,2.236067977499789639e-01,2.236067977499789639e-01,-8.944271909999158554e-01,8.944271909999158554e-01,3.354101966249684263e+00,4.248529157249600452e+00,4.248529157249600452e+00,3.354101966249684263e+00,4.472135954999579610e+00,5.366563145999495354e+00,4.919349550499537038e+00,5.590169943749473624e+00,5.142956348249516196e+00,4.248529157249600452e+00,3.577708763999663422e+00,5.142956348249516196e+00,5.590169943749473624e+00,2.683281572999747677e+00,3.577708763999663422e+00,3.577708763999663422e+00,3.354101966249684263e+00,3.354101966249684263e+00,1.565247584249852775e+00,6.708203932499369193e-01,-1.118033988749894903e+00,-2.459674775249768519e+00,-3.354101966249684263e+00,-1.118033988749894903e+00,-4.472135954999579277e-01,-2.236067977499789639e-01,-8.944271909999158554e-01,6.708203932499369193e-01,2.236067977499789805e+00,6.708203932499369193e-01,4.472135954999579277e-01,8.944271909999158554e-01,4.472135954999579277e-01,-8.944271909999158554e-01,-3.130495168499705549e+00,-2.683281572999747677e+00,-1.565247584249852775e+00,4.472135954999579277e-01,1.341640786499873839e+00,1.118033988749894903e+00,1.341640786499873839e+00,-6.708203932499369193e-01,-8.944271909999158554e-01,-6.708203932499369193e-01,-1.565247584249852775e+00,-2.683281572999747677e+00,-3.354101966249684263e+00,-1.565247584249852775e+00,-6.708203932499369193e-01,-2.459674775249768519e+00,-3.801315561749642136e+00,-2.906888370749726391e+00,-1.788854381999831711e+00,-2.236067977499789805e+00,-3.354101966249684263e+00,-1.788854381999831711e+00,-3.801315561749642136e+00,-3.354101966249684263e+00,-3.801315561749642136e+00,-2.906888370749726391e+00,-2.236067977499789805e+00,-2.683281572999747677e+00,-2.236067977499789805e+00,-2.906888370749726391e+00,-3.354101966249684263e+00,-4.695742752749557880e+00,-5.813776741499452783e+00,-5.142956348249516196e+00,-4.695742752749557880e+00,-4.248529157249600452e+00,-1.118033988749894903e+00,0.000000000000000000e+00,1.341640786499873839e+00,6.708203932499369193e-01,0.000000000000000000e+00,-4.472135954999579277e-01,6.708203932499369193e-01,1.118033988749894903e+00
4.472135954999579277e-01,0.000000000000000000e+00,8.944271909999158554e-01,-4.472135954999579277e-01,1.565247584249852775e+00,2.012461179749810647e+00,3.354101966249684263e+00,1.788854381999831711e+00,1.341640786499873839e+00,-4.472135954999579277e-01,-4.472135954999579277e-01,-8.944271909999158554e-01,-4.472135954999579277e-01,1.118033988749894903e+00,4.472135954999579277e-01,4.472135954999579277e-01,2.236067977499789639e-01,8.944271909999158554e-01,1.788854381999831711e+00,4.472135954999579277e-01,-1.341640786499873839e+00,-4.248529157249600452e+00,-4.248529157249600452e+00,-6.037383539249431941e+00,-5.813776741499452783e+00,-7.379024325749306001e+00,-5.590169943749473624e+00,-4.919349550499537038e+00,-5.142956348249516196e+00,-5.590169943749473624e+00,-3.354101966249684263e+00,0.000000000000000000e+00,-2.236067977499789805e+00,-2.012461179749810647e+00,-8.944271909999158554e-01,-2.459674775249768519e+00,-3.801315561749642136e+00,-4.024922359499621294e+00,-3.354101966249684263e+00,-2.236067977499789805e+00,-1.788854381999831711e+00,-2.459674775249768519e+00,-3.577708763999663422e+00,-2.906888370749726391e+00,-3.801315561749642136e+00,-4.919349550499537038e+00,-3.577708763999663422e+00,-1.118033988749894903e+00,0.000000000000000000e+00,6.708203932499369193e-01,6.708203932499369193e-01,-2.236067977499789639e-01,-4.472135954999579277e-01,-2.236067977499789639e-01,2.236067977499789639e-01,3.577708763999663422e+00,3.130495168499705549e+00,1.118033988749894903e+00,2.459674775249768519e+00,2.236067977499789805e+00,2.236067977499789805e+00,3.577708763999663422e+00,3.577708763999663422e+00,1.788854381999831711e+00,-2.236067977499789639e-01,-8.944271909999158554e-01,-2.236067977499789805e+00,-2.012461179749810647e+00,-2.683281572999747677e+00,-3.801315561749642136e+00,-3.130495168499705549e+00,-2.683281572999747677e+00,-3.130495168499705549e+00,-3.354101966249684263e+00,-2.683281572999747677e+00,0.000000000000000000e+00,-6.708203932499369193e-01,-8.944271909999158554e-01,-1.565247584249852775e+00,-2.012461179749810647e+00,-1.341640786499873839e+00,4.472135954999579277e-01,6.708203932499369193e-01,2.236067977499789639e-01,-4.472135954999579277e-01,1.118033988749894903e+00,1.565247584249852775e+00,3.577708763999663422e+00,1.565247584249852775e+00,2.906888370749726391e+00,3.801315561749642136e+00,4.472135954999579610e+00,1.788854381999831711e+00,2.683281572999747677e+00,2.906888370749726391e+00,2.459674775249768519e+00,6.708203932499369193e-01,-1.118033988749894903e+00,-1.788854381999831711e+00,-2.012461179749810647e+00,-3.130495168499705549e+00,-3.354101966249684263e+00,-4.472135954999579610e+00,-3.577708763999663422e+00,-5.142956348249516196e+00,-4.472135954999579610e+00,-2.906888370749726391e+00,-4.248529157249600452e+00,-4.248529157249600452e+00,-4.248529157249600452e+00,-6.931810730249347685e+00,-7.379024325749306001e+00,-6.708203932499368527e+00,-8.497058314499200904e+00,-7.379024325749306001e+00,-5.813776741499452783e+00,-6.037383539249431941e+00,-5.142956348249516196e+00,-7.155417527999326843e+00,-7.155417527999326843e+00,-4.024922359499621294e+00,-5.142956348249516196e+00,-3.801315561749642136e+00,-4.695742752749557880e+00,-4.248529157249600452e+00,-2.459674775249768519e+00,-2.236067977499789639e-01,-2.236067977499789639e-01,-1.118033988749894903e+00,2.236067977499789639e-01,1.341640786499873839e+00,0.000000000000000000e+00,1.118033988749894903e+00,1.341640786499873839e+00,1.565247584249852775e+00,0.000000000000000000e+00,-6.708203932499369193e-01,-1.118033988749894903e+00,-6.708203932499369193e-01,1.565247584249852775e+00,2.012461179749810647e+00,1.565247584249852775e+00,0.000000000000000000e+00,4.472135954999579277e-01,0.000000000000000000e+00,-2.459674775249768519e+00,-3.130495168499705549e+00,-1.341640786499873839e+00,-2.236067977499789639e-01,-1.565247584249852775e+00,-1.118033988749894903e+00,-8.944271909999158554e-01,-2.236067977499789639e-01,4.472135954999579277e-01,2.236067977499789639e-01,8.944271909999158554e-01,2.012461179749810647e+00,3.354101966249684263e+00,3.130495168499705549e+00,4.248529157249600452e+00,6.260990336999411099e+00,5.142956348249516196e+00,7.155417527999326843e+00,6.931810730249347685e+00,5.142956348249516196e+00,4.695742752749557880e+00,5.142956348249516196e+00,4.919349550499537038e+00,4.024922359499621294e+00,3.801315561749642136e+00,3.354101966249684263e+00,2.236067977499789805e+00,2.683281572999747677e+00,2.683281572999747677e+00,4.024922359499621294e+00,4.919349550499537038e+00,3.577708763999663422e+00,4.695742752749557880e+00,2.236067977499789805e+00,2.012461179749810647e+00,1.788854381999831711e+00,8.944271909999158554e-01,3.130495168499705549e+00,1.788854381999831711e+00,4.472135954999579277e-01,2.236067977499789639e-01,-4.472135954999579277e-01,-2.683281572999747677e+00,-2.012461179749810647e+00,-2.236067977499789805e+00,-2.906888370749726391e+00,-2.683281572999747677e+00,-1.788854381999831711e+00,-4.024922359499621294e+00,-4.248529157249600452e+00,-4.248529157249600452e+00,-3.354101966249684263e+00,-2.459674775249768519e+00,-2.683281572999747677e+00,-3.577708763999663422e+00,-2.012461179749810647e+00,-1.341640786499873839e+00,-1.788854381999831711e+00,-4.024922359499621294e+00,-2.683281572999747677e+00,-3.354101966249684263e+00,-2.236067977499789805e+00,-1.788854381999831711e+00,-2.012461179749810647e+00,-1.565247584249852775e+00,-2.236067977499789805e+00,-4.472135954999579277e-01,-2.012461179749810647e+00,-1.565247584249852775e+00,-2.012461179749810647e+00,-3.801315561749642136e+00,-3.801315561749642136e+00,-3.130495168499705549e+00,-3.577708763999663422e+00,-3.577708763999663422e+00,-3.130495168499705549e+00,-3.130495168499705549e+00,-1.565247584249852775e+00,-1.788854381999831711e+00,-2.012461179749810647e+00,-3.801315561749642136e+00,-3.801315561749642136e+00,-2.459674775249768519e+00,-3.577708763999663422e+00,-3.354101966249684263e+00,-4.695742752749557880e+00,-8.944271909999158554e-01,-1.341640786499873839e+00,-2.012461179749810647e+00,-4.919349550499537038e+00,-4.248529157249600452e+00,-5.142956348249516196e+00,-5.813776741499452783e+00,-5.590169943749473624e+00,-5.366563145999495354e+00,-4.472135954999579610e+00,-3.801315561749642136e+00,-2.012461179749810647e+00,-8.944271909999158554e-01,-2.012461179749810647e+00,-1.565247584249852775e+00,-6.708203932499369193e-01,-4.472135954999579277e-01,-2.236067977499789805e+00,-1.118033988749894903e+00,-1.341640786499873839e+00,-1.565247584249852775e+00,-2.236067977499789639e-01,-4.472135954999579277e-01,-6.708203932499369193e-01,2.236067977499789639e-01,2.236067977499789639e-01,-6.708203932499369193e-01,0.000000000000000000e+00,6.708203932499369193e-01,1.341640786499873839e+00,1.788854381999831711e+00,1.341640786499873839e+00,3.801315561749642136e+00,5.142956348249516196e+00,6.037383539249431941e+00,6.484597134749389369e+00,6.260990336999411099e+00,6.931810730249347685e+00,5.142956348249516196e+00,4.472135954999579610e+00,4.695742752749557880e+00,4.919349550499537038e+00,4.919349550499537038e+00,5.366563145999495354e+00,4.472135954999579610e+00,4.248529157249600452e+00,4.248529157249600452e+00,3.577708763999663422e+00,2.459674775249768519e+00,2.683281572999747677e+00,4.919349550499537038e+00,5.142956348249516196e+00,6.260990336999411099e+00,5.813776741499452783e+00,4.248529157249600452e+00,5.813776741499452783e+00,5.813776741499452783e+00,4.695742752749557880e+00,2.459674775249768519e+00,1.118033988749894903e+00,2.236067977499789639e-01,-4.472135954999579277e-01,-2.236067977499789639e-01,6.708203932499369193e-01,-6.708203932499369193e-01,-1.341640786499873839e+00,-1.788854381999831711e+00,-2.012461179749810647e+00,-1.788854381999831711e+00,-1.341640786499873839e+00,-2.236067977499789805e+00,-1.565247584249852775e+00,-4.472135954999579277e-01,-3.577708763999663422e+00,-3.130495168499705549e+00,-2.236067977499789805e+00,-2.236067977499789805e+00,-8.944271909999158554e-01,-1.118033988749894903e+00,1.565247584249852775e+00,1.341640786499873839e+00,2.236067977499789805e+00,2.683281572999747677e+00,1.788854381999831711e+00,4.472135954999579610e+00,4.472135954999579610e+00,1.565247584249852775e+00,1.118033988749894903e+00,4.472135954999579610e+00,5.366563145999495354e+00,4.919349550499537038e+00,5.590169943749473624e+00,6.260990336999411099e+00,4.695742752749557880e+00,5.366563145999495354e+00,4.024922359499621294e+00,5.142956348249516196e+00,4.919349550499537038e+00,1.565247584249852775e+00,6.708203932499369193e-01,1.341640786499873839e+00,6.708203932499369193e-01,8.944271909999158554e-01,1.788854381999831711e+00,1.565247584249852775e+00,1.788854381999831711e+00,-2.236067977499789639e-01,6.708203932499369193e-01,2.012461179749810647e+00,1.788854381999831711e+00,1.565247584249852775e+00,1.788854381999831711e+00,2.683281572999747677e+00,4.248529157249600452e+00,3.801315561749642136e+00,5.813776741499452783e+00,4.919349550499537038e+00,3.801315561749642136e+00,3.577708763999663422e+00,4.024922359499621294e+00,1.788854381999831711e+00,2.012461179749810647e+00,3.130495168499705549e+00,3.130495168499705549e+00,4.695742752749557880e+00,3.577708763999663422e+00,1.118033988749894903e+00,8.944271909999158554e-01,2.906888370749726391e+00,2.906888370749726391e+00,1.341640786499873839e+00,1.565247584249852775e+00,2.236067977499789639e-01,-1.118033988749894903e+00,-4.472135954999579610e+00,-5.590169943749473624e+00,-6.931810730249347685e+00,-5.366563145999495354e+00,-2.236067977499789805e+00,-2.236067977499789805e+00,-2.012461179749810647e+00,-2.683281572999747677e+00,-1.341640786499873839e+00,8.944271909999158554e-01,2.236067977499789805e+00,4.248529157249600452e+00,3.130495168499705549e+00,4.919349550499537038e+00,5.813776741499452783e+00,3.354101966249684263e+00,4.919349550499537038e+00,4.695742752749557880e+00,2.459674775249768519e+00,3.354101966249684263e+00,4.695742752749557880e+00,7.155417527999326843e+00,7.379024325749306001e+00,6.931810730249347685e+00,7.602631123499284271e+00,7.379024325749306001e+00,7.602631123499284271e+00,8.273451516749220858e+00,6.037383539249431941e+00,3.577708763999663422e+00,8.944271909999158554e-01,2.236067977499789805e+00,1.341640786499873839e+00,2.459674775249768519e+00,3.354101966249684263e+00,2.906888370749726391e+00,4.919349550499537038e+00,6.708203932499368527e+00,5.142956348249516196e+00,4.472135954999579610e+00,4.248529157249600452e+00,4.248529157249600452e+00,4.024922359499621294e+00,2.236067977499789805e+00,1.341640786499873839e+00,1.118033988749894903e+00,1.565247584249852775e+00,1.788854381999831711e+00,1.118033988749894903e+00,1.565247584249852775e+00,2.683281572999747677e+00,4.248529157249600452e+00,3.354101966249684263e+00,2.683281572999747677e+00,8.944271909999158554e-01,-2.236067977499789639e-01,-6.708203932499369193e-01,0.000000000000000000e+00,-2.459674775249768519e+00,-1.341640786499873839e+00,-8.944271909999158554e-01,2.236067977499789639e-01,1.118033988749894903e+00,3.577708763999663422e+00,2.906888370749726391e+00,8.944271909999158554e-01,3.130495168499705549e+00,4.248529157249600452e+00,2.906888370749726391e+00,1.565247584249852775e+00,1.341640786499873839e+00,2.459674775249768519e+00,3.577708763999663422e+00,3.354101966249684263e+00,4.695742752749557880e+00,4.248529157249600452e+00,2.906888370749726391e+00,3.801315561749642136e+00,6.037383539249431941e+00,6.037383539249431941e+00,5.813776741499452783e+00,4.919349550499537038e+00,5.813776741499452783e+00,7.155417527999326843e+00,6.037383539249431941e+00,4.472135954999579610e+00,6.260990336999411099e+00,5.366563145999495354e+00,4.695742752749557880e+00,5.366563145999495354e+00,3.577708763999663422e+00,5.590169943749473624e+00,6.037383539249431941e+00,7.379024325749306001e+00,7.826237921249263430e+00,6.484597134749389369e+00,6.708203932499368527e+00,6.260990336999411099e+00,6.484597134749389369e+00,4.248529157249600452e+00,2.906888370749726391e+00,2.906888370749726391e+00,3.801315561749642136e+00,4.024922359499621294e+00,5.813776741499452783e+00,7.602631123499284271e+00,7.826237921249263430e+00,7.379024325749306001e+00,8.049844718999242588e+00,7.602631123499284271e+00,8.273451516749220858e+00,7.826237921249263430e+00,6.931810730249347685e+00,6.260990336999411099e+00,5.366563145999495354e+00,6.037383539249431941e+00,6.708203932499368527e+00,6.260990336999411099e+00,6.484597134749389369e+00,6.484597134749389369e+00,6.260990336999411099e+00,6.260990336999411099e+00,4.472135954999579610e+00,5.142956348249516196e+00,4.248529157249600452e+00,6.484597134749389369e+00,7.379024325749306001e+00,6.484597134749389369e+00,7.379024325749306001e+00,6.708203932499368527e+00,6.484597134749389369e+00,4.919349550499537038e+00,4.919349550499537038e+00,4.472135954999579610e+00,4.472135954999579610e+00
-6.708203932499369193e-01,-1.565247584249852775e+00,-3.577708763999663422e+00,-2.236067977499789805e+00,-4.024922359499621294e+00,-3.801315561749642136e+00,-4.919349550499537038e+00,-5.142956348249516196e+00,-2.683281572999747677e+00,-1.341640786499873839e+00,-1.565247584249852775e+00,1.565247584249852775e+00,1.565247584249852775e+00,3.577708763999663422e+00,2.012461179749810647e+00,1.788854381999831711e+00,4.472135954999579277e-01,3.354101966249684263e+00,3.130495168499705549e+00,4.695742752749557880e+00,5.366563145999495354e+00,5.813776741499452783e+00,8.049844718999242588e+00,1.185116028074888561e+01,1.162755348299890557e+01,9.838699100999074076e+00,9.838699100999074076e+00,9.167878707749137490e+00,8.273451516749220858e+00,8.273451516749220858e+00,8.944271909999159220e+00,7.155417527999326843e+00,4.248529157249600452e+00,2.459674775249768519e+00,2.683281572999747677e+00,2.236067977499789805e+00,4.472135954999579277e-01,-2.236067977499789639e-01,-2.459674775249768519e+00,-2.683281572999747677e+00,8.944271909999158554e-01,-8.944271909999158554e-01,0.000000000000000000e+00,-6.708203932499369193e-01,2.236067977499789639e-01,1.565247584249852775e+00,2.683281572999747677e+00,3.577708763999663422e+00,4.472135954999579610e+00,6.708203932499368527e+00,5.142956348249516196e+00,4.248529157249600452e+00,2.906888370749726391e+00,1.565247584249852775e+00,2.906888370749726391e+00,2.459674775249768519e+00,4.024922359499621294e+00,3.577708763999663422e+00,3.354101966249684263e+00,1.341640786499873839e+00,8.944271909999158554e-01,0.000000000000000000e+00,8.944271909999158554e-01,1.341640786499873839e+00,1.788854381999831711e+00,3.130495168499705549e+00,2.459674775249768519e+00,1.565247584249852775e+00,0.000000000000000000e+00,2.236067977499789639e-01,8.944271909999158554e-01,2.683281572999747677e+00,3.354101966249684263e+00,4.472135954999579610e+00,4.024922359499621294e+00,6.484597134749389369e+00,4.919349550499537038e+00,2.236067977499789805e+00,1.118033988749894903e+00,1.788854381999831711e+00,6.708203932499369193e-01,-2.236067977499789639e-01,-2.236067977499789639e-01,-2.236067977499789639e-01,0.000000000000000000e+00,1.565247584249852775e+00,8.944271909999158554e-01,1.341640786499873839e+00,2.012461179749810647e+00,2.906888370749726391e+00,1.341640786499873839e+00,8.944271909999158554e-01,3.354101966249684263e+00,3.801315561749642136e+00,4.472135954999579610e+00,3.801315561749642136e+00,4.248529157249600452e+00,4.695742752749557880e+00,4.472135954999579610e+00,4.695742752749557880e+00,3.577708763999663422e+00,3.130495168499705549e+00,2.459674775249768519e+00,2.683281572999747677e+00,1.788854381999831711e+00,1.565247584249852775e+00,8.944271909999158554e-01,-4.472135954999579277e-01,-1.788854381999831711e+00,-2.012461179749810647e+00,-8.944271909999158554e-01,-1.341640786499873839e+00,-1.788854381999831711e+00,4.472135954999579277e-01,-4.472135954999579277e-01,-1.118033988749894903e+00,-8.944271909999158554e-01,6.708203932499369193e-01,2.683281572999747677e+00,2.459674775249768519e+00,2.459674775249768519e+00,2.236067977499789639e-01,2.683281572999747677e+00,2.683281572999747677e+00,8.944271909999158554e-01,1.565247584249852775e+00,2.459674775249768519e+00,3.801315561749642136e+00,4.024922359499621294e+00,5.590169943749473624e+00,5.366563145999495354e+00,7.379024325749306001e+00,7.379024325749306001e+00,5.142956348249516196e+00,5.590169943749473624e+00,8.273451516749220858e+00,8.720665112249179174e+00,6.260990336999411099e+00,5.366563145999495354e+00,4.024922359499621294e+00,4.248529157249600452e+00,4.024922359499621294e+00,5.142956348249516196e+00,3.354101966249684263e+00,2.459674775249768519e+00,3.354101966249684263e+00,3.130495168499705549e+00,1.565247584249852775e+00,3.354101966249684263e+00,2.012461179749810647e+00,2.236067977499789805e+00,2.683281572999747677e+00,1.118033988749894903e+00,2.236067977499789639e-01,-2.236067977499789639e-01,2.236067977499789639e-01,-2.236067977499789639e-01,-6.708203932499369193e-01,-2.906888370749726391e+00,-4.024922359499621294e+00,-3.354101966249684263e+00,-1.341640786499873839e+00,-1.565247584249852775e+00,-2.459674775249768519e+00,-2.459674775249768519e+00,-2.459674775249768519e+00,-3.354101966249684263e+00,-4.248529157249600452e+00,-4.472135954999579610e+00,-5.366563145999495354e+00,-5.590169943749473624e+00,-4.024922359499621294e+00,-3.801315561749642136e+00,-4.248529157249600452e+00,-6.037383539249431941e+00,-5.590169943749473624e+00,-4.248529157249600452e+00,-1.565247584249852775e+00,-2.459674775249768519e+00,-2.906888370749726391e+00,-1.118033988749894903e+00,6.708203932499369193e-01,-2.236067977499789639e-01,-1.788854381999831711e+00,-1.565247584249852775e+00,-2.236067977499789639e-01,2.012461179749810647e+00,0.000000000000000000e+00,2.459674775249768519e+00,1.341640786499873839e+00,1.118033988749894903e+00,1.565247584249852775e+00,1.788854381999831711e+00,1.118033988749894903e+00,1.341640786499873839e+00,1.565247584249852775e+00,4.024922359499621294e+00,4.248529157249600452e+00,5.813776741499452783e+00,5.813776741499452783e+00,4.919349550499537038e+00,4.472135954999579610e+00,3.801315561749642136e+00,4.472135954999579610e+00,3.577708763999663422e+00,2.236067977499789805e+00,1.341640786499873839e+00,1.118033988749894903e+00,8.944271909999158554e-01,1.788854381999831711e+00,2.012461179749810647e+00,3.577708763999663422e+00,1.118033988749894903e+00,2.906888370749726391e+00,1.118033988749894903e+00,0.000000000000000000e+00,-2.236067977499789805e+00,-2.906888370749726391e+00,-3.577708763999663422e+00,-4.472135954999579610e+00,-4.695742752749557880e+00,-4.472135954999579610e+00,-3.577708763999663422e+00,-3.354101966249684263e+00,-4.919349550499537038e+00,-3.801315561749642136e+00,-2.459674775249768519e+00,-2.459674775249768519e+00,-2.683281572999747677e+00,-2.906888370749726391e+00,-1.788854381999831711e+00,-1.341640786499873839e+00,-2.683281572999747677e+00,-2.459674775249768519e+00,-2.236067977499789805e+00,2.236067977499789639e-01,-2.236067977499789639e-01,-8.944271909999158554e-01,6.708203932499369193e-01,3.354101966249684263e+00,2.459674775249768519e+00,4.472135954999579610e+00,3.354101966249684263e+00,2.236067977499789805e+00,1.341640786499873839e+00,2.459674775249768519e+00,1.788854381999831711e+00,6.708203932499369193e-01,2.236067977499789639e-01,-4.472135954999579277e-01,8.944271909999158554e-01,3.577708763999663422e+00,3.577708763999663422e+00,4.472135954999579610e+00,4.919349550499537038e+00,4.919349550499537038e+00,4.472135954999579610e+00,4.695742752749557880e+00,4.472135954999579610e+00,4.695742752749557880e+00,3.354101966249684263e+00,2.459674775249768519e+00,2.236067977499789639e-01,1.341640786499873839e+00,8.944271909999158554e-01,6.708203932499369193e-01,-2.236067977499789639e-01,1.565247584249852775e+00,1.341640786499873839e+00,1.565247584249852775e+00,1.565247584249852775e+00,8.944271909999158554e-01,6.708203932499369193e-01,6.708203932499369193e-01,-4.472135954999579277e-01,-6.708203932499369193e-01,-2.236067977499789639e-01,-4.472135954999579277e-01,-2.236067977499789639e-01,-1.565247584249852775e+00,-6.708203932499369193e-01,-3.577708763999663422e+00,-2.459674775249768519e+00,-3.130495168499705549e+00,-5.142956348249516196e+00,-3.801315561749642136e+00,-2.683281572999747677e+00,-3.354101966249684263e+00,-4.919349550499537038e+00,-5.142956348249516196e+00,-5.142956348249516196e+00,-2.683281572999747677e+00,-2.683281572999747677e+00,-2.012461179749810647e+00,-1.565247584249852775e+00,-1.565247584249852775e+00,-2.012461179749810647e+00,2.236067977499789639e-01,1.565247584249852775e+00,6.708203932499369193e-01,2.012461179749810647e+00,3.130495168499705549e+00,4.695742752749557880e+00,3.130495168499705549e+00,4.248529157249600452e+00,4.472135954999579610e+00,4.919349550499537038e+00,5.142956348249516196e+00,5.813776741499452783e+00,4.695742752749557880e+00,2.012461179749810647e+00,2.683281572999747677e+00,4.024922359499621294e+00,2.459674775249768519e+00,2.012461179749810647e+00,1.341640786499873839e+00,0.000000000000000000e+00,8.944271909999158554e-01,-4.472135954999579277e-01,0.000000000000000000e+00,-6.708203932499369193e-01,4.472135954999579277e-01,4.472135954999579277e-01,-3.130495168499705549e+00,-6.708203932499369193e-01,-2.236067977499789639e-01,4.472135954999579277e-01,2.459674775249768519e+00,8.944271909999158554e-01,2.012461179749810647e+00,0.000000000000000000e+00,8.944271909999158554e-01,2.459674775249768519e+00,1.565247584249852775e+00,-2.236067977499789639e-01,-1.118033988749894903e+00,-1.118033988749894903e+00,-1.341640786499873839e+00,-1.788854381999831711e+00,-1.788854381999831711e+00,-1.565247584249852775e+00,-1.788854381999831711e+00,-2.012461179749810647e+00,-1.341640786499873839e+00,-2.236067977499789639e-01,-1.565247584249852775e+00,-2.236067977499789805e+00,-2.236067977499789639e-01,1.341640786499873839e+00,-1.341640786499873839e+00,2.236067977499789639e-01,1.118033988749894903e+00,-8.944271909999158554e-01,8.944271909999158554e-01,-4.472135954999579277e-01,-2.236067977499789805e+00,-5.590169943749473624e+00,-6.931810730249347685e+00,-6.931810730249347685e+00,-6.260990336999411099e+00,-5.590169943749473624e+00,-4.024922359499621294e+00,-5.142956348249516196e+00,-5.142956348249516196e+00,-5.366563145999495354e+00,-5.813776741499452783e+00,-2.683281572999747677e+00,-3.577708763999663422e+00,-3.130495168499705549e+00,-2.236067977499789805e+00,-3.354101966249684263e+00,-3.354101966249684263e+00,-2.236067977499789805e+00,-8.944271909999158554e-01,-3.130495168499705549e+00,-3.577708763999663422e+00,-3.354101966249684263e+00,-4.472135954999579610e+00,-4.024922359499621294e+00,-2.459674775249768519e+00,-1.565247584249852775e+00,-1.788854381999831711e+00,-1.565247584249852775e+00,-2.236067977499789639e-01,0.000000000000000000e+00,0.000000000000000000e+00,1.788854381999831711e+00,3.130495168499705549e+00,2.459674775249768519e+00,4.024922359499621294e+00,3.577708763999663422e+00,3.577708763999663422e+00,3.801315561749642136e+00,4.024922359499621294e+00,1.788854381999831711e+00,1.565247584249852775e+00,-1.341640786499873839e+00,-1.565247584249852775e+00,-2.012461179749810647e+00,-2.236067977499789805e+00,-1.565247584249852775e+00,-1.341640786499873839e+00,-6.708203932499369193e-01,-2.236067977499789639e-01,0.000000000000000000e+00,-8.944271909999158554e-01,6.708203932499369193e-01,1.565247584249852775e+00,-2.236067977499789639e-01,-2.236067977499789639e-01,4.472135954999579277e-01,-6.708203932499369193e-01,-1.118033988749894903e+00,0.000000000000000000e+00,2.236067977499789639e-01,-2.236067977499789639e-01,-1.341640786499873839e+00,2.236067977499789639e-01,2.236067977499789639e-01,2.236067977499789639e-01,-8.944271909999158554e-01,-1.565247584249852775e+00,-1.788854381999831711e+00,-1.118033988749894903e+00,-2.683281572999747677e+00,-1.118033988749894903e+00,-6.708203932499369193e-01,0.000000000000000000e+00,-8.944271909999158554e-01,-2.236067977499789639e-01,-4.472135954999579277e-01,1.118033988749894903e+00,8.944271909999158554e-01,1.118033988749894903e+00,4.472135954999579277e-01,-6.708203932499369193e-01,-4.472135954999579277e-01,-8.944271909999158554e-01,-2.236067977499789639e-01,-1.118033988749894903e+00,-2.236067977499789639e-01,-4.472135954999579277e-01,1.118033988749894903e+00,4.472135954999579277e-01,8.944271909999158554e-01,2.012461179749810647e+00,1.788854381999831711e+00,8.944271909999158554e-01,8.944271909999158554e-01,1.341640786499873839e+00,4.472135954999579277e-01,-8.944271909999158554e-01,0.000000000000000000e+00,-1.118033988749894903e+00,6.708203932499369193e-01,2.012461179749810647e+00,1.565247584249852775e+00,1.118033988749894903e+00,1.341640786499873839e+00,-2.236067977499789639e-01,2.236067977499789639e-01,8.944271909999158554e-01,1.565247584249852775e+00,2.236067977499789805e+00,2.683281572999747677e+00,2.459674775249768519e+00,8.944271909999158554e-01,1.118033988749894903e+00,2.683281572999747677e+00,3.130495168499705549e+00,3.354101966249684263e+00,2.459674775249768519e+00,2.236067977499789639e-01,1.118033988749894903e+00,1.341640786499873839e+00,2.012461179749810647e+00,1.565247584249852775e+00,1.341640786499873839e+00,2.236067977499789639e-01,0.000000000000000000e+00,-4.472135954999579277e-01,-1.341640786499873839e+00,-2.236067977499789805e+00,-3.801315561749642136e+00,-4.472135954999579277e-01,2.236067977499789639e-01,6.708203932499369193e-01,2.236067977499789639e-01,4.472135954999579277e-01,0.000000000000000000e+00,-1.565247584249852775e+00,-1.788854381999831711e+00,-2.236067977499789805e+00,6.708203932499369193e-01,2.012461179749810647e+00,2.236067977499789805e+00,1.341640786499873839e+00,2.236067977499789805e+00,2.906888370749726391e+00,3.354101966249684263e+00
-5.366563145999495354e+00,-5.366563145999495354e+00,-4.248529157249600452e+00,-4.024922359499621294e+00,-5.142956348249516196e+00,-4.024922359499621294e+00,-4.695742752749557880e+00,-5.366563145999495354e+00,-5.142956348249516196e+00,-6.037383539249431941e+00,-4.919349550499537038e+00,-3.577708763999663422e+00,-2.683281572999747677e+00,-4.472135954999579610e+00,-3.354101966249684263e+00,-3.354101966249684263e+00,-2.906888370749726391e+00,-3.577708763999663422e+00,-2.459674775249768519e+00,-2.236067977499789805e+00,-3.801315561749642136e+00,-4.024922359499621294e+00,-4.472135954999579610e+00,-5.590169943749473624e+00,-4.919349550499537038e+00,-3.577708763999663422e+00,-3.354101966249684263e+00,-2.906888370749726391e+00,-4.695742752749557880e+00,-2.459674775249768519e+00,-3.354101966249684263e+00,-2.012461179749810647e+00,-2.906888370749726391e+00,-4.472135954999579610e+00,-3.577708763999663422e+00,-2.236067977499789805e+00,-2.683281572999747677e+00,-2.906888370749726391e+00,-2.236067977499789805e+00,-2.683281572999747677e+00,-1.118033988749894903e+00,-2.459674775249768519e+00,-6.708203932499369193e-01,6.708203932499369193e-01,2.236067977499789805e+00,2.236067977499789805e+00,1.341640786499873839e+00,-4.472135954999579277e-01,-4.472135954999579277e-01,0.000000000000000000e+00,-1.118033988749894903e+00,-8.944271909999158554e-01,-4.472135954999579277e-01,4.472135954999579277e-01,2.236067977499789639e-01,-2.459674775249768519e+00,-3.354101966249684263e+00,-2.683281572999747677e+00,-3.130495168499705549e+00,-8.944271909999158554e-01,-6.708203932499369193e-01,1.788854381999831711e+00,1.341640786499873839e+00,1.118033988749894903e+00,4.472135954999579277e-01,-8.944271909999158554e-01,-2.459674775249768519e+00,-2.459674775249768519e+00,-3.130495168499705549e+00,-2.459674775249768519e+00,-2.012461179749810647e+00,6.708203932499369193e-01,2.236067977499789639e-01,-1.118033988749894903e+00,-1.788854381999831711e+00,-2.236067977499789805e+00,-2.459674775249768519e+00,-3.577708763999663422e+00,-2.236067977499789805e+00,-2.236067977499789805e+00,-2.459674775249768519e+00,-2.683281572999747677e+00,-2.906888370749726391e+00,-4.695742752749557880e+00,-4.695742752749557880e+00,-3.577708763999663422e+00,-3.354101966249684263e+00,-1.788854381999831711e+00,6.708203932499369193e-01,2.236067977499789639e-01,4.472135954999579277e-01,8.944271909999158554e-01,-4.472135954999579277e-01,0.000000000000000000e+00,8.944271909999158554e-01,-8.944271909999158554e-01,4.472135954999579277e-01,2.236067977499789639e-01,-4.472135954999579277e-01,1.118033988749894903e+00,1.118033988749894903e+00,2.236067977499789805e+00,6.708203932499369193e-01,1.788854381999831711e+00,1.565247584249852775e+00,2.236067977499789639e-01,2.012461179749810647e+00,1.118033988749894903e+00,2.906888370749726391e+00,5.142956348249516196e+00,6.931810730249347685e+00,5.142956348249516196e+00,3.577708763999663422e+00,4.248529157249600452e+00,4.695742752749557880e+00,4.472135954999579610e+00,4.024922359499621294e+00,3.354101966249684263e+00,2.236067977499789805e+00,2.459674775249768519e+00,2.236067977499789805e+00,2.459674775249768519e+00,1.565247584249852775e+00,4.472135954999579277e-01,2.236067977499789805e+00,-4.472135954999579277e-01,-2.236067977499789805e+00,-2.012461179749810647e+00,-8.944271909999158554e-01,-8.944271909999158554e-01,-2.236067977499789805e+00,-1.341640786499873839e+00,-4.472135954999579277e-01,-2.236067977499789639e-01,8.944271909999158554e-01,1.788854381999831711e+00,8.944271909999158554e-01,6.708203932499369193e-01,-1.788854381999831711e+00,-8.944271909999158554e-01,-4.472135954999579277e-01,1.341640786499873839e+00,-1.565247584249852775e+00,-2.906888370749726391e+00,-1.565247584249852775e+00,-2.236067977499789805e+00,-2.236067977499789805e+00,-1.565247584249852775e+00,-1.565247584249852775e+00,-3.577708763999663422e+00,-2.459674775249768519e+00,-2.236067977499789805e+00,-2.683281572999747677e+00,-2.012461179749810647e+00,0.000000000000000000e+00,-6.708203932499369193e-01,1.341640786499873839e+00,-1.788854381999831711e+00,-1.565247584249852775e+00,-2.906888370749726391e+00,-1.118033988749894903e+00,0.000000000000000000e+00,2.236067977499789639e-01,-4.472135954999579277e-01,-4.472135954999579277e-01,2.236067977499789639e-01,8.944271909999158554e-01,-4.472135954999579277e-01,1.118033988749894903e+00,6.708203932499369193e-01,4.472135954999579277e-01,0.000000000000000000e+00,-2.236067977499789639e-01,0.000000000000000000e+00,-2.236067977499789639e-01,-3.354101966249684263e+00,-2.012461179749810647e+00,-4.472135954999579277e-01,0.000000000000000000e+00,4.472135954999579277e-01,4.472135954999579277e-01,4.472135954999579277e-01,6.708203932499369193e-01,3.130495168499705549e+00,2.906888370749726391e+00,2.683281572999747677e+00,3.130495168499705549e+00,3.130495168499705549e+00,2.906888370749726391e+00,3.354101966249684263e+00,2.683281572999747677e+00,2.236067977499789805e+00,5.366563145999495354e+00,5.813776741499452783e+00,6.931810730249347685e+00,7.155417527999326843e+00,5.813776741499452783e+00,6.037383539249431941e+00,5.813776741499452783e+00,4.919349550499537038e+00,4.024922359499621294e+00,3.130495168499705549e+00,2.683281572999747677e+00,2.683281572999747677e+00,4.919349550499537038e+00,6.260990336999411099e+00,5.813776741499452783e+00,5.142956348249516196e+00,4.695742752749557880e+00,5.142956348249516196e+00,5.590169943749473624e+00,5.142956348249516196e+00,3.801315561749642136e+00,1.118033988749894903e+00,2.012461179749810647e+00,2.459674775249768519e+00,3.801315561749642136e+00,2.236067977499789805e+00,3.801315561749642136e+00,2.459674775249768519e+00,4.248529157249600452e+00,4.248529157249600452e+00,3.801315561749642136e+00,4.024922359499621294e+00,2.236067977499789805e+00,2.012461179749810647e+00,2.459674775249768519e+00,3.130495168499705549e+00,2.683281572999747677e+00,1.565247584249852775e+00,1.341640786499873839e+00,0.000000000000000000e+00,1.788854381999831711e+00,1.341640786499873839e+00,2.012461179749810647e+00,4.472135954999579277e-01,4.472135954999579277e-01,8.944271909999158554e-01,-2.236067977499789639e-01,-1.565247584249852775e+00,-2.906888370749726391e+00,-3.130495168499705549e+00,-2.012461179749810647e+00,-1.118033988749894903e+00,-2.236067977499789639e-01,4.472135954999579277e-01,4.472135954999579277e-01,2.236067977499789639e-01,0.000000000000000000e+00,2.012461179749810647e+00,-8.944271909999158554e-01,1.118033988749894903e+00,6.708203932499369193e-01,0.000000000000000000e+00,-8.944271909999158554e-01,-1.341640786499873839e+00,-6.708203932499369193e-01,-2.012461179749810647e+00,-8.944271909999158554e-01,-6.708203932499369193e-01,-4.472135954999579277e-01,-2.906888370749726391e+00,-1.788854381999831711e+00,-3.130495168499705549e+00,-4.248529157249600452e+00,-1.565247584249852775e+00,-2.906888370749726391e+00,-1.565247584249852775e+00,-1.118033988749894903e+00,-8.944271909999158554e-01,2.459674775249768519e+00,2.236067977499789639e-01,2.236067977499789639e-01,-2.012461179749810647e+00,-3.354101966249684263e+00,-2.906888370749726391e+00,-1.788854381999831711e+00,-2.236067977499789639e-01,-2.236067977499789639e-01,-4.472135954999579277e-01,-8.944271909999158554e-01,-4.472135954999579277e-01,-2.012461179749810647e+00,-2.683281572999747677e+00,-1.341640786499873839e+00,-1.565247584249852775e+00,-2.012461179749810647e+00,-2.683281572999747677e+00,-4.472135954999579610e+00,-2.906888370749726391e+00,-2.012461179749810647e+00,-2.683281572999747677e+00,-2.683281572999747677e+00,-3.577708763999663422e+00,-2.459674775249768519e+00,-2.683281572999747677e+00,-1.565247584249852775e+00,-1.788854381999831711e+00,0.000000000000000000e+00,-2.236067977499789639e-01,-4.472135954999579277e-01,4.472135954999579277e-01,4.472135954999579277e-01,1.341640786499873839e+00,6.708203932499369193e-01,1.565247584249852775e+00,6.708203932499369193e-01,1.118033988749894903e+00,2.236067977499789639e-01,6.708203932499369193e-01,8.944271909999158554e-01,2.236067977499789639e-01,2.683281572999747677e+00,2.906888370749726391e+00,1.341640786499873839e+00,1.788854381999831711e+00,1.788854381999831711e+00,1.565247584249852775e+00,2.012461179749810647e+00,1.341640786499873839e+00,4.472135954999579277e-01,2.236067977499789639e-01,-2.236067977499789639e-01,-6.708203932499369193e-01,0.000000000000000000e+00,-4.472135954999579277e-01,-6.708203932499369193e-01,-1.118033988749894903e+00,-6.708203932499369193e-01,-1.341640786499873839e+00,-2.683281572999747677e+00,-3.130495168499705549e+00,-3.130495168499705549e+00,-1.565247584249852775e+00,-2.012461179749810647e+00,-1.341640786499873839e+00,8.944271909999158554e-01,1.341640786499873839e+00,1.118033988749894903e+00,2.236067977499789805e+00,1.788854381999831711e+00,1.565247584249852775e+00,2.236067977499789639e-01,2.012461179749810647e+00,2.683281572999747677e+00,3.354101966249684263e+00,2.683281572999747677e+00,2.236067977499789805e+00,2.012461179749810647e+00,-1.341640786499873839e+00,-1.565247584249852775e+00,-8.944271909999158554e-01,-2.236067977499789805e+00,-6.708203932499369193e-01,-8.944271909999158554e-01,8.944271909999158554e-01,2.459674775249768519e+00,3.354101966249684263e+00,3.130495168499705549e+00,2.012461179749810647e+00,1.565247584249852775e+00,-4.472135954999579277e-01,8.944271909999158554e-01,-6.708203932499369193e-01,0.000000000000000000e+00,1.118033988749894903e+00,6.708203932499369193e-01,-4.472135954999579277e-01,1.118033988749894903e+00,4.472135954999579277e-01,0.000000000000000000e+00,-4.472135954999579277e-01,-4.472135954999579277e-01,-1.118033988749894903e+00,-6.708203932499369193e-01,-1.118033988749894903e+00,-6.708203932499369193e-01,6.708203932499369193e-01,-6.708203932499369193e-01,-1.565247584249852775e+00,-2.236067977499789805e+00,-1.565247584249852775e+00,-2.459674775249768519e+00,-8.944271909999158554e-01,-2.683281572999747677e+00,-2.012461179749810647e+00,-3.354101966249684263e+00,-2.236067977499789805e+00,-2.012461179749810647e+00,-2.683281572999747677e+00,-3.577708763999663422e+00,-2.459674775249768519e+00,-3.354101966249684263e+00,-1.788854381999831711e+00,-1.118033988749894903e+00,-1.788854381999831711e+00,-4.472135954999579277e-01,-1.788854381999831711e+00,-2.683281572999747677e+00,-1.788854381999831711e+00,0.000000000000000000e+00,4.472135954999579277e-01,2.012461179749810647e+00,-8.944271909999158554e-01,-1.565247584249852775e+00,-1.788854381999831711e+00,-3.577708763999663422e+00,-3.354101966249684263e+00,-3.801315561749642136e+00,-2.236067977499789805e+00,-8.944271909999158554e-01,-2.236067977499789805e+00,-1.788854381999831711e+00,8.944271909999158554e-01,2.236067977499789639e-01,-8.944271909999158554e-01,-2.683281572999747677e+00,-1.565247584249852775e+00,8.944271909999158554e-01,3.130495168499705549e+00,2.459674775249768519e+00,1.788854381999831711e+00,3.577708763999663422e+00,3.354101966249684263e+00,2.683281572999747677e+00,8.944271909999158554e-01,0.000000000000000000e+00,-8.944271909999158554e-01,-2.012461179749810647e+00,-3.130495168499705549e+00,-3.354101966249684263e+00,-1.788854381999831711e+00,-4.472135954999579277e-01,2.236067977499789639e-01,-2.236067977499789639e-01,1.341640786499873839e+00,4.472135954999579277e-01,-2.236067977499789639e-01,4.472135954999579277e-01,2.236067977499789639e-01,-1.788854381999831711e+00,-2.459674775249768519e+00,-3.801315561749642136e+00,-6.708203932499369193e-01,-1.341640786499873839e+00,-1.341640786499873839e+00,-1.118033988749894903e+00,-2.683281572999747677e+00,-3.130495168499705549e+00,-4.248529157249600452e+00,-5.366563145999495354e+00,-4.695742752749557880e+00,-3.130495168499705549e+00,-2.906888370749726391e+00,-8.944271909999158554e-01,-6.708203932499369193e-01,-2.012461179749810647e+00,-1.118033988749894903e+00,4.472135954999579277e-01,-2.236067977499789805e+00,-3.801315561749642136e+00,-4.248529157249600452e+00,-4.024922359499621294e+00,-2.459674775249768519e+00,0.000000000000000000e+00,6.708203932499369193e-01,0.000000000000000000e+00,-1.565247584249852775e+00,6.708203932499369193e-01,-2.236067977499789805e+00,-2.236067977499789805e+00,-2.459674775249768519e+00,-3.130495168499705549e+00,-3.354101966249684263e+00,-4.472135954999579610e+00,-7.602631123499284271e+00,-6.037383539249431941e+00,-4.919349550499537038e+00,-4.695742752749557880e+00,-2.459674775249768519e+00,-2.906888370749726391e+00,-4.248529157249600452e+00,-2.236067977499789805e+00,-2.012461179749810647e+00,-2.236067977499789805e+00,-3.354101966249684263e+00,-1.341640786499873839e+00,-2.236067977499789805e+00,-2.012461179749810647e+00,-2.236067977499789805e+00,-1.341640786499873839e+00,-2.236067977499789639e-01,-2.012461179749810647e+00,-4.472135954999579610e+00,-3.801315561749642136e+00,-1.788854381999831711e+00,-1.341640786499873839e+00,-2.459674775249768519e+00,-1.341640786499873839e+00,6.708203932499369193e-01
7.602631123499284271e+00,7.826237921249263430e+00,4.695742752749557880e+00,5.590169943749473624e+00,3.801315561749642136e+00,3.130495168499705549e+00,2.683281572999747677e+00,2.683281572999747677e+00,2.236067977499789805e+00,4.472135954999579277e-01,-1.118033988749894903e+00,-2.683281572999747677e+00,-1.565247584249852775e+00,-1.788854381999831711e+00,-3.801315561749642136e+00,-2.906888370749726391e+00,-1.788854381999831711e+00,2.236067977499789639e-01,-4.472135954999579277e-01,0.000000000000000000e+00,-2.236067977499789639e-01,1.118033988749894903e+00,0.000000000000000000e+00,-2.012461179749810647e+00,-2.012461179749810647e+00,-1.565247584249852775e+00,-4.472135954999579277e-01,-4.472135954999579277e-01,1.118033988749894903e+00,4.472135954999579277e-01,2.906888370749726391e+00,4.472135954999579610e+00,5.590169943749473624e+00,6.484597134749389369e+00,3.801315561749642136e+00,3.354101966249684263e+00,3.577708763999663422e+00,4.919349550499537038e+00,3.577708763999663422e+00,3.130495168499705549e+00,4.695742752749557880e+00,5.142956348249516196e+00,4.919349550499537038e+00,2.683281572999747677e+00,2.012461179749810647e+00,2.459674775249768519e+00,3.801315561749642136e+00,2.236067977499789805e+00,1.341640786499873839e+00,2.906888370749726391e+00,2.012461179749810647e+00,8.944271909999158554e-01,0.000000000000000000e+00,4.472135954999579277e-01,2.236067977499789805e+00,3.130495168499705549e+00,4.472135954999579610e+00,5.590169943749473624e+00,4.919349550499537038e+00,3.130495168499705549e+00,8.944271909999158554e-01,6.708203932499369193e-01,1.118033988749894903e+00,6.708203932499369193e-01,2.459674775249768519e+00,4.472135954999579277e-01,-1.341640786499873839e+00,-4.472135954999579277e-01,1.118033988749894903e+00,1.341640786499873839e+00,2.236067977499789805e+00,4.472135954999579277e-01,4.472135954999579277e-01,-8.944271909999158554e-01,-4.472135954999579277e-01,-2.236067977499789639e-01,0.000000000000000000e+00,2.236067977499789639e-01,-2.459674775249768519e+00,-4.472135954999579277e-01,-1.565247584249852775e+00,-2.459674775249768519e+00,-2.236067977499789805e+00,-2.459674775249768519e+00,-1.341640786499873839e+00,-6.708203932499369193e-01,-1.565247584249852775e+00,-1.788854381999831711e+00,-1.341640786499873839e+00,-2.236067977499789639e-01,8.944271909999158554e-01,6.708203932499369193e-01,3.354101966249684263e+00,2.236067977499789805e+00,4.248529157249600452e+00,5.142956348249516196e+00,3.577708763999663422e+00,8.944271909999158554e-01,-2.236067977499789639e-01,-1.118033988749894903e+00,-1.341640786499873839e+00,-2.236067977499789639e-01,8.944271909999158554e-01,1.341640786499873839e+00,2.012461179749810647e+00,1.565247584249852775e+00,3.130495168499705549e+00,4.024922359499621294e+00,2.906888370749726391e+00,6.708203932499369193e-01,1.788854381999831711e+00,8.944271909999158554e-01,1.341640786499873839e+00,4.472135954999579277e-01,1.118033988749894903e+00,3.354101966249684263e+00,2.683281572999747677e+00,2.459674775249768519e+00,4.472135954999579277e-01,1.118033988749894903e+00,0.000000000000000000e+00,0.000000000000000000e+00,0.000000000000000000e+00,0.000000000000000000e+00,-2.236067977499789639e-01,-4.472135954999579277e-01,1.341640786499873839e+00,1.341640786499873839e+00,2.906888370749726391e+00,3.577708763999663422e+00,1.565247584249852775e+00,2.012461179749810647e+00,1.788854381999831711e+00,1.788854381999831711e+00,4.472135954999579277e-01,4.472135954999579277e-01,2.236067977499789639e-01,1.341640786499873839e+00,-4.472135954999579277e-01,-4.472135954999579277e-01,-1.118033988749894903e+00,0.000000000000000000e+00,8.944271909999158554e-01,2.236067977499789639e-01,1.565247584249852775e+00,1.341640786499873839e+00,1.341640786499873839e+00,1.118033988749894903e+00,-2.236067977499789639e-01,-1.341640786499873839e+00,-2.683281572999747677e+00,-3.801315561749642136e+00,-3.130495168499705549e+00,-4.248529157249600452e+00,-3.130495168499705549e+00,-3.577708763999663422e+00,-2.236067977499789805e+00,-2.012461179749810647e+00,-2.236067977499789639e-01,2.012461179749810647e+00,0.000000000000000000e+00,-6.708203932499369193e-01,-8.944271909999158554e-01,8.944271909999158554e-01,2.236067977499789805e+00,1.565247584249852775e+00,1.565247584249852775e+00,1.341640786499873839e+00,4.472135954999579277e-01,1.118033988749894903e+00,1.788854381999831711e+00,2.236067977499789805e+00,2.459674775249768519e+00,3.130495168499705549e+00,3.801315561749642136e+00,2.236067977499789805e+00,3.354101966249684263e+00,2.459674775249768519e+00,2.012461179749810647e+00,4.024922359499621294e+00,1.341640786499873839e+00,1.341640786499873839e+00,3.130495168499705549e+00,3.577708763999663422e+00,3.130495168499705549e+00,2.012461179749810647e+00,-2.236067977499789639e-01,2.236067977499789805e+00,4.472135954999579277e-01,6.708203932499369193e-01,1.341640786499873839e+00,8.944271909999158554e-01,-6.708203932499369193e-01,-2.236067977499789639e-01,2.236067977499789639e-01,2.906888370749726391e+00,1.565247584249852775e+00,2.683281572999747677e+00,1.341640786499873839e+00,1.118033988749894903e+00,1.341640786499873839e+00,2.459674775249768519e+00,2.683281572999747677e+00,2.012461179749810647e+00,0.000000000000000000e+00,-1.788854381999831711e+00,-3.577708763999663422e+00,-2.459674775249768519e+00,-2.459674775249768519e+00,-1.788854381999831711e+00,-1.118033988749894903e+00,0.000000000000000000e+00,1.118033988749894903e+00,1.565247584249852775e+00,3.354101966249684263e+00,5.590169943749473624e+00,4.695742752749557880e+00,6.037383539249431941e+00,3.577708763999663422e+00,5.366563145999495354e+00,5.142956348249516196e+00,3.801315561749642136e+00,5.813776741499452783e+00,6.931810730249347685e+00,5.366563145999495354e+00,6.484597134749389369e+00,6.260990336999411099e+00,6.260990336999411099e+00,6.931810730249347685e+00,4.695742752749557880e+00,4.472135954999579610e+00,5.142956348249516196e+00,6.037383539249431941e+00,4.695742752749557880e+00,3.801315561749642136e+00,2.236067977499789805e+00,1.565247584249852775e+00,0.000000000000000000e+00,8.944271909999158554e-01,8.944271909999158554e-01,2.236067977499789639e-01,1.341640786499873839e+00,1.341640786499873839e+00,4.472135954999579277e-01,-6.708203932499369193e-01,4.472135954999579277e-01,1.565247584249852775e+00,2.012461179749810647e+00,1.118033988749894903e+00,1.788854381999831711e+00,1.565247584249852775e+00,2.683281572999747677e+00,3.354101966249684263e+00,4.695742752749557880e+00,3.801315561749642136e+00,4.695742752749557880e+00,3.577708763999663422e+00,3.354101966249684263e+00,2.012461179749810647e+00,2.683281572999747677e+00,2.683281572999747677e+00,2.236067977499789805e+00,1.565247584249852775e+00,4.472135954999579610e+00,2.236067977499789805e+00,2.012461179749810647e+00,5.142956348249516196e+00,4.695742752749557880e+00,2.459674775249768519e+00,1.788854381999831711e+00,0.000000000000000000e+00,1.341640786499873839e+00,1.118033988749894903e+00,1.788854381999831711e+00,2.236067977499789639e-01,0.000000000000000000e+00,1.118033988749894903e+00,1.118033988749894903e+00,2.683281572999747677e+00,3.354101966249684263e+00,2.906888370749726391e+00,2.236067977499789805e+00,2.459674775249768519e+00,1.565247584249852775e+00,2.236067977499789639e-01,-4.472135954999579277e-01,4.472135954999579277e-01,2.236067977499789639e-01,1.341640786499873839e+00,3.354101966249684263e+00,6.708203932499369193e-01,-2.236067977499789639e-01,-1.118033988749894903e+00,-6.708203932499369193e-01,-4.472135954999579277e-01,-8.944271909999158554e-01,-8.944271909999158554e-01,-1.565247584249852775e+00,-1.341640786499873839e+00,-3.801315561749642136e+00,-2.012461179749810647e+00,-1.788854381999831711e+00,-1.341640786499873839e+00,8.944271909999158554e-01,-6.708203932499369193e-01,2.236067977499789639e-01,1.788854381999831711e+00,1.565247584249852775e+00,1.565247584249852775e+00,2.012461179749810647e+00,2.236067977499789805e+00,1.565247584249852775e+00,6.708203932499369193e-01,0.000000000000000000e+00,-2.236067977499789639e-01,-2.236067977499789639e-01,-6.708203932499369193e-01,-1.565247584249852775e+00,-2.012461179749810647e+00,-1.565247584249852775e+00,-1.341640786499873839e+00,-1.118033988749894903e+00,4.472135954999579277e-01,-1.565247584249852775e+00,-8.944271909999158554e-01,-4.472135954999579277e-01,-2.236067977499789639e-01,-2.236067977499789639e-01,6.708203932499369193e-01,4.248529157249600452e+00,2.683281572999747677e+00,2.012461179749810647e+00,2.236067977499789805e+00,2.459674775249768519e+00,3.130495168499705549e+00,3.801315561749642136e+00,3.354101966249684263e+00,3.130495168499705549e+00,1.341640786499873839e+00,8.944271909999158554e-01,1.565247584249852775e+00,1.341640786499873839e+00,2.236067977499789805e+00,2.459674775249768519e+00,1.565247584249852775e+00,1.118033988749894903e+00,1.118033988749894903e+00,2.236067977499789639e-01,-1.341640786499873839e+00,-3.130495168499705549e+00,-3.354101966249684263e+00,-3.354101966249684263e+00,-3.577708763999663422e+00,-3.577708763999663422e+00,-1.341640786499873839e+00,2.236067977499789805e+00,2.236067977499789805e+00,4.248529157249600452e+00,1.788854381999831711e+00,1.118033988749894903e+00,-2.236067977499789639e-01,1.341640786499873839e+00,0.000000000000000000e+00,-2.236067977499789639e-01,-8.944271909999158554e-01,-6.708203932499369193e-01,3.130495168499705549e+00,2.236067977499789805e+00,2.683281572999747677e+00,1.341640786499873839e+00,2.459674775249768519e+00,0.000000000000000000e+00,1.565247584249852775e+00,3.130495168499705549e+00,3.130495168499705549e+00,3.577708763999663422e+00,4.695742752749557880e+00,4.024922359499621294e+00,4.919349550499537038e+00,5.590169943749473624e+00,4.919349550499537038e+00,3.577708763999663422e+00,2.459674775249768519e+00,0.000000000000000000e+00,-8.944271909999158554e-01,-6.708203932499369193e-01,2.236067977499789639e-01,0.000000000000000000e+00,1.788854381999831711e+00,2.683281572999747677e+00,2.459674775249768519e+00,1.118033988749894903e+00,2.236067977499789639e-01,2.236067977499789639e-01,-4.472135954999579277e-01,2.236067977499789639e-01,-1.118033988749894903e+00,-2.012461179749810647e+00,8.944271909999158554e-01,2.683281572999747677e+00,1.565247584249852775e+00,3.130495168499705549e+00,2.459674775249768519e+00,4.695742752749557880e+00,4.472135954999579610e+00,4.248529157249600452e+00,3.130495168499705549e+00,1.118033988749894903e+00,1.565247584249852775e+00,3.577708763999663422e+00,3.801315561749642136e+00,6.037383539249431941e+00,4.024922359499621294e+00,2.236067977499789805e+00,2.683281572999747677e+00,3.577708763999663422e+00,2.683281572999747677e+00,3.130495168499705549e+00,1.118033988749894903e+00,-8.944271909999158554e-01,-2.236067977499789639e-01,-6.708203932499369193e-01,-1.341640786499873839e+00,-2.906888370749726391e+00,-5.366563145999495354e+00,-5.142956348249516196e+00,-4.472135954999579610e+00,-2.683281572999747677e+00,-2.906888370749726391e+00,-2.236067977499789805e+00,-2.236067977499789805e+00,-2.683281572999747677e+00,-2.459674775249768519e+00,-3.801315561749642136e+00,-5.366563145999495354e+00,-7.379024325749306001e+00,-7.155417527999326843e+00,-5.813776741499452783e+00,-3.577708763999663422e+00,-2.906888370749726391e+00,-1.788854381999831711e+00,-1.788854381999831711e+00,-2.906888370749726391e+00,-2.906888370749726391e+00,-3.130495168499705549e+00,-1.341640786499873839e+00,-4.248529157249600452e+00,-2.236067977499789805e+00,-2.459674775249768519e+00,-1.341640786499873839e+00,-2.236067977499789805e+00,-2.012461179749810647e+00,0.000000000000000000e+00,2.236067977499789639e-01,-8.944271909999158554e-01,-2.459674775249768519e+00,-1.788854381999831711e+00,-2.236067977499789639e-01,-2.906888370749726391e+00,-2.236067977499789805e+00,0.000000000000000000e+00,-4.472135954999579277e-01,8.944271909999158554e-01,8.944271909999158554e-01,1.788854381999831711e+00,1.118033988749894903e+00,1.341640786499873839e+00,2.012461179749810647e+00,2.906888370749726391e+00,2.459674775249768519e+00,2.459674775249768519e+00,6.708203932499369193e-01,1.118033988749894903e+00,1.565247584249852775e+00,1.341640786499873839e+00,2.236067977499789805e+00,-8.944271909999158554e-01,-1.341640786499873839e+00,-1.788854381999831711e+00,-2.236067977499789805e+00,-2.906888370749726391e+00,-1.118033988749894903e+00,-1.341640786499873839e+00,-2.012461179749810647e+00,-2.683281572999747677e+00,-1.565247584249852775e+00,-4.472135954999579277e-01,-4.472135954999579277e-01,0.000000000000000000e+00,-6.708203932499369193e-01,-4.472135954999579277e-01,-1.118033988749894903e+00,-1.341640786499873839e+00,-1.565247584249852775e+00,-2.236067977499789805e+00,-2.236067977499789805e+00,-4.024922359499621294e+00,-6.931810730249347685e+00,-6.260990336999411099e+00,-6.037383539249431941e+00
-2.236067977499789639e-01,6.708203932499369193e-01,1.341640786499873839e+00,1.341640786499873839e+00,2.459674775249768519e+00,2.459674775249768519e+00,1.565247584249852775e+00,-8.944271909999158554e-01,-4.472135954999579277e-01,-4.472135954999579277e-01,1.341640786499873839e+00,3.354101966249684263e+00,2.683281572999747677e+00,2.683281572999747677e+00,3.577708763999663422e+00,3.130495168499705549e+00,2.906888370749726391e+00,1.118033988749894903e+00,2.012461179749810647e+00,1.565247584249852775e+00,3.801315561749642136e+00,2.683281572999747677e+00,1.788854381999831711e+00,3.130495168499705549e+00,4.695742752749557880e+00,3.130495168499705549e+00,1.565247584249852775e+00,3.801315561749642136e+00,3.354101966249684263e+00,2.012461179749810647e+00,8.944271909999158554e-01,-1.341640786499873839e+00,-6.708203932499369193e-01,-1.788854381999831711e+00,-4.472135954999579277e-01,-8.944271909999158554e-01,-1.565247584249852775e+00,-1.565247584249852775e+00,-1.118033988749894903e+00,6.708203932499369193e-01,4.472135954999579277e-01,3.130495168499705549e+00,8.944271909999158554e-01,-1.788854381999831711e+00,-1.565247584249852775e+00,-1.788854381999831711e+00,-1.788854381999831711e+00,-8.944271909999158554e-01,-4.472135954999579277e-01,-8.944271909999158554e-01,-4.472135954999579277e-01,-2.012461179749810647e+00,-4.472135954999579277e-01,-2.236067977499789639e-01,1.341640786499873839e+00,1.118033988749894903e+00,4.472135954999579277e-01,2.236067977499789639e-01,6.708203932499369193e-01,2.683281572999747677e+00,2.906888370749726391e+00,4.695742752749557880e+00,4.472135954999579610e+00,2.012461179749810647e+00,4.472135954999579277e-01,-2.236067977499789639e-01,-3.354101966249684263e+00,-3.130495168499705549e+00,-4.695742752749557880e+00,-5.366563145999495354e+00,-5.142956348249516196e+00,-5.813776741499452783e+00,-5.366563145999495354e+00,-5.813776741499452783e+00,-4.024922359499621294e+00,-4.919349550499537038e+00,-4.919349550499537038e+00,-5.142956348249516196e+00,-3.801315561749642136e+00,-2.236067977499789805e+00,-2.683281572999747677e+00,-2.683281572999747677e+00,-4.024922359499621294e+00,-2.683281572999747677e+00,-2.459674775249768519e+00,-8.944271909999158554e-01,8.944271909999158554e-01,0.000000000000000000e+00,1.118033988749894903e+00,2.683281572999747677e+00,1.565247584249852775e+00,2.683281572999747677e+00,3.130495168499705549e+00,4.695742752749557880e+00,4.695742752749557880e+00,4.695742752749557880e+00,3.577708763999663422e+00,1.341640786499873839e+00,2.459674775249768519e+00,1.565247584249852775e+00,1.341640786499873839e+00,2.236067977499789639e-01,0.000000000000000000e+00,-1.118033988749894903e+00,-4.472135954999579277e-01,8.944271909999158554e-01,4.472135954999579277e-01,8.944271909999158554e-01,4.472135954999579610e+00,5.813776741499452783e+00,4.024922359499621294e+00,2.683281572999747677e+00,2.459674775249768519e+00,1.788854381999831711e+00,2.906888370749726391e+00,4.024922359499621294e+00,3.130495168499705549e+00,4.024922359499621294e+00,2.683281572999747677e+00,1.118033988749894903e+00,8.944271909999158554e-01,4.472135954999579277e-01,-2.236067977499789639e-01,6.708203932499369193e-01,-8.944271909999158554e-01,-2.236067977499789639e-01,-2.236067977499789805e+00,-2.236067977499789639e-01,1.565247584249852775e+00,6.708203932499369193e-01,1.118033988749894903e+00,1.788854381999831711e+00,2.012461179749810647e+00,-1.118033988749894903e+00,-1.118033988749894903e+00,-4.472135954999579277e-01,-1.118033988749894903e+00,-8.944271909999158554e-01,0.000000000000000000e+00,4.472135954999579277e-01,1.565247584249852775e+00,1.565247584249852775e+00,1.788854381999831711e+00,2.906888370749726391e+00,3.801315561749642136e+00,3.354101966249684263e+00,2.906888370749726391e+00,4.024922359499621294e+00,5.366563145999495354e+00,4.919349550499537038e+00,4.695742752749557880e+00,6.260990336999411099e+00,6.037383539249431941e+00,6.931810730249347685e+00,5.142956348249516196e+00,3.354101966249684263e+00,4.919349550499537038e+00,4.695742752749557880e+00,2.459674775249768519e+00,1.341640786499873839e+00,0.000000000000000000e+00,-4.472135954999579277e-01,-2.012461179749810647e+00,-1.788854381999831711e+00,-3.801315561749642136e+00,-4.919349550499537038e+00,-5.590169943749473624e+00,-5.142956348249516196e+00,-3.801315561749642136e+00,-3.130495168499705549e+00,-3.577708763999663422e+00,-3.801315561749642136e+00,-2.683281572999747677e+00,-3.801315561749642136e+00,-2.683281572999747677e+00,-1.788854381999831711e+00,-2.683281572999747677e+00,-3.577708763999663422e+00,-2.236067977499789805e+00,-1.788854381999831711e+00,-1.788854381999831711e+00,-2.012461179749810647e+00,-2.459674775249768519e+00,-3.130495168499705549e+00,-2.906888370749726391e+00,-2.236067977499789639e-01,-6.708203932499369193e-01,-4.472135954999579277e-01,4.472135954999579277e-01,1.341640786499873839e+00,2.012461179749810647e+00,1.341640786499873839e+00,2.683281572999747677e+00,8.944271909999158554e-01,2.906888370749726391e+00,4.024922359499621294e+00,1.341640786499873839e+00,-4.472135954999579277e-01,2.683281572999747677e+00,2.683281572999747677e+00,2.236067977499789805e+00,2.683281572999747677e+00,3.354101966249684263e+00,2.236067977499789805e+00,1.565247584249852775e+00,2.459674775249768519e+00,3.130495168499705549e+00,2.683281572999747677e+00,3.801315561749642136e+00,2.459674775249768519e+00,4.472135954999579277e-01,2.236067977499789805e+00,1.565247584249852775e+00,1.565247584249852775e+00,8.944271909999158554e-01,6.708203932499369193e-01,2.236067977499789639e-01,1.118033988749894903e+00,2.236067977499789639e-01,4.472135954999579277e-01,4.472135954999579277e-01,4.472135954999579277e-01,-2.236067977499789639e-01,-1.341640786499873839e+00,-1.118033988749894903e+00,-8.944271909999158554e-01,-1.341640786499873839e+00,-1.341640786499873839e+00,-3.577708763999663422e+00,-3.354101966249684263e+00,-3.354101966249684263e+00,-5.142956348249516196e+00,-6.260990336999411099e+00,-6.037383539249431941e+00,-6.037383539249431941e+00,-5.813776741499452783e+00,-6.484597134749389369e+00,-5.813776741499452783e+00,-4.919349550499537038e+00,-4.472135954999579610e+00,-5.366563145999495354e+00,-3.801315561749642136e+00,-3.354101966249684263e+00,-4.024922359499621294e+00,-3.801315561749642136e+00,-3.577708763999663422e+00,-2.236067977499789805e+00,-2.012461179749810647e+00,4.472135954999579277e-01,6.708203932499369193e-01,4.472135954999579277e-01,-6.708203932499369193e-01,-2.236067977499789639e-01,2.236067977499789805e+00,2.683281572999747677e+00,2.906888370749726391e+00,3.577708763999663422e+00,2.012461179749810647e+00,2.012461179749810647e+00,2.683281572999747677e+00,2.683281572999747677e+00,1.788854381999831711e+00,2.236067977499789639e-01,-4.472135954999579277e-01,-6.708203932499369193e-01,6.708203932499369193e-01,2.683281572999747677e+00,3.577708763999663422e+00,3.577708763999663422e+00,3.577708763999663422e+00,6.708203932499368527e+00,3.801315561749642136e+00,4.472135954999579610e+00,2.906888370749726391e+00,3.130495168499705549e+00,2.236067977499789805e+00,2.683281572999747677e+00,-1.341640786499873839e+00,4.472135954999579277e-01,0.000000000000000000e+00,1.118033988749894903e+00,-4.472135954999579277e-01,1.118033988749894903e+00,4.248529157249600452e+00,5.142956348249516196e+00,3.801315561749642136e+00,3.354101966249684263e+00,3.354101966249684263e+00,3.130495168499705549e+00,2.906888370749726391e+00,1.341640786499873839e+00,-2.236067977499789639e-01,4.472135954999579277e-01,-6.708203932499369193e-01,-1.788854381999831711e+00,-2.012461179749810647e+00,0.000000000000000000e+00,8.944271909999158554e-01,-2.236067977499789639e-01,6.708203932499369193e-01,2.012461179749810647e+00,2.012461179749810647e+00,2.012461179749810647e+00,8.944271909999158554e-01,-4.472135954999579277e-01,8.944271909999158554e-01,6.708203932499369193e-01,2.236067977499789639e-01,1.788854381999831711e+00,1.341640786499873839e+00,-2.236067977499789639e-01,0.000000000000000000e+00,-6.708203932499369193e-01,-6.708203932499369193e-01,-1.788854381999831711e+00,-6.708203932499369193e-01,-4.472135954999579277e-01,-1.341640786499873839e+00,-6.708203932499369193e-01,4.472135954999579277e-01,4.472135954999579277e-01,2.012461179749810647e+00,2.459674775249768519e+00,1.565247584249852775e+00,2.683281572999747677e+00,-2.236067977499789639e-01,2.236067977499789639e-01,2.236067977499789805e+00,1.565247584249852775e+00,2.012461179749810647e+00,2.236067977499789805e+00,2.236067977499789805e+00,1.341640786499873839e+00,1.341640786499873839e+00,2.012461179749810647e+00,2.683281572999747677e+00,3.354101966249684263e+00,2.906888370749726391e+00,3.577708763999663422e+00,2.683281572999747677e+00,1.565247584249852775e+00,3.354101966249684263e+00,3.130495168499705549e+00,1.118033988749894903e+00,2.683281572999747677e+00,3.801315561749642136e+00,3.577708763999663422e+00,4.024922359499621294e+00,2.906888370749726391e+00,2.459674775249768519e+00,2.236067977499789639e-01,1.118033988749894903e+00,-1.341640786499873839e+00,-2.012461179749810647e+00,-1.341640786499873839e+00,8.944271909999158554e-01,0.000000000000000000e+00,-2.906888370749726391e+00,-1.341640786499873839e+00,-3.354101966249684263e+00,-3.577708763999663422e+00,-6.260990336999411099e+00,-5.142956348249516196e+00,-4.695742752749557880e+00,-3.801315561749642136e+00,-3.354101966249684263e+00,-4.472135954999579610e+00,-3.801315561749642136e+00,-3.577708763999663422e+00,-3.130495168499705549e+00,-2.236067977499789805e+00,-4.472135954999579610e+00,-4.472135954999579610e+00,-2.683281572999747677e+00,-3.354101966249684263e+00,-4.024922359499621294e+00,-3.801315561749642136e+00,-3.801315561749642136e+00,-4.248529157249600452e+00,-2.683281572999747677e+00,-6.708203932499369193e-01,-1.788854381999831711e+00,-2.459674775249768519e+00,-2.459674775249768519e+00,-3.801315561749642136e+00,-3.354101966249684263e+00,-3.130495168499705549e+00,-4.695742752749557880e+00,-5.590169943749473624e+00,-3.354101966249684263e+00,-2.459674775249768519e+00,-1.341640786499873839e+00,-1.118033988749894903e+00,-1.565247584249852775e+00,-1.788854381999831711e+00,-2.236067977499789639e-01,-1.118033988749894903e+00,-6.708203932499369193e-01,-2.236067977499789639e-01,-2.236067977499789639e-01,0.000000000000000000e+00,-8.944271909999158554e-01,-1.341640786499873839e+00,-8.944271909999158554e-01,-1.565247584249852775e+00,-1.341640786499873839e+00,-3.130495168499705549e+00,-6.708203932499369193e-01,4.472135954999579277e-01,-1.788854381999831711e+00,-8.944271909999158554e-01,-4.472135954999579277e-01,2.236067977499789639e-01,8.944271909999158554e-01,1.788854381999831711e+00,2.683281572999747677e+00,2.012461179749810647e+00,1.788854381999831711e+00,0.000000000000000000e+00,1.118033988749894903e+00,2.012461179749810647e+00,8.944271909999158554e-01,-4.472135954999579277e-01,-1.788854381999831711e+00,-2.012461179749810647e+00,-2.012461179749810647e+00,-8.944271909999158554e-01,6.708203932499369193e-01,1.118033988749894903e+00,-1.118033988749894903e+00,-8.944271909999158554e-01,-2.459674775249768519e+00,-2.459674775249768519e+00,-4.248529157249600452e+00,-3.577708763999663422e+00,-1.788854381999831711e+00,-2.459674775249768519e+00,-2.906888370749726391e+00,-3.577708763999663422e+00,-5.366563145999495354e+00,-3.354101966249684263e+00,-3.130495168499705549e+00,-3.577708763999663422e+00,-2.236067977499789805e+00,-8.944271909999158554e-01,-4.472135954999579277e-01,0.000000000000000000e+00,-6.708203932499369193e-01,6.708203932499369193e-01,-6.708203932499369193e-01,-1.565247584249852775e+00,-6.708203932499369193e-01,-8.944271909999158554e-01,-8.944271909999158554e-01,1.565247584249852775e+00,8.944271909999158554e-01,1.565247584249852775e+00,6.708203932499369193e-01,-1.788854381999831711e+00,4.472135954999579277e-01,1.565247584249852775e+00,1.565247584249852775e+00,1.341640786499873839e+00,6.708203932499369193e-01,-6.708203932499369193e-01,-2.683281572999747677e+00,-2.236067977499789805e+00,-8.944271909999158554e-01,4.472135954999579277e-01,1.788854381999831711e+00,1.565247584249852775e+00,3.801315561749642136e+00,5.813776741499452783e+00,5.813776741499452783e+00,6.037383539249431941e+00,4.919349550499537038e+00,5.142956348249516196e+00,5.813776741499452783e+00,7.155417527999326843e+00,6.708203932499368527e+00,6.931810730249347685e+00,5.142956348249516196e+00,3.354101966249684263e+00,3.130495168499705549e+00,8.944271909999158554e-01,-8.944271909999158554e-01,2.236067977499789639e-01,-8.944271909999158554e-01,-3.801315561749642136e+00,-5.142956348249516196e+00,-3.354101966249684263e+00,-1.565247584249852775e+00,0.000000000000000000e+00,-6.708203932499369193e-01,-1.565247584249852775e+00,-8.944271909999158554e-01,2.236067977499789805e+00,1.788854381999831711e+00,1.341640786499873839e+00,6.708203932499369193e-01
-1.341640786499873839e+00,0.000000000000000000e+00,1.341640786499873839e+00,2.012461179749810647e+00,2.683281572999747677e+00,4.472135954999579610e+00,3.577708763999663422e+00,2.012461179749810647e+00,2.906888370749726391e+00,2.683281572999747677e+00,1.565247584249852775e+00,2.683281572999747677e+00,4.024922359499621294e+00,4.695742752749557880e+00,3.801315561749642136e+00,2.683281572999747677e+00,2.236067977499789805e+00,1.341640786499873839e+00,2.012461179749810647e+00,4.248529157249600452e+00,3.801315561749642136e+00,5.590169943749473624e+00,7.379024325749306001e+00,6.260990336999411099e+00,7.379024325749306001e+00,6.484597134749389369e+00,5.142956348249516196e+00,5.142956348249516196e+00,5.590169943749473624e+00,8.049844718999242588e+00,7.379024325749306001e+00,6.260990336999411099e+00,5.813776741499452783e+00,6.037383539249431941e+00,5.590169943749473624e+00,4.919349550499537038e+00,6.260990336999411099e+00,4.695742752749557880e+00,3.577708763999663422e+00,4.024922359499621294e+00,4.919349550499537038e+00,5.590169943749473624e+00,4.472135954999579610e+00,1.118033988749894903e+00,2.012461179749810647e+00,3.354101966249684263e+00,4.472135954999579277e-01,-2.236067977499789639e-01,4.472135954999579277e-01,4.472135954999579277e-01,2.459674775249768519e+00,3.577708763999663422e+00,2.012461179749810647e+00,1.341640786499873839e+00,1.341640786499873839e+00,1.788854381999831711e+00,1.118033988749894903e+00,2.236067977499789639e-01,-1.341640786499873839e+00,-1.788854381999831711e+00,0.000000000000000000e+00,1.118033988749894903e+00,4.472135954999579610e+00,5.142956348249516196e+00,6.708203932499368527e+00,4.024922359499621294e+00,4.248529157249600452e+00,4.919349550499537038e+00,2.906888370749726391e+00,1.788854381999831711e+00,0.000000000000000000e+00,-1.788854381999831711e+00,-2.236067977499789805e+00,-1.565247584249852775e+00,-2.012461179749810647e+00,-1.118033988749894903e+00,-2.236067977499789639e-01,-6.708203932499369193e-01,1.341640786499873839e+00,3.577708763999663422e+00,2.906888370749726391e+00,2.683281572999747677e+00,2.906888370749726391e+00,4.695742752749557880e+00,5.142956348249516196e+00,2.683281572999747677e+00,8.944271909999158554e-01,2.906888370749726391e+00,4.472135954999579610e+00,4.472135954999579610e+00,3.130495168499705549e+00,4.695742752749557880e+00,4.248529157249600452e+00,1.341640786499873839e+00,1.788854381999831711e+00,1.788854381999831711e+00,2.012461179749810647e+00,1.788854381999831711e+00,2.683281572999747677e+00,4.024922359499621294e+00,4.024922359499621294e+00,3.354101966249684263e+00,3.577708763999663422e+00,3.577708763999663422e+00,3.577708763999663422e+00,2.683281572999747677e+00,6.708203932499369193e-01,6.708203932499369193e-01,2.236067977499789639e-01,6.708203932499369193e-01,4.472135954999579277e-01,-1.118033988749894903e+00,-1.565247584249852775e+00,-2.459674775249768519e+00,-2.459674775249768519e+00,-3.354101966249684263e+00,-5.142956348249516196e+00,-6.708203932499368527e+00,-6.484597134749389369e+00,-6.931810730249347685e+00,-5.813776741499452783e+00,-4.472135954999579610e+00,-3.577708763999663422e+00,-3.130495168499705549e+00,-2.236067977499789805e+00,-2.906888370749726391e+00,-2.236067977499789805e+00,-2.236067977499789805e+00,-2.236067977499789805e+00,-4.024922359499621294e+00,-3.801315561749642136e+00,-4.919349550499537038e+00,-4.695742752749557880e+00,-2.906888370749726391e+00,-2.683281572999747677e+00,-4.472135954999579610e+00,-4.248529157249600452e+00,-3.354101966249684263e+00,-2.236067977499789805e+00,-1.118033988749894903e+00,-1.341640786499873839e+00,-1.118033988749894903e+00,-3.801315561749642136e+00,-2.236067977499789805e+00,-1.788854381999831711e+00,-4.472135954999579277e-01,-1.565247584249852775e+00,1.341640786499873839e+00,6.708203932499369193e-01,1.788854381999831711e+00,2.012461179749810647e+00,1.788854381999831711e+00,1.341640786499873839e+00,2.459674775249768519e+00,0.000000000000000000e+00,-1.118033988749894903e+00,-1.118033988749894903e+00,0.000000000000000000e+00,-1.565247584249852775e+00,-4.472135954999579277e-01,1.788854381999831711e+00,2.236067977499789805e+00,4.695742752749557880e+00,4.024922359499621294e+00,3.577708763999663422e+00,2.906888370749726391e+00,2.012461179749810647e+00,2.906888370749726391e+00,4.248529157249600452e+00,3.354101966249684263e+00,2.906888370749726391e+00,-8.944271909999158554e-01,-8.944271909999158554e-01,0.000000000000000000e+00,1.788854381999831711e+00,2.459674775249768519e+00,4.695742752749557880e+00,4.024922359499621294e+00,4.024922359499621294e+00,3.354101966249684263e+00,4.248529157249600452e+00,4.472135954999579610e+00,5.142956348249516196e+00,5.366563145999495354e+00,4.248529157249600452e+00,3.130495168499705549e+00,4.472135954999579610e+00,4.024922359499621294e+00,3.354101966249684263e+00,2.683281572999747677e+00,1.341640786499873839e+00,2.012461179749810647e+00,1.788854381999831711e+00,2.906888370749726391e+00,3.577708763999663422e+00,2.683281572999747677e+00,3.130495168499705549e+00,1.788854381999831711e+00,2.012461179749810647e+00,2.906888370749726391e+00,4.472135954999579277e-01,1.118033988749894903e+00,-1.118033988749894903e+00,-2.012461179749810647e+00,-3.801315561749642136e+00,-3.354101966249684263e+00,-2.236067977499789805e+00,-8.944271909999158554e-01,-4.472135954999579277e-01,0.000000000000000000e+00,0.000000000000000000e+00,-6.708203932499369193e-01,1.118033988749894903e+00,-6.708203932499369193e-01,-2.012461179749810647e+00,-6.708203932499369193e-01,1.118033988749894903e+00,2.906888370749726391e+00,3.354101966249684263e+00,4.919349550499537038e+00,4.472135954999579610e+00,1.788854381999831711e+00,3.354101966249684263e+00,3.354101966249684263e+00,1.788854381999831711e+00,2.683281572999747677e+00,2.236067977499789805e+00,8.944271909999158554e-01,1.118033988749894903e+00,1.341640786499873839e+00,2.236067977499789805e+00,1.341640786499873839e+00,1.118033988749894903e+00,4.472135954999579277e-01,1.565247584249852775e+00,0.000000000000000000e+00,0.000000000000000000e+00,-2.459674775249768519e+00,-2.236067977499789639e-01,-2.236067977499789639e-01,1.118033988749894903e+00,8.944271909999158554e-01,2.236067977499789639e-01,2.236067977499789639e-01,1.341640786499873839e+00,3.354101966249684263e+00,1.565247584249852775e+00,3.130495168499705549e+00,2.459674775249768519e+00,2.459674775249768519e+00,2.012461179749810647e+00,-6.708203932499369193e-01,-2.236067977499789805e+00,-3.130495168499705549e+00,-4.248529157249600452e+00,-5.142956348249516196e+00,-6.484597134749389369e+00,-6.484597134749389369e+00,-6.484597134749389369e+00,-6.260990336999411099e+00,-6.708203932499368527e+00,-6.484597134749389369e+00,-6.260990336999411099e+00,-4.919349550499537038e+00,-4.919349550499537038e+00,-5.142956348249516196e+00,-3.130495168499705549e+00,-2.906888370749726391e+00,-1.788854381999831711e+00,-1.341640786499873839e+00,-2.012461179749810647e+00,-4.472135954999579277e-01,2.683281572999747677e+00,2.459674775249768519e+00,2.906888370749726391e+00,2.012461179749810647e+00,2.012461179749810647e+00,1.565247584249852775e+00,1.341640786499873839e+00,1.565247584249852775e+00,1.341640786499873839e+00,2.236067977499789805e+00,2.012461179749810647e+00,-6.708203932499369193e-01,-2.459674775249768519e+00,-2.236067977499789805e+00,-3.354101966249684263e+00,-2.012461179749810647e+00,-1.565247584249852775e+00,-4.472135954999579277e-01,1.341640786499873839e+00,1.118033988749894903e+00,2.459674775249768519e+00,3.130495168499705549e+00,1.565247584249852775e+00,4.472135954999579277e-01,2.012461179749810647e+00,1.118033988749894903e+00,2.236067977499789639e-01,1.565247584249852775e+00,-2.236067977499789639e-01,1.788854381999831711e+00,2.683281572999747677e+00,2.012461179749810647e+00,2.012461179749810647e+00,2.236067977499789639e-01,-4.472135954999579277e-01,-1.565247584249852775e+00,-2.683281572999747677e+00,-2.459674775249768519e+00,-2.012461179749810647e+00,-2.906888370749726391e+00,-1.118033988749894903e+00,-1.788854381999831711e+00,-2.683281572999747677e+00,-8.944271909999158554e-01,1.118033988749894903e+00,1.118033988749894903e+00,-6.708203932499369193e-01,2.236067977499789639e-01,1.565247584249852775e+00,-2.236067977499789639e-01,2.236067977499789639e-01,-4.472135954999579277e-01,1.565247584249852775e+00,0.000000000000000000e+00,6.708203932499369193e-01,1.341640786499873839e+00,1.788854381999831711e+00,1.788854381999831711e+00,2.236067977499789639e-01,-1.118033988749894903e+00,-1.788854381999831711e+00,-2.683281572999747677e+00,-3.577708763999663422e+00,-4.472135954999579610e+00,-4.472135954999579610e+00,-4.024922359499621294e+00,-2.683281572999747677e+00,-4.695742752749557880e+00,-3.801315561749642136e+00,-3.801315561749642136e+00,-4.695742752749557880e+00,-2.683281572999747677e+00,-3.577708763999663422e+00,-2.459674775249768519e+00,-2.459674775249768519e+00,-3.130495168499705549e+00,-2.236067977499789639e-01,-1.341640786499873839e+00,-8.944271909999158554e-01,2.236067977499789639e-01,-6.708203932499369193e-01,-1.341640786499873839e+00,-6.708203932499369193e-01,-4.472135954999579277e-01,1.565247584249852775e+00,1.788854381999831711e+00,4.024922359499621294e+00,3.354101966249684263e+00,3.130495168499705549e+00,4.472135954999579610e+00,5.813776741499452783e+00,5.813776741499452783e+00,6.708203932499368527e+00,5.813776741499452783e+00,5.813776741499452783e+00,6.931810730249347685e+00,4.024922359499621294e+00,2.236067977499789805e+00,1.565247584249852775e+00,1.118033988749894903e+00,1.341640786499873839e+00,1.565247584249852775e+00,3.577708763999663422e+00,2.236067977499789805e+00,4.472135954999579277e-01,1.565247584249852775e+00,2.236067977499789639e-01,2.236067977499789639e-01,-6.708203932499369193e-01,-8.944271909999158554e-01,0.000000000000000000e+00,8.944271909999158554e-01,2.906888370749726391e+00,-6.708203932499369193e-01,-1.565247584249852775e+00,-8.944271909999158554e-01,-6.708203932499369193e-01,2.236067977499789639e-01,1.565247584249852775e+00,2.012461179749810647e+00,1.565247584249852775e+00,4.472135954999579277e-01,6.708203932499369193e-01,-6.708203932499369193e-01,1.341640786499873839e+00,1.565247584249852775e+00,4.472135954999579277e-01,1.341640786499873839e+00,8.944271909999158554e-01,4.472135954999579277e-01,-4.472135954999579277e-01,6.708203932499369193e-01,2.236067977499789639e-01,0.000000000000000000e+00,2.236067977499789639e-01,-2.236067977499789639e-01,-8.944271909999158554e-01,-2.012461179749810647e+00,-6.708203932499369193e-01,-6.708203932499369193e-01,6.708203932499369193e-01,0.000000000000000000e+00,2.236067977499789639e-01,6.708203932499369193e-01,-1.341640786499873839e+00,-1.788854381999831711e+00,-8.944271909999158554e-01,-6.708203932499369193e-01,-1.341640786499873839e+00,-4.472135954999579277e-01,-2.236067977499789805e+00,-2.906888370749726391e+00,-2.906888370749726391e+00,-3.130495168499705549e+00,-4.024922359499621294e+00,-2.236067977499789805e+00,-8.944271909999158554e-01,-1.118033988749894903e+00,-2.236067977499789805e+00,-2.683281572999747677e+00,-2.236067977499789639e-01,-6.708203932499369193e-01,-2.236067977499789805e+00,-8.944271909999158554e-01,-1.341640786499873839e+00,-1.565247584249852775e+00,-2.012461179749810647e+00,-1.565247584249852775e+00,-2.906888370749726391e+00,-3.801315561749642136e+00,-5.813776741499452783e+00,-5.590169943749473624e+00,-4.024922359499621294e+00,-2.012461179749810647e+00,-4.919349550499537038e+00,-7.155417527999326843e+00,-7.155417527999326843e+00,-5.813776741499452783e+00,-5.813776741499452783e+00,-5.366563145999495354e+00,-4.248529157249600452e+00,-5.813776741499452783e+00,-3.577708763999663422e+00,-5.142956348249516196e+00,-4.919349550499537038e+00,-4.695742752749557880e+00,-3.354101966249684263e+00,-3.801315561749642136e+00,-5.813776741499452783e+00,-7.155417527999326843e+00,-6.931810730249347685e+00,-6.260990336999411099e+00,-4.695742752749557880e+00,-6.931810730249347685e+00,-7.602631123499284271e+00,-5.366563145999495354e+00,-6.484597134749389369e+00,-7.602631123499284271e+00,-9.391485505499115760e+00,-8.049844718999242588e+00,-3.801315561749642136e+00,-4.472135954999579610e+00,-2.683281572999747677e+00,-2.012461179749810647e+00,-2.683281572999747677e+00,-2.683281572999747677e+00,-1.118033988749894903e+00,-1.565247584249852775e+00,-1.788854381999831711e+00,-1.565247584249852775e+00,-8.944271909999158554e-01,-2.906888370749726391e+00,-2.236067977499789805e+00,-2.236067977499789805e+00,-2.459674775249768519e+00,-2.236067977499789805e+00,-2.683281572999747677e+00,-1.788854381999831711e+00,2.236067977499789639e-01,-8.944271909999158554e-01,8.944271909999158554e-01,2.459674775249768519e+00,3.130495168499705549e+00,1.565247584249852775e+00,1.118033988749894903e+00,2.012461179749810647e+00,2.236067977499789639e-01,1.341640786499873839e+00
5.142956348249516196e+00,7.379024325749306001e+00,6.260990336999411099e+00,6.708203932499368527e+00,7.155417527999326843e+00,5.366563145999495354e+00,6.260990336999411099e+00,4.472135954999579610e+00,4.248529157249600452e+00,1.788854381999831711e+00,0.000000000000000000e+00,6.708203932499369193e-01,2.012461179749810647e+00,6.708203932499369193e-01,-1.118033988749894903e+00,-1.788854381999831711e+00,-2.683281572999747677e+00,-2.906888370749726391e+00,-2.459674775249768519e+00,-3.577708763999663422e+00,-4.024922359499621294e+00,-2.012461179749810647e+00,-4.024922359499621294e+00,-1.565247584249852775e+00,-2.236067977499789805e+00,0.000000000000000000e+00,-2.236067977499789639e-01,6.708203932499369193e-01,2.906888370749726391e+00,2.683281572999747677e+00,2.459674775249768519e+00,1.118033988749894903e+00,6.708203932499369193e-01,1.788854381999831711e+00,1.118033988749894903e+00,-1.341640786499873839e+00,-4.472135954999579277e-01,-1.341640786499873839e+00,8.944271909999158554e-01,2.683281572999747677e+00,1.788854381999831711e+00,2.906888370749726391e+00,2.012461179749810647e+00,2.906888370749726391e+00,2.906888370749726391e+00,4.248529157249600452e+00,3.354101966249684263e+00,4.695742752749557880e+00,3.801315561749642136e+00,2.459674775249768519e+00,3.801315561749642136e+00,3.130495168499705549e+00,2.236067977499789805e+00,4.472135954999579277e-01,4.472135954999579277e-01,8.944271909999158554e-01,1.118033988749894903e+00,1.788854381999831711e+00,1.788854381999831711e+00,3.354101966249684263e+00,3.801315561749642136e+00,2.906888370749726391e+00,1.788854381999831711e+00,2.683281572999747677e+00,2.012461179749810647e+00,8.944271909999158554e-01,1.118033988749894903e+00,1.341640786499873839e+00,1.341640786499873839e+00,1.341640786499873839e+00,2.236067977499789805e+00,2.683281572999747677e+00,3.801315561749642136e+00,1.565247584249852775e+00,1.118033988749894903e+00,1.788854381999831711e+00,4.472135954999579277e-01,-6.708203932499369193e-01,0.000000000000000000e+00,0.000000000000000000e+00,-1.565247584249852775e+00,-1.341640786499873839e+00,6.708203932499369193e-01,1.118033988749894903e+00,6.708203932499369193e-01,-2.236067977499789639e-01,-6.708203932499369193e-01,-6.708203932499369193e-01,4.472135954999579277e-01,1.341640786499873839e+00,1.565247584249852775e+00,-8.944271909999158554e-01,-2.236067977499789639e-01,6.708203932499369193e-01,4.472135954999579277e-01,1.341640786499873839e+00,8.944271909999158554e-01,1.118033988749894903e+00,0.000000000000000000e+00,2.459674775249768519e+00,3.577708763999663422e+00,2.683281572999747677e+00,8.944271909999158554e-01,-8.944271909999158554e-01,-4.472135954999579277e-01,-1.341640786499873839e+00,6.708203932499369193e-01,8.944271909999158554e-01,8.944271909999158554e-01,2.236067977499789805e+00,2.012461179749810647e+00,4.248529157249600452e+00,3.801315561749642136e+00,2.012461179749810647e+00,2.459674775249768519e+00,3.577708763999663422e+00,2.459674775249768519e+00,1.118033988749894903e+00,2.906888370749726391e+00,3.130495168499705549e+00,3.130495168499705549e+00,2.012461179749810647e+00,2.906888370749726391e+00,2.459674775249768519e+00,1.341640786499873839e+00,0.000000000000000000e+00,-1.118033988749894903e+00,-8.944271909999158554e-01,0.000000000000000000e+00,-8.944271909999158554e-01,8.944271909999158554e-01,4.472135954999579277e-01,8.944271909999158554e-01,1.565247584249852775e+00,-2.236067977499789639e-01,2.236067977499789639e-01,-2.236067977499789639e-01,-1.341640786499873839e+00,-3.577708763999663422e+00,-4.695742752749557880e+00,-4.248529157249600452e+00,-5.142956348249516196e+00,-5.366563145999495354e+00,-4.472135954999579610e+00,-3.577708763999663422e+00,-3.130495168499705549e+00,-1.565247584249852775e+00,-1.118033988749894903e+00,-3.130495168499705549e+00,-4.919349550499537038e+00,-5.142956348249516196e+00,-4.919349550499537038e+00,-4.472135954999579610e+00,-2.683281572999747677e+00,-6.708203932499369193e-01,-2.236067977499789639e-01,-2.236067977499789639e-01,-2.012461179749810647e+00,2.236067977499789639e-01,4.472135954999579277e-01,2.236067977499789639e-01,2.236067977499789639e-01,8.944271909999158554e-01,1.118033988749894903e+00,1.341640786499873839e+00,6.708203932499369193e-01,2.236067977499789805e+00,3.801315561749642136e+00,3.577708763999663422e+00,2.012461179749810647e+00,1.118033988749894903e+00,2.683281572999747677e+00,3.354101966249684263e+00,3.577708763999663422e+00,2.683281572999747677e+00,1.565247584249852775e+00,2.683281572999747677e+00,1.788854381999831711e+00,1.565247584249852775e+00,6.708203932499369193e-01,6.708203932499369193e-01,4.472135954999579277e-01,-4.472135954999579277e-01,6.708203932499369193e-01,-4.472135954999579277e-01,-2.683281572999747677e+00,-3.577708763999663422e+00,-3.801315561749642136e+00,-3.130495168499705549e+00,-5.142956348249516196e+00,-5.366563145999495354e+00,-3.577708763999663422e+00,-3.577708763999663422e+00,-2.906888370749726391e+00,-5.142956348249516196e+00,-4.248529157249600452e+00,-4.248529157249600452e+00,-3.801315561749642136e+00,-4.919349550499537038e+00,-5.590169943749473624e+00,-5.142956348249516196e+00,-4.024922359499621294e+00,-2.459674775249768519e+00,-1.118033988749894903e+00,-1.341640786499873839e+00,-6.708203932499369193e-01,-1.118033988749894903e+00,-2.459674775249768519e+00,-2.683281572999747677e+00,-2.683281572999747677e+00,-1.565247584249852775e+00,-2.459674775249768519e+00,-1.341640786499873839e+00,-6.708203932499369193e-01,-1.565247584249852775e+00,-1.341640786499873839e+00,-2.459674775249768519e+00,-2.459674775249768519e+00,-3.577708763999663422e+00,-3.130495168499705549e+00,-3.577708763999663422e+00,-1.565247584249852775e+00,-2.236067977499789639e-01,-2.459674775249768519e+00,-6.708203932499369193e-01,-4.472135954999579277e-01,-1.788854381999831711e+00,-1.788854381999831711e+00,-1.118033988749894903e+00,-2.236067977499789639e-01,-4.472135954999579277e-01,1.788854381999831711e+00,6.708203932499369193e-01,1.341640786499873839e+00,1.788854381999831711e+00,4.472135954999579277e-01,-1.788854381999831711e+00,-2.683281572999747677e+00,-4.024922359499621294e+00,-4.695742752749557880e+00,-4.024922359499621294e+00,-4.248529157249600452e+00,-4.472135954999579610e+00,-5.366563145999495354e+00,-5.366563145999495354e+00,-5.142956348249516196e+00,-6.037383539249431941e+00,-4.695742752749557880e+00,-4.472135954999579610e+00,-2.683281572999747677e+00,-3.577708763999663422e+00,-3.801315561749642136e+00,-6.260990336999411099e+00,-8.049844718999242588e+00,-6.037383539249431941e+00,-6.931810730249347685e+00,-6.260990336999411099e+00,-5.366563145999495354e+00,-4.472135954999579610e+00,-4.248529157249600452e+00,-4.472135954999579610e+00,-3.577708763999663422e+00,-3.354101966249684263e+00,-2.906888370749726391e+00,-2.906888370749726391e+00,-2.459674775249768519e+00,-2.236067977499789639e-01,-6.708203932499369193e-01,-1.118033988749894903e+00,-8.944271909999158554e-01,-1.788854381999831711e+00,-1.788854381999831711e+00,2.236067977499789639e-01,6.708203932499369193e-01,-4.472135954999579277e-01,-1.341640786499873839e+00,6.708203932499369193e-01,-6.708203932499369193e-01,-1.788854381999831711e+00,-1.565247584249852775e+00,-1.341640786499873839e+00,-6.708203932499369193e-01,1.341640786499873839e+00,6.708203932499369193e-01,1.118033988749894903e+00,6.708203932499369193e-01,6.708203932499369193e-01,4.472135954999579277e-01,2.012461179749810647e+00,4.248529157249600452e+00,5.590169943749473624e+00,6.260990336999411099e+00,5.142956348249516196e+00,3.130495168499705549e+00,1.565247584249852775e+00,2.459674775249768519e+00,4.472135954999579610e+00,2.906888370749726391e+00,3.577708763999663422e+00,4.695742752749557880e+00,3.801315561749642136e+00,1.118033988749894903e+00,0.000000000000000000e+00,-1.565247584249852775e+00,-2.236067977499789805e+00,-3.130495168499705549e+00,-4.248529157249600452e+00,-4.919349550499537038e+00,-2.683281572999747677e+00,-2.683281572999747677e+00,-2.012461179749810647e+00,-2.683281572999747677e+00,-3.354101966249684263e+00,-1.118033988749894903e+00,-6.708203932499369193e-01,-8.944271909999158554e-01,-2.236067977499789805e+00,-3.354101966249684263e+00,-2.459674775249768519e+00,-2.459674775249768519e+00,-8.944271909999158554e-01,-2.236067977499789805e+00,-3.577708763999663422e+00,-3.801315561749642136e+00,-3.577708763999663422e+00,-3.801315561749642136e+00,-3.130495168499705549e+00,-2.906888370749726391e+00,-2.906888370749726391e+00,-1.118033988749894903e+00,0.000000000000000000e+00,1.565247584249852775e+00,6.708203932499369193e-01,0.000000000000000000e+00,-1.118033988749894903e+00,-2.683281572999747677e+00,-6.708203932499369193e-01,-8.944271909999158554e-01,-8.944271909999158554e-01,-8.944271909999158554e-01,-1.788854381999831711e+00,-1.788854381999831711e+00,-1.565247584249852775e+00,-2.236067977499789639e-01,1.118033988749894903e+00,8.944271909999158554e-01,2.236067977499789805e+00,8.944271909999158554e-01,6.708203932499369193e-01,2.683281572999747677e+00,3.354101966249684263e+00,3.130495168499705549e+00,3.577708763999663422e+00,5.366563145999495354e+00,7.379024325749306001e+00,7.826237921249263430e+00,8.944271909999159220e+00,9.838699100999074076e+00,1.006230589874905235e+01,1.140394668524892730e+01,1.006230589874905235e+01,8.497058314499200904e+00,9.838699100999074076e+00,1.073312629199899071e+01,7.826237921249263430e+00,6.260990336999411099e+00,4.695742752749557880e+00,3.130495168499705549e+00,2.012461179749810647e+00,1.788854381999831711e+00,2.459674775249768519e+00,2.012461179749810647e+00,1.788854381999831711e+00,2.236067977499789805e+00,2.906888370749726391e+00,4.248529157249600452e+00,4.695742752749557880e+00,2.459674775249768519e+00,1.341640786499873839e+00,4.024922359499621294e+00,5.590169943749473624e+00,4.248529157249600452e+00,5.366563145999495354e+00,5.590169943749473624e+00,5.142956348249516196e+00,3.577708763999663422e+00,2.906888370749726391e+00,3.577708763999663422e+00,4.248529157249600452e+00,3.577708763999663422e+00,2.906888370749726391e+00,3.130495168499705549e+00,4.472135954999579610e+00,2.459674775249768519e+00,2.236067977499789639e-01,6.708203932499369193e-01,-4.472135954999579277e-01,-1.788854381999831711e+00,-2.236067977499789639e-01,-2.236067977499789639e-01,-4.472135954999579277e-01,-2.236067977499789639e-01,-2.683281572999747677e+00,-2.459674775249768519e+00,-2.236067977499789805e+00,-1.118033988749894903e+00,-2.459674775249768519e+00,-3.577708763999663422e+00,-2.906888370749726391e+00,-6.708203932499369193e-01,2.012461179749810647e+00,1.118033988749894903e+00,4.472135954999579277e-01,-2.236067977499789639e-01,-6.708203932499369193e-01,-2.683281572999747677e+00,-1.788854381999831711e+00,-1.788854381999831711e+00,-2.459674775249768519e+00,-2.236067977499789639e-01,-6.708203932499369193e-01,-1.341640786499873839e+00,-4.024922359499621294e+00,-4.472135954999579610e+00,-4.695742752749557880e+00,-1.788854381999831711e+00,-4.472135954999579277e-01,8.944271909999158554e-01,2.012461179749810647e+00,2.012461179749810647e+00,1.565247584249852775e+00,4.472135954999579277e-01,8.944271909999158554e-01,2.012461179749810647e+00,2.906888370749726391e+00,3.801315561749642136e+00,3.354101966249684263e+00,2.459674775249768519e+00,3.577708763999663422e+00,4.248529157249600452e+00,4.695742752749557880e+00,3.801315561749642136e+00,2.012461179749810647e+00,2.236067977499789639e-01,6.708203932499369193e-01,0.000000000000000000e+00,1.788854381999831711e+00,8.944271909999158554e-01,0.000000000000000000e+00,8.944271909999158554e-01,6.708203932499369193e-01,8.944271909999158554e-01,1.565247584249852775e+00,2.236067977499789639e-01,-6.708203932499369193e-01,0.000000000000000000e+00,-4.472135954999579277e-01,-2.236067977499789639e-01,-8.944271909999158554e-01,2.236067977499789639e-01,-1.341640786499873839e+00,-2.683281572999747677e+00,-1.788854381999831711e+00,-1.788854381999831711e+00,4.472135954999579277e-01,4.472135954999579277e-01,-2.236067977499789639e-01,1.788854381999831711e+00,2.459674775249768519e+00,2.236067977499789805e+00,2.236067977499789639e-01,-4.472135954999579277e-01,8.944271909999158554e-01,4.472135954999579277e-01,-2.236067977499789639e-01,2.236067977499789639e-01,1.341640786499873839e+00,-8.944271909999158554e-01,-2.236067977499789639e-01,0.000000000000000000e+00,-1.118033988749894903e+00,-2.459674775249768519e+00,-4.248529157249600452e+00,-6.260990336999411099e+00,-6.931810730249347685e+00,-4.919349550499537038e+00,-5.590169943749473624e+00,-5.366563145999495354e+00,-5.590169943749473624e+00,-3.577708763999663422e+00,-1.565247584249852775e+00,-1.341640786499873839e+00,-8.944271909999158554e-01,-2.459674775249768519e+00,-4.024922359499621294e+00,-5.590169943749473624e+00,-4.472135954999579610e+00,-2.236067977499789805e+00,-2.012461179749810647e+00,-4.472135954999579277e-01
5.142956348249516196e+00,4.024922359499621294e+00,2.683281572999747677e+00,3.801315561749642136e+00,4.248529157249600452e+00,5.366563145999495354e+00,5.142956348249516196e+00,4.919349550499537038e+00,4.248529157249600452e+00,2.683281572999747677e+00,1.788854381999831711e+00,6.708203932499369193e-01,8.944271909999158554e-01,-2.236067977499789639e-01,8.944271909999158554e-01,1.788854381999831711e+00,8.944271909999158554e-01,1.118033988749894903e+00,1.565247584249852775e+00,1.118033988749894903e+00,2.012461179749810647e+00,1.341640786499873839e+00,4.472135954999579277e-01,-2.236067977499789639e-01,-6.708203932499369193e-01,2.236067977499789639e-01,-8.944271909999158554e-01,4.472135954999579277e-01,-2.236067977499789639e-01,-6.708203932499369193e-01,-4.472135954999579277e-01,2.236067977499789639e-01,2.012461179749810647e+00,2.459674775249768519e+00,2.683281572999747677e+00,2.236067977499789639e-01,6.708203932499369193e-01,1.565247584249852775e+00,1.565247584249852775e+00,2.236067977499789805e+00,4.472135954999579277e-01,1.788854381999831711e+00,1.788854381999831711e+00,1.341640786499873839e+00,0.000000000000000000e+00,1.118033988749894903e+00,2.012461179749810647e+00,2.459674775249768519e+00,4.919349550499537038e+00,3.801315561749642136e+00,3.354101966249684263e+00,4.024922359499621294e+00,4.024922359499621294e+00,3.801315561749642136e+00,2.906888370749726391e+00,3.130495168499705549e+00,3.130495168499705549e+00,4.919349550499537038e+00,3.130495168499705549e+00,4.472135954999579610e+00,2.906888370749726391e+00,3.577708763999663422e+00,2.459674775249768519e+00,1.118033988749894903e+00,3.130495168499705549e+00,2.906888370749726391e+00,4.248529157249600452e+00,3.801315561749642136e+00,3.354101966249684263e+00,3.801315561749642136e+00,4.695742752749557880e+00,5.813776741499452783e+00,3.801315561749642136e+00,3.801315561749642136e+00,2.683281572999747677e+00,2.683281572999747677e+00,8.944271909999158554e-01,8.944271909999158554e-01,8.944271909999158554e-01,8.944271909999158554e-01,0.000000000000000000e+00,2.236067977499789805e+00,3.577708763999663422e+00,4.919349550499537038e+00,2.906888370749726391e+00,2.236067977499789805e+00,2.012461179749810647e+00,2.906888370749726391e+00,3.130495168499705549e+00,3.130495168499705549e+00,2.683281572999747677e+00,1.565247584249852775e+00,2.236067977499789805e+00,2.683281572999747677e+00,6.037383539249431941e+00,6.708203932499368527e+00,5.366563145999495354e+00,6.037383539249431941e+00,4.919349550499537038e+00,4.472135954999579610e+00,4.919349550499537038e+00,5.366563145999495354e+00,6.260990336999411099e+00,5.590169943749473624e+00,4.024922359499621294e+00,3.801315561749642136e+00,2.683281572999747677e+00,2.906888370749726391e+00,6.708203932499369193e-01,-1.118033988749894903e+00,-1.118033988749894903e+00,-2.683281572999747677e+00,-3.801315561749642136e+00,-2.683281572999747677e+00,-2.012461179749810647e+00,-1.788854381999831711e+00,6.708203932499369193e-01,1.565247584249852775e+00,3.577708763999663422e+00,5.366563145999495354e+00,5.813776741499452783e+00,5.813776741499452783e+00,2.906888370749726391e+00,2.683281572999747677e+00,3.577708763999663422e+00,3.354101966249684263e+00,2.459674775249768519e+00,2.683281572999747677e+00,2.906888370749726391e+00,2.236067977499789805e+00,3.577708763999663422e+00,2.906888370749726391e+00,4.024922359499621294e+00,2.012461179749810647e+00,2.906888370749726391e+00,2.906888370749726391e+00,2.236067977499789805e+00,1.341640786499873839e+00,1.341640786499873839e+00,1.341640786499873839e+00,0.000000000000000000e+00,-2.683281572999747677e+00,-3.130495168499705549e+00,-5.813776741499452783e+00,-5.813776741499452783e+00,-5.142956348249516196e+00,-5.590169943749473624e+00,-6.931810730249347685e+00,-6.931810730249347685e+00,-4.919349550499537038e+00,-3.130495168499705549e+00,-4.024922359499621294e+00,-3.801315561749642136e+00,-4.695742752749557880e+00,-3.354101966249684263e+00,-2.683281572999747677e+00,-2.012461179749810647e+00,-8.944271909999158554e-01,-1.565247584249852775e+00,-2.012461179749810647e+00,-1.341640786499873839e+00,-2.236067977499789805e+00,-1.118033988749894903e+00,-2.012461179749810647e+00,-3.577708763999663422e+00,-2.906888370749726391e+00,-1.788854381999831711e+00,-3.577708763999663422e+00,-2.459674775249768519e+00,-2.683281572999747677e+00,-2.906888370749726391e+00,-2.012461179749810647e+00,-2.012461179749810647e+00,-2.236067977499789639e-01,1.118033988749894903e+00,4.472135954999579277e-01,0.000000000000000000e+00,1.341640786499873839e+00,1.118033988749894903e+00,2.236067977499789639e-01,1.341640786499873839e+00,2.459674775249768519e+00,4.024922359499621294e+00,6.037383539249431941e+00,4.919349550499537038e+00,3.577708763999663422e+00,4.248529157249600452e+00,4.919349550499537038e+00,3.354101966249684263e+00,2.012461179749810647e+00,2.236067977499789805e+00,2.683281572999747677e+00,2.906888370749726391e+00,1.341640786499873839e+00,3.130495168499705549e+00,1.341640786499873839e+00,6.708203932499369193e-01,-1.118033988749894903e+00,-2.459674775249768519e+00,-2.236067977499789805e+00,-1.565247584249852775e+00,-1.341640786499873839e+00,-3.354101966249684263e+00,-2.459674775249768519e+00,-2.906888370749726391e+00,-2.236067977499789805e+00,-1.788854381999831711e+00,-2.012461179749810647e+00,-1.341640786499873839e+00,0.000000000000000000e+00,0.000000000000000000e+00,0.000000000000000000e+00,2.236067977499789639e-01,-1.341640786499873839e+00,-1.565247584249852775e+00,-1.341640786499873839e+00,-1.118033988749894903e+00,0.000000000000000000e+00,-1.341640786499873839e+00,-2.906888370749726391e+00,-2.459674775249768519e+00,-2.906888370749726391e+00,-1.341640786499873839e+00,0.000000000000000000e+00,1.118033988749894903e+00,-2.236067977499789639e-01,-1.788854381999831711e+00,-1.118033988749894903e+00,-2.236067977499789639e-01,2.236067977499789639e-01,1.341640786499873839e+00,4.472135954999579277e-01,1.341640786499873839e+00,1.565247584249852775e+00,2.906888370749726391e+00,4.024922359499621294e+00,4.248529157249600452e+00,3.130495168499705549e+00,3.577708763999663422e+00,3.801315561749642136e+00,3.801315561749642136e+00,2.906888370749726391e+00,3.577708763999663422e+00,5.590169943749473624e+00,5.590169943749473624e+00,7.155417527999326843e+00,7.155417527999326843e+00,7.379024325749306001e+00,6.260990336999411099e+00,3.801315561749642136e+00,2.236067977499789805e+00,2.906888370749726391e+00,3.130495168499705549e+00,4.919349550499537038e+00,6.708203932499368527e+00,4.919349550499537038e+00,4.472135954999579610e+00,5.813776741499452783e+00,7.379024325749306001e+00,8.049844718999242588e+00,6.260990336999411099e+00,5.142956348249516196e+00,5.813776741499452783e+00,2.683281572999747677e+00,4.695742752749557880e+00,5.590169943749473624e+00,5.142956348249516196e+00,6.708203932499368527e+00,5.366563145999495354e+00,6.037383539249431941e+00,7.155417527999326843e+00,8.497058314499200904e+00,8.497058314499200904e+00,4.695742752749557880e+00,1.118033988749894903e+00,2.012461179749810647e+00,3.577708763999663422e+00,4.472135954999579610e+00,3.354101966249684263e+00,4.024922359499621294e+00,3.577708763999663422e+00,4.248529157249600452e+00,4.248529157249600452e+00,5.366563145999495354e+00,4.024922359499621294e+00,4.248529157249600452e+00,3.130495168499705549e+00,3.130495168499705549e+00,3.577708763999663422e+00,4.472135954999579610e+00,4.472135954999579610e+00,4.695742752749557880e+00,7.155417527999326843e+00,5.142956348249516196e+00,7.155417527999326843e+00,7.826237921249263430e+00,8.273451516749220858e+00,8.049844718999242588e+00,7.826237921249263430e+00,6.931810730249347685e+00,7.155417527999326843e+00,7.379024325749306001e+00,8.273451516749220858e+00,6.037383539249431941e+00,5.142956348249516196e+00,4.695742752749557880e+00,4.024922359499621294e+00,4.695742752749557880e+00,5.142956348249516196e+00,5.366563145999495354e+00,4.695742752749557880e+00,3.577708763999663422e+00,2.236067977499789639e-01,-1.788854381999831711e+00,-3.801315561749642136e+00,-3.354101966249684263e+00,-2.683281572999747677e+00,-3.354101966249684263e+00,-3.577708763999663422e+00,-4.472135954999579610e+00,-3.801315561749642136e+00,-2.906888370749726391e+00,-3.577708763999663422e+00,-3.801315561749642136e+00,-3.577708763999663422e+00,-6.708203932499369193e-01,-1.118033988749894903e+00,-1.118033988749894903e+00,-2.683281572999747677e+00,-2.012461179749810647e+00,-3.130495168499705549e+00,-1.788854381999831711e+00,-6.708203932499369193e-01,4.472135954999579277e-01,4.695742752749557880e+00,4.695742752749557880e+00,3.801315561749642136e+00,2.236067977499789805e+00,2.683281572999747677e+00,2.236067977499789805e+00,2.906888370749726391e+00,2.236067977499789805e+00,6.708203932499369193e-01,6.708203932499369193e-01,6.708203932499369193e-01,6.708203932499369193e-01,2.012461179749810647e+00,2.459674775249768519e+00,1.341640786499873839e+00,4.472135954999579610e+00,2.236067977499789805e+00,2.236067977499789805e+00,2.012461179749810647e+00,6.708203932499369193e-01,8.944271909999158554e-01,-8.944271909999158554e-01,3.801315561749642136e+00,3.354101966249684263e+00,1.788854381999831711e+00,2.012461179749810647e+00,2.683281572999747677e+00,2.236067977499789805e+00,1.788854381999831711e+00,2.906888370749726391e+00,-8.944271909999158554e-01,-2.012461179749810647e+00,-2.012461179749810647e+00,2.236067977499789639e-01,8.944271909999158554e-01,1.788854381999831711e+00,2.236067977499789805e+00,1.118033988749894903e+00,2.012461179749810647e+00,4.695742752749557880e+00,4.919349550499537038e+00,3.130495168499705549e+00,2.459674775249768519e+00,3.801315561749642136e+00,4.472135954999579610e+00,1.341640786499873839e+00,-1.118033988749894903e+00,-2.683281572999747677e+00,-2.012461179749810647e+00,-1.565247584249852775e+00,4.472135954999579277e-01,8.944271909999158554e-01,1.788854381999831711e+00,8.944271909999158554e-01,0.000000000000000000e+00,1.565247584249852775e+00,0.000000000000000000e+00,1.565247584249852775e+00,2.012461179749810647e+00,8.944271909999158554e-01,6.708203932499369193e-01,6.708203932499369193e-01,1.565247584249852775e+00,8.944271909999158554e-01,1.565247584249852775e+00,6.708203932499369193e-01,1.788854381999831711e+00,4.472135954999579277e-01,-4.472135954999579277e-01,-1.341640786499873839e+00,-2.236067977499789805e+00,-1.565247584249852775e+00,-1.565247584249852775e+00,4.472135954999579277e-01,2.236067977499789805e+00,1.788854381999831711e+00,1.118033988749894903e+00,1.118033988749894903e+00,6.708203932499369193e-01,2.459674775249768519e+00,1.788854381999831711e+00,1.341640786499873839e+00,6.708203932499369193e-01,0.000000000000000000e+00,2.012461179749810647e+00,-2.236067977499789639e-01,1.788854381999831711e+00,2.012461179749810647e+00,2.236067977499789805e+00,3.130495168499705549e+00,4.024922359499621294e+00,5.142956348249516196e+00,6.037383539249431941e+00,4.024922359499621294e+00,5.590169943749473624e+00,2.906888370749726391e+00,3.130495168499705549e+00,2.236067977499789805e+00,1.788854381999831711e+00,-4.472135954999579277e-01,-8.944271909999158554e-01,1.341640786499873839e+00,-2.236067977499789639e-01,-4.024922359499621294e+00,-3.130495168499705549e+00,-4.472135954999579610e+00,-3.354101966249684263e+00,-1.341640786499873839e+00,-1.565247584249852775e+00,-2.236067977499789805e+00,-2.683281572999747677e+00,-6.708203932499369193e-01,-4.472135954999579277e-01,-2.236067977499789639e-01,-2.236067977499789639e-01,8.944271909999158554e-01,-2.236067977499789639e-01,-3.130495168499705549e+00,-4.024922359499621294e+00,-5.366563145999495354e+00,-5.590169943749473624e+00,-5.590169943749473624e+00,-6.260990336999411099e+00,-4.919349550499537038e+00,-3.577708763999663422e+00,-3.354101966249684263e+00,-3.577708763999663422e+00,-3.801315561749642136e+00,-3.577708763999663422e+00,-4.472135954999579610e+00,-6.037383539249431941e+00,-7.602631123499284271e+00,-7.826237921249263430e+00,-5.366563145999495354e+00,-5.813776741499452783e+00,-5.813776741499452783e+00,-4.695742752749557880e+00,-3.801315561749642136e+00,-2.683281572999747677e+00,-1.788854381999831711e+00,-4.472135954999579277e-01,-6.708203932499369193e-01,-1.788854381999831711e+00,-1.341640786499873839e+00,-3.801315561749642136e+00,-3.801315561749642136e+00,-4.695742752749557880e+00,-7.379024325749306001e+00,-6.484597134749389369e+00,-4.919349550499537038e+00,-2.012461179749810647e+00,-2.459674775249768519e+00,-2.906888370749726391e+00,-1.341640786499873839e+00,-6.708203932499369193e-01,-8.944271909999158554e-01,2.236067977499789639e-01,-4.472135954999579277e-01,4.472135954999579277e-01,6.708203932499369193e-01,0.000000000000000000e+00,2.236067977499789639e-01,1.565247584249852775e+00,6.708203932499369193e-01,2.236067977499789639e-01,-1.341640786499873839e+00
6.708203932499369193e-01,-2.236067977499789639e-01,-1.118033988749894903e+00,-1.565247584249852775e+00,-2.906888370749726391e+00,-1.118033988749894903e+00,-2.012461179749810647e+00,-2.906888370749726391e+00,-3.354101966249684263e+00,-2.683281572999747677e+00,-2.906888370749726391e+00,-3.577708763999663422e+00,-3.130495168499705549e+00,-2.236067977499789805e+00,-4.248529157249600452e+00,-2.906888370749726391e+00,-1.788854381999831711e+00,-2.683281572999747677e+00,-1.788854381999831711e+00,-1.341640786499873839e+00,-2.236067977499789639e-01,6.708203932499369193e-01,8.944271909999158554e-01,1.341640786499873839e+00,4.472135954999579277e-01,1.788854381999831711e+00,8.944271909999158554e-01,1.565247584249852775e+00,2.683281572999747677e+00,2.683281572999747677e+00,2.236067977499789805e+00,2.683281572999747677e+00,1.788854381999831711e+00,0.000000000000000000e+00,2.683281572999747677e+00,2.906888370749726391e+00,2.459674775249768519e+00,2.459674775249768519e+00,4.024922359499621294e+00,4.695742752749557880e+00,1.788854381999831711e+00,2.683281572999747677e+00,4.248529157249600452e+00,2.012461179749810647e+00,-8.944271909999158554e-01,-1.565247584249852775e+00,-2.906888370749726391e+00,-2.683281572999747677e+00,-6.708203932499369193e-01,1.788854381999831711e+00,6.708203932499369193e-01,4.472135954999579277e-01,-1.341640786499873839e+00,-2.459674775249768519e+00,-1.565247584249852775e+00,-1.118033988749894903e+00,-1.118033988749894903e+00,-1.788854381999831711e+00,-2.236067977499789805e+00,-6.708203932499369193e-01,-2.683281572999747677e+00,-3.577708763999663422e+00,-1.788854381999831711e+00,-1.341640786499873839e+00,-1.341640786499873839e+00,-1.788854381999831711e+00,-1.565247584249852775e+00,-1.788854381999831711e+00,-1.118033988749894903e+00,-4.472135954999579277e-01,-1.565247584249852775e+00,-1.341640786499873839e+00,-8.944271909999158554e-01,-2.236067977499789639e-01,0.000000000000000000e+00,-8.944271909999158554e-01,-2.683281572999747677e+00,-1.565247584249852775e+00,-2.683281572999747677e+00,-1.118033988749894903e+00,1.788854381999831711e+00,6.708203932499369193e-01,1.565247584249852775e+00,3.354101966249684263e+00,3.354101966249684263e+00,2.236067977499789805e+00,3.801315561749642136e+00,4.472135954999579610e+00,4.024922359499621294e+00,3.577708763999663422e+00,4.248529157249600452e+00,4.024922359499621294e+00,3.577708763999663422e+00,1.565247584249852775e+00,-2.236067977499789639e-01,-1.118033988749894903e+00,-1.341640786499873839e+00,-1.118033988749894903e+00,-6.708203932499369193e-01,-1.788854381999831711e+00,-3.577708763999663422e+00,-1.788854381999831711e+00,-2.683281572999747677e+00,-1.565247584249852775e+00,-2.236067977499789639e-01,6.708203932499369193e-01,4.472135954999579277e-01,8.944271909999158554e-01,8.944271909999158554e-01,-1.341640786499873839e+00,-2.683281572999747677e+00,-3.801315561749642136e+00,-4.024922359499621294e+00,-4.248529157249600452e+00,-5.142956348249516196e+00,-4.248529157249600452e+00,-4.695742752749557880e+00,-3.801315561749642136e+00,-3.577708763999663422e+00,-3.577708763999663422e+00,-3.354101966249684263e+00,-4.248529157249600452e+00,-4.248529157249600452e+00,-3.354101966249684263e+00,-2.012461179749810647e+00,-1.788854381999831711e+00,-1.118033988749894903e+00,-2.012461179749810647e+00,-1.788854381999831711e+00,-1.565247584249852775e+00,-1.118033988749894903e+00,-2.236067977499789805e+00,-2.906888370749726391e+00,-2.459674775249768519e+00,-1.341640786499873839e+00,-6.708203932499369193e-01,-1.118033988749894903e+00,-2.236067977499789805e+00,-1.788854381999831711e+00,-1.565247584249852775e+00,-2.459674775249768519e+00,-2.459674775249768519e+00,-3.130495168499705549e+00,-2.459674775249768519e+00,-2.683281572999747677e+00,-6.708203932499369193e-01,-1.341640786499873839e+00,-2.012461179749810647e+00,-1.565247584249852775e+00,-1.565247584249852775e+00,-3.130495168499705549e+00,-3.577708763999663422e+00,-2.459674775249768519e+00,-2.236067977499789805e+00,-3.130495168499705549e+00,-2.906888370749726391e+00,-2.012461179749810647e+00,0.000000000000000000e+00,0.000000000000000000e+00,2.236067977499789805e+00,2.012461179749810647e+00,1.341640786499873839e+00,0.000000000000000000e+00,-6.708203932499369193e-01,-2.236067977499789805e+00,-1.788854381999831711e+00,-4.248529157249600452e+00,-4.695742752749557880e+00,-4.695742752749557880e+00,-5.366563145999495354e+00,-5.813776741499452783e+00,-4.919349550499537038e+00,-3.354101966249684263e+00,-1.341640786499873839e+00,4.472135954999579277e-01,1.788854381999831711e+00,6.708203932499369193e-01,2.236067977499789639e-01,4.472135954999579277e-01,2.236067977499789639e-01,-2.459674775249768519e+00,-1.118033988749894903e+00,-1.341640786499873839e+00,-2.683281572999747677e+00,-1.788854381999831711e+00,-8.944271909999158554e-01,1.341640786499873839e+00,8.944271909999158554e-01,-8.944271909999158554e-01,1.118033988749894903e+00,1.788854381999831711e+00,0.000000000000000000e+00,4.472135954999579277e-01,-4.472135954999579277e-01,2.236067977499789639e-01,0.000000000000000000e+00,1.118033988749894903e+00,1.788854381999831711e+00,2.236067977499789805e+00,3.130495168499705549e+00,4.695742752749557880e+00,7.826237921249263430e+00,7.379024325749306001e+00,4.919349550499537038e+00,5.590169943749473624e+00,4.472135954999579610e+00,3.130495168499705549e+00,2.236067977499789805e+00,3.130495168499705549e+00,2.012461179749810647e+00,2.012461179749810647e+00,1.788854381999831711e+00,1.788854381999831711e+00,2.236067977499789805e+00,2.236067977499789639e-01,-6.708203932499369193e-01,-2.236067977499789639e-01,-6.708203932499369193e-01,-1.788854381999831711e+00,-1.118033988749894903e+00,-2.236067977499789805e+00,-2.906888370749726391e+00,-4.695742752749557880e+00,-4.472135954999579610e+00,-4.472135954999579610e+00,-3.130495168499705549e+00,-4.024922359499621294e+00,-4.472135954999579610e+00,-3.801315561749642136e+00,-4.472135954999579610e+00,-4.024922359499621294e+00,-3.354101966249684263e+00,-4.024922359499621294e+00,-5.366563145999495354e+00,-5.590169943749473624e+00,-5.590169943749473624e+00,-4.695742752749557880e+00,-4.248529157249600452e+00,-1.788854381999831711e+00,-3.577708763999663422e+00,-4.472135954999579610e+00,-4.695742752749557880e+00,-6.037383539249431941e+00,-5.813776741499452783e+00,-4.248529157249600452e+00,-4.248529157249600452e+00,-3.801315561749642136e+00,-3.801315561749642136e+00,-3.577708763999663422e+00,-2.906888370749726391e+00,-2.236067977499789805e+00,-4.695742752749557880e+00,-5.142956348249516196e+00,-3.801315561749642136e+00,-4.024922359499621294e+00,-3.577708763999663422e+00,-4.695742752749557880e+00,-4.472135954999579610e+00,-4.248529157249600452e+00,-3.801315561749642136e+00,-3.354101966249684263e+00,-2.683281572999747677e+00,-2.236067977499789805e+00,-2.906888370749726391e+00,2.236067977499789639e-01,1.341640786499873839e+00,1.788854381999831711e+00,1.565247584249852775e+00,-8.944271909999158554e-01,-1.565247584249852775e+00,-3.130495168499705549e+00,-2.906888370749726391e+00,-2.683281572999747677e+00,-2.906888370749726391e+00,-4.024922359499621294e+00,-5.590169943749473624e+00,-5.142956348249516196e+00,-5.366563145999495354e+00,-4.695742752749557880e+00,-6.484597134749389369e+00,-5.590169943749473624e+00,-5.590169943749473624e+00,-4.472135954999579610e+00,-2.906888370749726391e+00,-2.459674775249768519e+00,-1.118033988749894903e+00,-6.708203932499369193e-01,2.236067977499789805e+00,3.801315561749642136e+00,2.906888370749726391e+00,2.012461179749810647e+00,1.788854381999831711e+00,2.683281572999747677e+00,1.118033988749894903e+00,0.000000000000000000e+00,-1.565247584249852775e+00,1.565247584249852775e+00,1.788854381999831711e+00,2.012461179749810647e+00,2.012461179749810647e+00,1.788854381999831711e+00,6.708203932499369193e-01,4.472135954999579277e-01,1.341640786499873839e+00,-2.236067977499789639e-01,2.236067977499789639e-01,-2.236067977499789639e-01,4.472135954999579277e-01,-1.341640786499873839e+00,-3.801315561749642136e+00,-5.142956348249516196e+00,-3.130495168499705549e+00,-3.354101966249684263e+00,-2.236067977499789805e+00,-3.354101966249684263e+00,-4.472135954999579610e+00,-2.459674775249768519e+00,-1.788854381999831711e+00,-6.708203932499369193e-01,-1.341640786499873839e+00,-4.472135954999579277e-01,2.236067977499789639e-01,2.236067977499789639e-01,6.708203932499369193e-01,2.236067977499789805e+00,1.565247584249852775e+00,8.944271909999158554e-01,-2.236067977499789639e-01,2.683281572999747677e+00,2.012461179749810647e+00,1.788854381999831711e+00,2.236067977499789805e+00,2.906888370749726391e+00,3.801315561749642136e+00,3.130495168499705549e+00,4.472135954999579610e+00,5.813776741499452783e+00,5.590169943749473624e+00,5.366563145999495354e+00,5.142956348249516196e+00,2.459674775249768519e+00,2.906888370749726391e+00,1.788854381999831711e+00,2.459674775249768519e+00,2.683281572999747677e+00,1.118033988749894903e+00,6.708203932499369193e-01,2.459674775249768519e+00,2.683281572999747677e+00,4.919349550499537038e+00,5.366563145999495354e+00,6.037383539249431941e+00,5.813776741499452783e+00,2.906888370749726391e+00,4.472135954999579610e+00,4.695742752749557880e+00,5.366563145999495354e+00,4.472135954999579610e+00,3.130495168499705549e+00,1.118033988749894903e+00,1.341640786499873839e+00,1.788854381999831711e+00,2.236067977499789805e+00,2.906888370749726391e+00,1.118033988749894903e+00,-4.472135954999579277e-01,-6.708203932499369193e-01,-6.708203932499369193e-01,-8.944271909999158554e-01,1.565247584249852775e+00,2.012461179749810647e+00,2.906888370749726391e+00,3.354101966249684263e+00,2.683281572999747677e+00,3.801315561749642136e+00,3.577708763999663422e+00,1.118033988749894903e+00,-4.472135954999579277e-01,4.472135954999579277e-01,-6.708203932499369193e-01,6.708203932499369193e-01,-2.236067977499789639e-01,-1.118033988749894903e+00,-1.341640786499873839e+00,-2.012461179749810647e+00,-3.801315561749642136e+00,-3.577708763999663422e+00,-3.354101966249684263e+00,-3.577708763999663422e+00,-2.906888370749726391e+00,-3.354101966249684263e+00,-4.695742752749557880e+00,-3.801315561749642136e+00,-4.248529157249600452e+00,-1.788854381999831711e+00,-8.944271909999158554e-01,-4.472135954999579277e-01,4.472135954999579277e-01,1.118033988749894903e+00,-1.341640786499873839e+00,0.000000000000000000e+00,0.000000000000000000e+00,2.236067977499789639e-01,-4.472135954999579277e-01,-8.944271909999158554e-01,-2.236067977499789639e-01,-6.708203932499369193e-01,0.000000000000000000e+00,2.906888370749726391e+00,2.012461179749810647e+00,1.341640786499873839e+00,2.459674775249768519e+00,2.236067977499789805e+00,2.683281572999747677e+00,2.459674775249768519e+00,1.118033988749894903e+00,8.944271909999158554e-01,2.459674775249768519e+00,3.354101966249684263e+00,2.012461179749810647e+00,4.472135954999579277e-01,4.472135954999579277e-01,-1.341640786499873839e+00,-1.788854381999831711e+00,-1.788854381999831711e+00,-1.788854381999831711e+00,-1.788854381999831711e+00,-1.341640786499873839e+00,-6.708203932499369193e-01,-3.354101966249684263e+00,-4.919349550499537038e+00,-4.248529157249600452e+00,-3.130495168499705549e+00,-4.472135954999579610e+00,-3.130495168499705549e+00,-4.024922359499621294e+00,-3.354101966249684263e+00,-4.248529157249600452e+00,-4.248529157249600452e+00,-5.142956348249516196e+00,-5.142956348249516196e+00,-3.801315561749642136e+00,-4.024922359499621294e+00,-2.236067977499789805e+00,-2.683281572999747677e+00,-2.012461179749810647e+00,-1.788854381999831711e+00,6.708203932499369193e-01,1.341640786499873839e+00,2.236067977499789639e-01,0.000000000000000000e+00,-1.118033988749894903e+00,6.708203932499369193e-01,-2.236067977499789639e-01,-8.944271909999158554e-01,-1.341640786499873839e+00,-4.472135954999579277e-01,-4.472135954999579277e-01,-1.118033988749894903e+00,-6.708203932499369193e-01,4.472135954999579277e-01,8.944271909999158554e-01,2.683281572999747677e+00,3.354101966249684263e+00,3.354101966249684263e+00,2.683281572999747677e+00,1.118033988749894903e+00,1.341640786499873839e+00,2.236067977499789805e+00,1.118033988749894903e+00,-6.708203932499369193e-01,-1.565247584249852775e+00,-8.944271909999158554e-01,-1.788854381999831711e+00,-8.944271909999158554e-01,1.341640786499873839e+00,3.577708763999663422e+00,2.012461179749810647e+00,1.118033988749894903e+00,4.472135954999579277e-01,6.708203932499369193e-01,2.236067977499789805e+00,2.012461179749810647e+00,2.459674775249768519e+00,3.801315561749642136e+00,3.801315561749642136e+00,3.801315561749642136e+00,2.906888370749726391e+00,3.577708763999663422e+00,4.024922359499621294e+00,4.024922359499621294e+00,5.142956348249516196e+00,5.142956348249516196e+00,5.366563145999495354e+00,5.813776741499452783e+00,5.366563145999495354e+00,8.944271909999159220e+00,9.838699100999074076e+00,7.826237921249263430e+00,6.260990336999411099e+00
-1.341640786499873839e+00,-3.577708763999663422e+00,-4.024922359499621294e+00,-4.472135954999579610e+00,-4.919349550499537038e+00,-4.919349550499537038e+00,-4.695742752749557880e+00,-3.801315561749642136e+00,-2.683281572999747677e+00,-3.801315561749642136e+00,-2.683281572999747677e+00,-2.906888370749726391e+00,-2.236067977499789639e-01,6.708203932499369193e-01,-4.472135954999579277e-01,2.459674775249768519e+00,3.801315561749642136e+00,3.801315561749642136e+00,2.236067977499789805e+00,3.354101966249684263e+00,4.472135954999579610e+00,4.919349550499537038e+00,4.472135954999579610e+00,3.130495168499705549e+00,2.683281572999747677e+00,1.788854381999831711e+00,2.459674775249768519e+00,3.130495168499705549e+00,2.683281572999747677e+00,2.683281572999747677e+00,4.248529157249600452e+00,4.248529157249600452e+00,3.354101966249684263e+00,2.683281572999747677e+00,2.906888370749726391e+00,2.236067977499789805e+00,2.683281572999747677e+00,2.236067977499789805e+00,2.459674775249768519e+00,4.695742752749557880e+00,3.577708763999663422e+00,2.012461179749810647e+00,0.000000000000000000e+00,1.788854381999831711e+00,2.012461179749810647e+00,8.944271909999158554e-01,2.459674775249768519e+00,2.906888370749726391e+00,3.354101966249684263e+00,3.354101966249684263e+00,4.024922359499621294e+00,4.248529157249600452e+00,5.590169943749473624e+00,4.248529157249600452e+00,3.130495168499705549e+00,4.695742752749557880e+00,5.590169943749473624e+00,5.590169943749473624e+00,5.142956348249516196e+00,4.024922359499621294e+00,4.024922359499621294e+00,4.024922359499621294e+00,4.024922359499621294e+00,3.354101966249684263e+00,1.118033988749894903e+00,2.236067977499789639e-01,-6.708203932499369193e-01,-8.944271909999158554e-01,-8.944271909999158554e-01,-6.708203932499369193e-01,-1.118033988749894903e+00,-6.708203932499369193e-01,-4.472135954999579277e-01,-2.236067977499789639e-01,-2.683281572999747677e+00,-2.012461179749810647e+00,-1.118033988749894903e+00,-2.012461179749810647e+00,-2.012461179749810647e+00,-5.142956348249516196e+00,-5.590169943749473624e+00,-5.142956348249516196e+00,-4.919349550499537038e+00,-6.260990336999411099e+00,-6.037383539249431941e+00,-3.130495168499705549e+00,-1.565247584249852775e+00,-2.236067977499789805e+00,-1.565247584249852775e+00,-1.341640786499873839e+00,-1.788854381999831711e+00,-1.118033988749894903e+00,-2.906888370749726391e+00,-3.354101966249684263e+00,-3.130495168499705549e+00,-3.354101966249684263e+00,-1.788854381999831711e+00,-2.906888370749726391e+00,-3.130495168499705549e+00,-4.024922359499621294e+00,-5.366563145999495354e+00,-5.142956348249516196e+00,-6.260990336999411099e+00,-5.813776741499452783e+00,-7.379024325749306001e+00,-6.260990336999411099e+00,-4.919349550499537038e+00,-4.024922359499621294e+00,-2.906888370749726391e+00,-3.801315561749642136e+00,-3.130495168499705549e+00,-2.683281572999747677e+00,-1.565247584249852775e+00,-3.130495168499705549e+00,-4.024922359499621294e+00,-3.577708763999663422e+00,-4.919349550499537038e+00,-5.142956348249516196e+00,-4.248529157249600452e+00,-3.577708763999663422e+00,-4.248529157249600452e+00,-4.248529157249600452e+00,-2.683281572999747677e+00,-1.565247584249852775e+00,-1.118033988749894903e+00,-2.236067977499789639e-01,0.000000000000000000e+00,-4.472135954999579277e-01,-8.944271909999158554e-01,-8.944271909999158554e-01,-8.944271909999158554e-01,1.788854381999831711e+00,1.341640786499873839e+00,2.236067977499789805e+00,2.012461179749810647e+00,3.354101966249684263e+00,2.683281572999747677e+00,4.695742752749557880e+00,4.472135954999579610e+00,4.695742752749557880e+00,6.260990336999411099e+00,4.919349550499537038e+00,3.130495168499705549e+00,2.906888370749726391e+00,4.472135954999579277e-01,-2.012461179749810647e+00,-1.788854381999831711e+00,-1.118033988749894903e+00,4.472135954999579277e-01,0.000000000000000000e+00,2.012461179749810647e+00,8.944271909999158554e-01,2.012461179749810647e+00,8.944271909999158554e-01,2.012461179749810647e+00,1.118033988749894903e+00,0.000000000000000000e+00,8.944271909999158554e-01,8.944271909999158554e-01,2.012461179749810647e+00,3.577708763999663422e+00,3.801315561749642136e+00,3.354101966249684263e+00,5.590169943749473624e+00,2.906888370749726391e+00,1.565247584249852775e+00,-8.944271909999158554e-01,6.708203932499369193e-01,6.708203932499369193e-01,4.472135954999579277e-01,1.565247584249852775e+00,2.012461179749810647e+00,8.944271909999158554e-01,4.472135954999579277e-01,2.236067977499789639e-01,4.472135954999579277e-01,1.565247584249852775e+00,1.565247584249852775e+00,8.944271909999158554e-01,1.118033988749894903e+00,2.236067977499789805e+00,4.919349550499537038e+00,4.919349550499537038e+00,2.683281572999747677e+00,3.354101966249684263e+00,2.236067977499789805e+00,-2.236067977499789639e-01,8.944271909999158554e-01,4.472135954999579277e-01,-4.472135954999579277e-01,-4.024922359499621294e+00,-3.801315561749642136e+00,-4.919349550499537038e+00,-6.484597134749389369e+00,-4.695742752749557880e+00,-4.024922359499621294e+00,-3.354101966249684263e+00,-5.813776741499452783e+00,-6.260990336999411099e+00,-6.037383539249431941e+00,-4.472135954999579610e+00,-3.801315561749642136e+00,-1.118033988749894903e+00,1.788854381999831711e+00,2.683281572999747677e+00,2.012461179749810647e+00,1.788854381999831711e+00,1.341640786499873839e+00,3.577708763999663422e+00,3.354101966249684263e+00,4.248529157249600452e+00,2.683281572999747677e+00,2.906888370749726391e+00,3.577708763999663422e+00,5.142956348249516196e+00,2.459674775249768519e+00,2.236067977499789805e+00,2.012461179749810647e+00,3.801315561749642136e+00,3.130495168499705549e+00,3.354101966249684263e+00,2.012461179749810647e+00,2.236067977499789805e+00,1.565247584249852775e+00,2.683281572999747677e+00,1.565247584249852775e+00,1.341640786499873839e+00,-2.236067977499789639e-01,4.472135954999579277e-01,1.788854381999831711e+00,3.354101966249684263e+00,3.130495168499705549e+00,3.354101966249684263e+00,5.366563145999495354e+00,3.577708763999663422e+00,2.236067977499789805e+00,3.354101966249684263e+00,1.118033988749894903e+00,-2.236067977499789639e-01,-1.341640786499873839e+00,-2.236067977499789805e+00,-1.341640786499873839e+00,-1.118033988749894903e+00,-1.118033988749894903e+00,-4.472135954999579277e-01,-8.944271909999158554e-01,8.944271909999158554e-01,8.944271909999158554e-01,2.012461179749810647e+00,2.459674775249768519e+00,-6.708203932499369193e-01,-6.708203932499369193e-01,-4.472135954999579277e-01,-2.683281572999747677e+00,-1.118033988749894903e+00,-4.472135954999579277e-01,-8.944271909999158554e-01,-1.788854381999831711e+00,-4.472135954999579277e-01,-1.788854381999831711e+00,-1.118033988749894903e+00,-1.341640786499873839e+00,-1.788854381999831711e+00,2.236067977499789639e-01,-2.236067977499789639e-01,1.341640786499873839e+00,1.788854381999831711e+00,1.341640786499873839e+00,8.944271909999158554e-01,3.130495168499705549e+00,5.142956348249516196e+00,4.472135954999579610e+00,3.801315561749642136e+00,3.354101966249684263e+00,4.695742752749557880e+00,4.695742752749557880e+00,4.695742752749557880e+00,5.366563145999495354e+00,6.708203932499368527e+00,7.826237921249263430e+00,5.590169943749473624e+00,6.260990336999411099e+00,4.472135954999579610e+00,4.024922359499621294e+00,2.906888370749726391e+00,4.248529157249600452e+00,3.801315561749642136e+00,2.459674775249768519e+00,1.565247584249852775e+00,2.906888370749726391e+00,3.577708763999663422e+00,3.130495168499705549e+00,2.906888370749726391e+00,1.341640786499873839e+00,8.944271909999158554e-01,1.118033988749894903e+00,-2.236067977499789639e-01,-1.118033988749894903e+00,2.012461179749810647e+00,8.944271909999158554e-01,1.341640786499873839e+00,1.788854381999831711e+00,1.565247584249852775e+00,3.577708763999663422e+00,2.683281572999747677e+00,3.130495168499705549e+00,2.906888370749726391e+00,1.118033988749894903e+00,0.000000000000000000e+00,3.130495168499705549e+00,3.801315561749642136e+00,6.708203932499369193e-01,4.472135954999579277e-01,2.683281572999747677e+00,1.118033988749894903e+00,-1.118033988749894903e+00,-2.906888370749726391e+00,-1.118033988749894903e+00,-8.944271909999158554e-01,-2.906888370749726391e+00,-3.801315561749642136e+00,-2.012461179749810647e+00,-6.708203932499369193e-01,4.472135954999579277e-01,-8.944271909999158554e-01,-2.236067977499789639e-01,-4.472135954999579277e-01,-2.459674775249768519e+00,-1.565247584249852775e+00,-1.341640786499873839e+00,2.236067977499789639e-01,8.944271909999158554e-01,1.118033988749894903e+00,3.354101966249684263e+00,2.459674775249768519e+00,1.788854381999831711e+00,1.788854381999831711e+00,2.236067977499789805e+00,3.130495168499705549e+00,2.683281572999747677e+00,0.000000000000000000e+00,-2.012461179749810647e+00,-2.906888370749726391e+00,-3.577708763999663422e+00,-5.142956348249516196e+00,-4.695742752749557880e+00,-5.813776741499452783e+00,-5.813776741499452783e+00,-6.260990336999411099e+00,-5.366563145999495354e+00,-5.813776741499452783e+00,-5.813776741499452783e+00,-5.366563145999495354e+00,-5.590169943749473624e+00,-4.472135954999579610e+00,-4.024922359499621294e+00,-2.683281572999747677e+00,-1.341640786499873839e+00,-1.565247584249852775e+00,-3.354101966249684263e+00,-5.142956348249516196e+00,-3.130495168499705549e+00,-2.236067977499789805e+00,-8.944271909999158554e-01,2.236067977499789639e-01,-2.236067977499789639e-01,4.472135954999579277e-01,-1.341640786499873839e+00,-3.577708763999663422e+00,-3.354101966249684263e+00,-3.354101966249684263e+00,-3.577708763999663422e+00,-2.012461179749810647e+00,2.236067977499789639e-01,-4.472135954999579277e-01,6.708203932499369193e-01,-8.944271909999158554e-01,-1.341640786499873839e+00,-2.012461179749810647e+00,-3.130495168499705549e+00,-1.788854381999831711e+00,-1.565247584249852775e+00,-4.472135954999579277e-01,-2.012461179749810647e+00,-4.472135954999579277e-01,-1.341640786499873839e+00,6.708203932499369193e-01,-4.472135954999579277e-01,-2.236067977499789805e+00,-2.906888370749726391e+00,-3.130495168499705549e+00,-1.788854381999831711e+00,-2.012461179749810647e+00,-1.341640786499873839e+00,-2.012461179749810647e+00,-2.012461179749810647e+00,-4.024922359499621294e+00,-2.683281572999747677e+00,-4.472135954999579277e-01,0.000000000000000000e+00,-6.708203932499369193e-01,1.341640786499873839e+00,1.341640786499873839e+00,8.944271909999158554e-01,2.012461179749810647e+00,1.118033988749894903e+00,-2.236067977499789639e-01,-1.341640786499873839e+00,-2.236067977499789805e+00,-1.118033988749894903e+00,-1.118033988749894903e+00,-2.236067977499789805e+00,-2.683281572999747677e+00,-2.683281572999747677e+00,-3.130495168499705549e+00,-3.354101966249684263e+00,-4.472135954999579277e-01,-6.708203932499369193e-01,1.341640786499873839e+00,4.024922359499621294e+00,3.130495168499705549e+00,1.565247584249852775e+00,2.012461179749810647e+00,1.788854381999831711e+00,2.459674775249768519e+00,2.236067977499789805e+00,1.788854381999831711e+00,0.000000000000000000e+00,0.000000000000000000e+00,0.000000000000000000e+00,-2.236067977499789639e-01,-2.236067977499789805e+00,-2.012461179749810647e+00,-2.906888370749726391e+00,-8.944271909999158554e-01,0.000000000000000000e+00,-6.708203932499369193e-01,2.236067977499789639e-01,2.683281572999747677e+00,2.906888370749726391e+00,4.024922359499621294e+00,4.472135954999579610e+00,4.248529157249600452e+00,3.801315561749642136e+00,4.024922359499621294e+00,2.459674775249768519e+00,2.459674775249768519e+00,2.906888370749726391e+00,3.130495168499705549e+00,2.012461179749810647e+00,2.236067977499789639e-01,-1.341640786499873839e+00,-3.354101966249684263e+00,-1.788854381999831711e+00,-4.472135954999579277e-01,-1.565247584249852775e+00,-1.118033988749894903e+00,-8.944271909999158554e-01,-4.472135954999579277e-01,-2.012461179749810647e+00,-8.944271909999158554e-01,1.118033988749894903e+00,-1.118033988749894903e+00,4.472135954999579277e-01,-8.944271909999158554e-01,-2.236067977499789639e-01,-4.472135954999579277e-01,1.788854381999831711e+00,3.130495168499705549e+00,3.354101966249684263e+00,3.577708763999663422e+00,1.341640786499873839e+00,4.472135954999579277e-01,8.944271909999158554e-01,8.944271909999158554e-01,6.708203932499369193e-01,4.472135954999579277e-01,6.708203932499369193e-01,1.118033988749894903e+00,2.236067977499789805e+00,1.341640786499873839e+00,1.118033988749894903e+00,-4.472135954999579277e-01,0.000000000000000000e+00,-6.708203932499369193e-01,0.000000000000000000e+00,-1.118033988749894903e+00,-3.354101966249684263e+00,-4.472135954999579610e+00,-3.577708763999663422e+00,-5.813776741499452783e+00,-5.366563145999495354e+00,-3.130495168499705549e+00,-3.130495168499705549e+00,-4.472135954999579610e+00,-4.248529157249600452e+00,-4.472135954999579610e+00,-4.024922359499621294e+00,-3.577708763999663422e+00,-3.130495168499705549e+00
-1.341640786499873839e+00,-2.012461179749810647e+00,-2.236067977499789805e+00,-1.341640786499873839e+00,8.944271909999158554e-01,6.708203932499369193e-01,8.944271909999158554e-01,1.565247584249852775e+00,1.788854381999831711e+00,0.000000000000000000e+00,1.565247584249852775e+00,2.012461179749810647e+00,1.341640786499873839e+00,8.944271909999158554e-01,1.788854381999831711e+00,1.118033988749894903e+00,1.118033988749894903e+00,1.565247584249852775e+00,2.683281572999747677e+00,2.012461179749810647e+00,4.472135954999579277e-01,-8.944271909999158554e-01,-1.565247584249852775e+00,-1.788854381999831711e+00,-4.472135954999579277e-01,-1.565247584249852775e+00,-3.130495168499705549e+00,-2.683281572999747677e+00,-1.341640786499873839e+00,-2.012461179749810647e+00,-6.708203932499369193e-01,2.012461179749810647e+00,1.565247584249852775e+00,-4.472135954999579277e-01,2.236067977499789639e-01,1.341640786499873839e+00,0.000000000000000000e+00,0.000000000000000000e+00,-4.472135954999579277e-01,-1.341640786499873839e+00,1.118033988749894903e+00,-6.708203932499369193e-01,-6.708203932499369193e-01,-1.565247584249852775e+00,-2.459674775249768519e+00,-3.577708763999663422e+00,-1.788854381999831711e+00,-6.708203932499369193e-01,-4.472135954999579277e-01,4.472135954999579277e-01,0.000000000000000000e+00,-2.236067977499789805e+00,-3.130495168499705549e+00,-1.788854381999831711e+00,-1.788854381999831711e+00,1.565247584249852775e+00,1.341640786499873839e+00,2.683281572999747677e+00,5.813776741499452783e+00,5.366563145999495354e+00,5.813776741499452783e+00,5.366563145999495354e+00,5.590169943749473624e+00,4.695742752749557880e+00,3.354101966249684263e+00,2.683281572999747677e+00,1.788854381999831711e+00,3.801315561749642136e+00,2.012461179749810647e+00,1.788854381999831711e+00,2.236067977499789805e+00,2.236067977499789805e+00,0.000000000000000000e+00,1.341640786499873839e+00,8.944271909999158554e-01,-6.708203932499369193e-01,-8.944271909999158554e-01,1.118033988749894903e+00,-4.472135954999579277e-01,-3.354101966249684263e+00,-4.695742752749557880e+00,-4.248529157249600452e+00,-4.024922359499621294e+00,-2.683281572999747677e+00,-3.354101966249684263e+00,-4.024922359499621294e+00,-4.024922359499621294e+00,-6.484597134749389369e+00,-5.590169943749473624e+00,-5.142956348249516196e+00,-4.472135954999579610e+00,-3.577708763999663422e+00,-4.248529157249600452e+00,-3.801315561749642136e+00,-4.472135954999579610e+00,-3.801315561749642136e+00,-3.801315561749642136e+00,-3.130495168499705549e+00,-1.788854381999831711e+00,-2.012461179749810647e+00,-1.118033988749894903e+00,-1.565247584249852775e+00,8.944271909999158554e-01,8.944271909999158554e-01,2.012461179749810647e+00,2.012461179749810647e+00,2.012461179749810647e+00,1.341640786499873839e+00,3.130495168499705549e+00,3.130495168499705549e+00,3.130495168499705549e+00,3.354101966249684263e+00,2.906888370749726391e+00,2.683281572999747677e+00,2.683281572999747677e+00,3.577708763999663422e+00,5.590169943749473624e+00,4.695742752749557880e+00,3.577708763999663422e+00,3.354101966249684263e+00,2.236067977499789805e+00,2.012461179749810647e+00,1.565247584249852775e+00,2.236067977499789639e-01,8.944271909999158554e-01,6.708203932499369193e-01,-1.565247584249852775e+00,-2.906888370749726391e+00,-3.577708763999663422e+00,-2.459674775249768519e+00,-8.944271909999158554e-01,-6.708203932499369193e-01,2.236067977499789639e-01,-8.944271909999158554e-01,-2.236067977499789805e+00,-2.906888370749726391e+00,-2.236067977499789805e+00,4.472135954999579277e-01,-1.118033988749894903e+00,-8.944271909999158554e-01,-8.944271909999158554e-01,-4.472135954999579277e-01,2.236067977499789639e-01,2.236067977499789639e-01,1.118033988749894903e+00,1.788854381999831711e+00,2.236067977499789805e+00,4.024922359499621294e+00,3.801315561749642136e+00,4.024922359499621294e+00,4.695742752749557880e+00,4.919349550499537038e+00,3.577708763999663422e+00,2.683281572999747677e+00,0.000000000000000000e+00,-6.708203932499369193e-01,-2.906888370749726391e+00,-3.577708763999663422e+00,-2.683281572999747677e+00,-3.354101966249684263e+00,-1.788854381999831711e+00,-3.130495168499705549e+00,-2.012461179749810647e+00,-1.341640786499873839e+00,-2.683281572999747677e+00,-4.472135954999579610e+00,-3.354101966249684263e+00,-4.024922359499621294e+00,-2.683281572999747677e+00,-4.472135954999579610e+00,-2.012461179749810647e+00,-3.130495168499705549e+00,-3.577708763999663422e+00,-2.236067977499789639e-01,6.708203932499369193e-01,0.000000000000000000e+00,-1.565247584249852775e+00,-1.341640786499873839e+00,-3.130495168499705549e+00,-2.906888370749726391e+00,-1.341640786499873839e+00,-1.118033988749894903e+00,-6.708203932499369193e-01,-1.118033988749894903e+00,-1.341640786499873839e+00,-2.012461179749810647e+00,-1.341640786499873839e+00,-2.683281572999747677e+00,-3.354101966249684263e+00,-3.130495168499705549e+00,-5.366563145999495354e+00,-4.248529157249600452e+00,-4.024922359499621294e+00,-4.024922359499621294e+00,-3.577708763999663422e+00,-4.695742752749557880e+00,-5.813776741499452783e+00,-5.366563145999495354e+00,-4.472135954999579610e+00,-4.472135954999579610e+00,-3.801315561749642136e+00,-4.024922359499621294e+00,-2.459674775249768519e+00,-2.906888370749726391e+00,-4.695742752749557880e+00,-5.366563145999495354e+00,-6.260990336999411099e+00,-7.379024325749306001e+00,-7.379024325749306001e+00,-4.695742752749557880e+00,-6.931810730249347685e+00,-6.484597134749389369e+00,-5.590169943749473624e+00,-4.919349550499537038e+00,-4.695742752749557880e+00,-4.248529157249600452e+00,-6.708203932499368527e+00,-4.472135954999579610e+00,-6.931810730249347685e+00,-6.484597134749389369e+00,-4.472135954999579610e+00,-3.354101966249684263e+00,-1.565247584249852775e+00,-1.118033988749894903e+00,-1.341640786499873839e+00,-1.788854381999831711e+00,-1.118033988749894903e+00,8.944271909999158554e-01,3.801315561749642136e+00,3.801315561749642136e+00,1.341640786499873839e+00,-6.708203932499369193e-01,-1.118033988749894903e+00,-2.236067977499789639e-01,-8.944271909999158554e-01,-1.118033988749894903e+00,-2.459674775249768519e+00,-2.906888370749726391e+00,-2.459674775249768519e+00,-1.565247584249852775e+00,-8.944271909999158554e-01,4.472135954999579277e-01,0.000000000000000000e+00,-6.708203932499369193e-01,-4.472135954999579277e-01,0.000000000000000000e+00,-1.341640786499873839e+00,-1.565247584249852775e+00,-1.565247584249852775e+00,-1.118033988749894903e+00,-2.459674775249768519e+00,-1.788854381999831711e+00,-4.472135954999579277e-01,8.944271909999158554e-01,8.944271909999158554e-01,8.944271909999158554e-01,-4.472135954999579277e-01,1.118033988749894903e+00,-4.472135954999579277e-01,-2.683281572999747677e+00,-3.354101966249684263e+00,-4.024922359499621294e+00,-3.577708763999663422e+00,-3.354101966249684263e+00,-1.788854381999831711e+00,-2.236067977499789639e-01,-1.341640786499873839e+00,-1.118033988749894903e+00,-2.236067977499789639e-01,0.000000000000000000e+00,0.000000000000000000e+00,-1.118033988749894903e+00,-1.118033988749894903e+00,-1.341640786499873839e+00,0.000000000000000000e+00,-2.236067977499789639e-01,-2.236067977499789639e-01,0.000000000000000000e+00,-1.341640786499873839e+00,-1.341640786499873839e+00,-1.565247584249852775e+00,-8.944271909999158554e-01,4.472135954999579277e-01,-1.788854381999831711e+00,-1.788854381999831711e+00,-8.944271909999158554e-01,-4.472135954999579277e-01,-1.341640786499873839e+00,-3.354101966249684263e+00,-4.248529157249600452e+00,-5.813776741499452783e+00,-5.813776741499452783e+00,-5.366563145999495354e+00,-5.142956348249516196e+00,-6.484597134749389369e+00,-7.155417527999326843e+00,-6.484597134749389369e+00,-5.142956348249516196e+00,-4.248529157249600452e+00,-2.236067977499789805e+00,-3.354101966249684263e+00,-2.906888370749726391e+00,-3.354101966249684263e+00,-2.236067977499789805e+00,-2.236067977499789805e+00,-2.236067977499789639e-01,-6.708203932499369193e-01,-1.118033988749894903e+00,-1.341640786499873839e+00,-2.236067977499789805e+00,-6.708203932499369193e-01,1.118033988749894903e+00,-8.944271909999158554e-01,-2.236067977499789805e+00,-4.248529157249600452e+00,-1.118033988749894903e+00,-8.944271909999158554e-01,-2.236067977499789639e-01,-1.565247584249852775e+00,-2.683281572999747677e+00,-3.130495168499705549e+00,-2.906888370749726391e+00,-4.472135954999579610e+00,-3.354101966249684263e+00,-2.236067977499789805e+00,-3.354101966249684263e+00,-2.459674775249768519e+00,-3.354101966249684263e+00,-4.248529157249600452e+00,-2.906888370749726391e+00,-2.683281572999747677e+00,-4.248529157249600452e+00,-3.354101966249684263e+00,-3.577708763999663422e+00,-2.683281572999747677e+00,-2.459674775249768519e+00,-4.248529157249600452e+00,-2.012461179749810647e+00,-1.565247584249852775e+00,-4.472135954999579277e-01,-2.012461179749810647e+00,-2.906888370749726391e+00,-4.472135954999579610e+00,-3.354101966249684263e+00,-2.012461179749810647e+00,-8.944271909999158554e-01,-2.906888370749726391e+00,-2.683281572999747677e+00,-5.590169943749473624e+00,-4.472135954999579610e+00,-4.248529157249600452e+00,-4.919349550499537038e+00,-2.906888370749726391e+00,-3.801315561749642136e+00,-3.354101966249684263e+00,-1.341640786499873839e+00,-2.683281572999747677e+00,-4.248529157249600452e+00,-4.695742752749557880e+00,-5.366563145999495354e+00,-4.919349550499537038e+00,-6.260990336999411099e+00,-5.590169943749473624e+00,-4.472135954999579610e+00,-4.472135954999579610e+00,-6.037383539249431941e+00,-5.142956348249516196e+00,-3.354101966249684263e+00,-4.472135954999579610e+00,-4.248529157249600452e+00,-2.236067977499789805e+00,-3.130495168499705549e+00,-1.565247584249852775e+00,2.236067977499789639e-01,4.472135954999579277e-01,1.565247584249852775e+00,1.118033988749894903e+00,1.565247584249852775e+00,1.118033988749894903e+00,6.708203932499369193e-01,2.459674775249768519e+00,4.024922359499621294e+00,4.472135954999579610e+00,3.130495168499705549e+00,1.565247584249852775e+00,-8.944271909999158554e-01,-4.472135954999579277e-01,6.708203932499369193e-01,4.472135954999579277e-01,-2.236067977499789639e-01,0.000000000000000000e+00,-2.236067977499789805e+00,-1.341640786499873839e+00,-1.118033988749894903e+00,-1.341640786499873839e+00,2.236067977499789639e-01,2.236067977499789639e-01,-1.118033988749894903e+00,-1.565247584249852775e+00,-1.788854381999831711e+00,4.472135954999579277e-01,-1.341640786499873839e+00,-2.459674775249768519e+00,-1.565247584249852775e+00,-2.236067977499789805e+00,-2.459674775249768519e+00,-3.801315561749642136e+00,-3.801315561749642136e+00,-6.037383539249431941e+00,-5.142956348249516196e+00,-3.801315561749642136e+00,-4.248529157249600452e+00,-4.024922359499621294e+00,-4.024922359499621294e+00,-3.130495168499705549e+00,-3.577708763999663422e+00,-3.577708763999663422e+00,-4.472135954999579610e+00,-3.801315561749642136e+00,-2.906888370749726391e+00,-1.341640786499873839e+00,1.118033988749894903e+00,2.236067977499789639e-01,2.236067977499789639e-01,4.472135954999579277e-01,2.459674775249768519e+00,4.248529157249600452e+00,5.142956348249516196e+00,4.248529157249600452e+00,1.788854381999831711e+00,1.565247584249852775e+00,1.565247584249852775e+00,1.565247584249852775e+00,6.708203932499369193e-01,2.236067977499789805e+00,2.906888370749726391e+00,2.012461179749810647e+00,4.472135954999579277e-01,8.944271909999158554e-01,1.565247584249852775e+00,6.708203932499369193e-01,2.459674775249768519e+00,2.012461179749810647e+00,1.565247584249852775e+00,2.906888370749726391e+00,3.354101966249684263e+00,4.248529157249600452e+00,6.484597134749389369e+00,5.590169943749473624e+00,5.366563145999495354e+00,5.813776741499452783e+00,5.590169943749473624e+00,6.037383539249431941e+00,7.602631123499284271e+00,6.484597134749389369e+00,7.155417527999326843e+00,4.695742752749557880e+00,4.472135954999579610e+00,4.919349550499537038e+00,4.248529157249600452e+00,2.459674775249768519e+00,2.906888370749726391e+00,4.472135954999579610e+00,1.341640786499873839e+00,6.708203932499369193e-01,2.236067977499789639e-01,-1.788854381999831711e+00,-8.944271909999158554e-01,6.708203932499369193e-01,-4.472135954999579277e-01,-2.236067977499789639e-01,1.341640786499873839e+00,1.341640786499873839e+00,1.341640786499873839e+00,1.788854381999831711e+00,1.565247584249852775e+00,3.130495168499705549e+00,6.708203932499369193e-01,6.708203932499369193e-01,-4.472135954999579277e-01,-1.341640786499873839e+00,-3.130495168499705549e+00,-2.906888370749726391e+00,-3.130495168499705549e+00,-3.354101966249684263e+00,-4.919349550499537038e+00,-3.577708763999663422e+00,-2.906888370749726391e+00,-5.142956348249516196e+00,-4.248529157249600452e+00,-5.366563145999495354e+00,-4.695742752749557880e+00,-5.142956348249516196e+00,-4.472135954999579610e+00,-3.130495168499705549e+00,-1.341640786499873839e+00,-8.944271909999158554e-01,-6.708203932499369193e-01,-2.459674775249768519e+00,-1.788854381999831711e+00
4.472135954999579277e-01,2.459674775249768519e+00,1.565247584249852775e+00,0.000000000000000000e+00,6.708203932499369193e-01,1.118033988749894903e+00,1.788854381999831711e+00,1.565247584249852775e+00,-8.944271909999158554e-01,1.118033988749894903e+00,2.236067977499789639e-01,-4.472135954999579277e-01,6.708203932499369193e-01,2.236067977499789639e-01,2.236067977499789639e-01,-1.565247584249852775e+00,-2.236067977499789639e-01,-1.118033988749894903e+00,-1.788854381999831711e+00,-3.354101966249684263e+00,-2.012461179749810647e+00,-3.354101966249684263e+00,-3.354101966249684263e+00,-3.130495168499705549e+00,-3.130495168499705549e+00,-1.788854381999831711e+00,-1.565247584249852775e+00,-3.801315561749642136e+00,-3.577708763999663422e+00,-2.236067977499789805e+00,2.236067977499789639e-01,1.341640786499873839e+00,-4.472135954999579277e-01,-8.944271909999158554e-01,-2.012461179749810647e+00,-6.708203932499369193e-01,8.944271909999158554e-01,1.341640786499873839e+00,4.472135954999579277e-01,8.944271909999158554e-01,1.341640786499873839e+00,1.341640786499873839e+00,1.341640786499873839e+00,2.459674775249768519e+00,3.130495168499705549e+00,2.012461179749810647e+00,8.944271909999158554e-01,6.708203932499369193e-01,-3.801315561749642136e+00,-1.341640786499873839e+00,-1.341640786499873839e+00,-1.341640786499873839e+00,-2.012461179749810647e+00,-2.459674775249768519e+00,-2.906888370749726391e+00,-2.906888370749726391e+00,-5.142956348249516196e+00,-4.695742752749557880e+00,-4.024922359499621294e+00,-4.695742752749557880e+00,-5.590169943749473624e+00,-5.813776741499452783e+00,-4.695742752749557880e+00,-3.577708763999663422e+00,-4.248529157249600452e+00,-6.260990336999411099e+00,-4.695742752749557880e+00,-3.577708763999663422e+00,-4.919349550499537038e+00,-5.142956348249516196e+00,-4.024922359499621294e+00,-3.130495168499705549e+00,-1.565247584249852775e+00,-1.341640786499873839e+00,0.000000000000000000e+00,-2.236067977499789639e-01,-2.236067977499789639e-01,-8.944271909999158554e-01,-8.944271909999158554e-01,-1.118033988749894903e+00,-2.236067977499789805e+00,-4.472135954999579277e-01,-6.708203932499369193e-01,1.565247584249852775e+00,3.130495168499705549e+00,4.919349550499537038e+00,4.472135954999579610e+00,2.906888370749726391e+00,2.012461179749810647e+00,1.788854381999831711e+00,3.577708763999663422e+00,2.906888370749726391e+00,1.341640786499873839e+00,-8.944271909999158554e-01,-8.944271909999158554e-01,-8.944271909999158554e-01,-1.788854381999831711e+00,-2.459674775249768519e+00,-2.012461179749810647e+00,-2.012461179749810647e+00,-3.354101966249684263e+00,-2.683281572999747677e+00,-3.130495168499705549e+00,-2.236067977499789805e+00,-2.906888370749726391e+00,-3.354101966249684263e+00,-3.801315561749642136e+00,-4.024922359499621294e+00,-5.590169943749473624e+00,-5.813776741499452783e+00,-5.813776741499452783e+00,-6.931810730249347685e+00,-8.273451516749220858e+00,-9.167878707749137490e+00,-9.167878707749137490e+00,-7.379024325749306001e+00,-6.037383539249431941e+00,-4.695742752749557880e+00,-4.919349550499537038e+00,-2.459674775249768519e+00,-3.130495168499705549e+00,-3.801315561749642136e+00,-6.484597134749389369e+00,-7.379024325749306001e+00,-7.602631123499284271e+00,-7.379024325749306001e+00,-6.260990336999411099e+00,-6.708203932499368527e+00,-7.155417527999326843e+00,-8.049844718999242588e+00,-6.931810730249347685e+00,-7.379024325749306001e+00,-7.602631123499284271e+00,-8.273451516749220858e+00,-7.379024325749306001e+00,-5.813776741499452783e+00,-3.354101966249684263e+00,-2.236067977499789805e+00,-2.906888370749726391e+00,-6.708203932499369193e-01,-1.565247584249852775e+00,-2.012461179749810647e+00,-2.012461179749810647e+00,-1.565247584249852775e+00,6.708203932499369193e-01,-1.341640786499873839e+00,8.944271909999158554e-01,2.236067977499789639e-01,6.708203932499369193e-01,1.565247584249852775e+00,0.000000000000000000e+00,4.472135954999579277e-01,6.708203932499369193e-01,1.118033988749894903e+00,1.565247584249852775e+00,2.012461179749810647e+00,2.236067977499789639e-01,4.472135954999579277e-01,1.118033988749894903e+00,2.012461179749810647e+00,1.341640786499873839e+00,2.236067977499789805e+00,3.577708763999663422e+00,3.801315561749642136e+00,4.695742752749557880e+00,4.472135954999579610e+00,5.813776741499452783e+00,4.472135954999579610e+00,6.260990336999411099e+00,7.826237921249263430e+00,8.497058314499200904e+00,7.826237921249263430e+00,6.037383539249431941e+00,7.826237921249263430e+00,8.049844718999242588e+00,9.167878707749137490e+00,8.049844718999242588e+00,7.379024325749306001e+00,6.484597134749389369e+00,5.590169943749473624e+00,5.142956348249516196e+00,7.826237921249263430e+00,6.260990336999411099e+00,5.366563145999495354e+00,6.037383539249431941e+00,6.484597134749389369e+00,6.037383539249431941e+00,5.366563145999495354e+00,4.919349550499537038e+00,4.919349550499537038e+00,4.919349550499537038e+00,4.024922359499621294e+00,3.130495168499705549e+00,4.472135954999579610e+00,5.590169943749473624e+00,6.931810730249347685e+00,6.931810730249347685e+00,6.037383539249431941e+00,6.260990336999411099e+00,6.484597134749389369e+00,5.366563145999495354e+00,4.695742752749557880e+00,4.024922359499621294e+00,3.801315561749642136e+00,4.919349550499537038e+00,4.919349550499537038e+00,4.695742752749557880e+00,1.118033988749894903e+00,1.788854381999831711e+00,3.130495168499705549e+00,1.565247584249852775e+00,1.565247584249852775e+00,8.944271909999158554e-01,-4.472135954999579277e-01,-1.341640786499873839e+00,-1.118033988749894903e+00,1.118033988749894903e+00,1.118033988749894903e+00,1.118033988749894903e+00,4.472135954999579277e-01,1.118033988749894903e+00,0.000000000000000000e+00,1.565247584249852775e+00,8.944271909999158554e-01,2.012461179749810647e+00,8.944271909999158554e-01,2.236067977499789639e-01,-2.012461179749810647e+00,-1.118033988749894903e+00,-2.459674775249768519e+00,-2.683281572999747677e+00,-2.683281572999747677e+00,-1.118033988749894903e+00,-2.683281572999747677e+00,-1.788854381999831711e+00,-2.236067977499789805e+00,-2.012461179749810647e+00,-2.236067977499789805e+00,-1.118033988749894903e+00,-1.118033988749894903e+00,1.118033988749894903e+00,0.000000000000000000e+00,8.944271909999158554e-01,6.708203932499369193e-01,2.236067977499789639e-01,8.944271909999158554e-01,4.472135954999579277e-01,-4.472135954999579277e-01,-6.708203932499369193e-01,-6.708203932499369193e-01,-1.788854381999831711e+00,-2.012461179749810647e+00,-2.459674775249768519e+00,-8.944271909999158554e-01,-2.236067977499789639e-01,6.708203932499369193e-01,-1.341640786499873839e+00,-1.565247584249852775e+00,-2.236067977499789639e-01,-1.118033988749894903e+00,-2.236067977499789639e-01,4.472135954999579277e-01,8.944271909999158554e-01,8.944271909999158554e-01,-1.565247584249852775e+00,-2.012461179749810647e+00,-6.708203932499369193e-01,8.944271909999158554e-01,4.472135954999579277e-01,4.472135954999579277e-01,-4.472135954999579277e-01,0.000000000000000000e+00,-2.236067977499789639e-01,2.683281572999747677e+00,2.459674775249768519e+00,4.472135954999579277e-01,6.708203932499369193e-01,1.118033988749894903e+00,8.944271909999158554e-01,-8.944271909999158554e-01,2.236067977499789639e-01,-2.236067977499789805e+00,-2.683281572999747677e+00,-2.459674775249768519e+00,-1.788854381999831711e+00,-2.236067977499789805e+00,-2.683281572999747677e+00,-3.801315561749642136e+00,-2.236067977499789805e+00,-4.919349550499537038e+00,-4.695742752749557880e+00,-2.906888370749726391e+00,-6.708203932499369193e-01,-1.788854381999831711e+00,0.000000000000000000e+00,0.000000000000000000e+00,1.788854381999831711e+00,8.944271909999158554e-01,4.472135954999579277e-01,1.118033988749894903e+00,6.708203932499369193e-01,8.944271909999158554e-01,0.000000000000000000e+00,2.236067977499789805e+00,2.906888370749726391e+00,2.236067977499789805e+00,1.341640786499873839e+00,2.236067977499789639e-01,-4.472135954999579277e-01,1.341640786499873839e+00,-1.565247584249852775e+00,-2.459674775249768519e+00,-2.683281572999747677e+00,-2.683281572999747677e+00,-2.012461179749810647e+00,-1.788854381999831711e+00,-1.341640786499873839e+00,-1.341640786499873839e+00,-2.683281572999747677e+00,-2.236067977499789805e+00,-2.683281572999747677e+00,-4.472135954999579610e+00,-4.695742752749557880e+00,-4.248529157249600452e+00,-5.590169943749473624e+00,-4.472135954999579610e+00,-5.366563145999495354e+00,-6.037383539249431941e+00,-4.695742752749557880e+00,-4.919349550499537038e+00,-2.012461179749810647e+00,-5.590169943749473624e+00,-4.248529157249600452e+00,-5.813776741499452783e+00,-4.248529157249600452e+00,-3.801315561749642136e+00,-4.248529157249600452e+00,-3.354101966249684263e+00,-2.906888370749726391e+00,-3.130495168499705549e+00,-1.788854381999831711e+00,-2.683281572999747677e+00,-2.459674775249768519e+00,-1.341640786499873839e+00,-2.012461179749810647e+00,-8.944271909999158554e-01,-1.565247584249852775e+00,-1.565247584249852775e+00,-1.565247584249852775e+00,-1.118033988749894903e+00,4.472135954999579277e-01,6.708203932499369193e-01,-1.118033988749894903e+00,-4.472135954999579277e-01,-2.236067977499789639e-01,4.472135954999579277e-01,-6.708203932499369193e-01,0.000000000000000000e+00,-4.472135954999579277e-01,-4.472135954999579277e-01,-1.118033988749894903e+00,-6.708203932499369193e-01,1.341640786499873839e+00,4.472135954999579277e-01,3.130495168499705549e+00,4.472135954999579610e+00,2.459674775249768519e+00,2.906888370749726391e+00,2.012461179749810647e+00,-4.472135954999579277e-01,-2.683281572999747677e+00,-2.683281572999747677e+00,-2.236067977499789805e+00,-8.944271909999158554e-01,-1.788854381999831711e+00,-2.236067977499789805e+00,-3.354101966249684263e+00,-3.577708763999663422e+00,-3.801315561749642136e+00,-4.695742752749557880e+00,-4.248529157249600452e+00,-6.037383539249431941e+00,-7.155417527999326843e+00,-7.826237921249263430e+00,-7.379024325749306001e+00,-8.049844718999242588e+00,-6.708203932499368527e+00,-6.931810730249347685e+00,-6.931810730249347685e+00,-6.708203932499368527e+00,-6.037383539249431941e+00,-5.590169943749473624e+00,-6.260990336999411099e+00,-6.708203932499368527e+00,-6.037383539249431941e+00,-4.919349550499537038e+00,-7.602631123499284271e+00,-8.049844718999242588e+00,-7.155417527999326843e+00,-7.155417527999326843e+00,-8.497058314499200904e+00,-8.273451516749220858e+00,-8.273451516749220858e+00,-8.944271909999159220e+00,-8.049844718999242588e+00,-8.720665112249179174e+00,-8.944271909999159220e+00,-9.167878707749137490e+00,-8.944271909999159220e+00,-8.944271909999159220e+00,-8.049844718999242588e+00,-8.944271909999159220e+00,-8.497058314499200904e+00,-1.006230589874905235e+01,-1.006230589874905235e+01,-7.826237921249263430e+00,-4.248529157249600452e+00,-3.801315561749642136e+00,-2.012461179749810647e+00,-1.788854381999831711e+00,-2.236067977499789805e+00,-4.472135954999579610e+00,-3.577708763999663422e+00,-3.130495168499705549e+00,-2.683281572999747677e+00,-1.341640786499873839e+00,-2.236067977499789805e+00,-3.801315561749642136e+00,-4.695742752749557880e+00,-3.577708763999663422e+00,-4.248529157249600452e+00,-4.024922359499621294e+00,-2.012461179749810647e+00,-2.236067977499789805e+00,-2.236067977499789805e+00,-3.130495168499705549e+00,-3.801315561749642136e+00,-4.472135954999579610e+00,-6.260990336999411099e+00,-5.813776741499452783e+00,-5.142956348249516196e+00,-8.720665112249179174e+00,-7.826237921249263430e+00,-7.826237921249263430e+00,-7.826237921249263430e+00,-7.602631123499284271e+00,-5.813776741499452783e+00,-5.813776741499452783e+00,-4.919349550499537038e+00,-3.130495168499705549e+00,-2.236067977499789805e+00,-1.565247584249852775e+00,-2.012461179749810647e+00,-2.012461179749810647e+00,-2.236067977499789805e+00,-8.944271909999158554e-01,-2.012461179749810647e+00,-2.683281572999747677e+00,-4.024922359499621294e+00,-6.260990336999411099e+00,-5.590169943749473624e+00,-7.826237921249263430e+00,-7.155417527999326843e+00,-4.695742752749557880e+00,-3.577708763999663422e+00,-1.788854381999831711e+00,-1.565247584249852775e+00,-1.788854381999831711e+00,-3.577708763999663422e+00,-1.341640786499873839e+00,-2.236067977499789639e-01,-6.708203932499369193e-01,1.118033988749894903e+00,8.944271909999158554e-01,1.341640786499873839e+00,1.118033988749894903e+00,8.944271909999158554e-01,0.000000000000000000e+00,4.472135954999579277e-01,8.944271909999158554e-01,2.012461179749810647e+00,2.236067977499789805e+00,2.012461179749810647e+00,4.024922359499621294e+00,4.248529157249600452e+00,3.354101966249684263e+00,3.354101966249684263e+00,3.354101966249684263e+00,2.906888370749726391e+00,3.801315561749642136e+00,4.472135954999579610e+00,2.236067977499789805e+00,1.565247584249852775e+00,2.236067977499789805e+00,1.118033988749894903e+00,-4.472135954999579277e-01,-2.236067977499789639e-01,4.472135954999579277e-01,-1.788854381999831711e+00,-2.683281572999747677e+00
-3.801315561749642136e+00,-4.919349550499537038e+00,-5.142956348249516196e+00,-2.683281572999747677e+00,-2.012461179749810647e+00,-1.341640786499873839e+00,4.472135954999579277e-01,-1.788854381999831711e+00,-2.236067977499789805e+00,-1.341640786499873839e+00,-8.944271909999158554e-01,-1.118033988749894903e+00,-1.118033988749894903e+00,-1.341640786499873839e+00,-6.708203932499369193e-01,-2.683281572999747677e+00,-3.801315561749642136e+00,-2.459674775249768519e+00,-2.683281572999747677e+00,-2.012461179749810647e+00,-6.708203932499369193e-01,2.236067977499789639e-01,4.472135954999579277e-01,1.118033988749894903e+00,8.944271909999158554e-01,6.708203932499369193e-01,0.000000000000000000e+00,-6.708203932499369193e-01,-4.472135954999579277e-01,-6.708203932499369193e-01,-8.944271909999158554e-01,4.472135954999579277e-01,4.472135954999579277e-01,1.118033988749894903e+00,-6.708203932499369193e-01,-8.944271909999158554e-01,2.236067977499789639e-01,1.118033988749894903e+00,2.236067977499789805e+00,4.472135954999579610e+00,2.906888370749726391e+00,2.459674775249768519e+00,1.118033988749894903e+00,1.788854381999831711e+00,2.236067977499789639e-01,-4.472135954999579277e-01,-1.118033988749894903e+00,0.000000000000000000e+00,1.788854381999831711e+00,1.341640786499873839e+00,1.118033988749894903e+00,0.000000000000000000e+00,2.459674775249768519e+00,1.788854381999831711e+00,2.236067977499789805e+00,1.788854381999831711e+00,1.565247584249852775e+00,-1.341640786499873839e+00,4.472135954999579277e-01,-6.708203932499369193e-01,-2.012461179749810647e+00,-3.130495168499705549e+00,-4.472135954999579610e+00,-2.906888370749726391e+00,-2.459674775249768519e+00,-2.683281572999747677e+00,-3.130495168499705549e+00,-4.919349550499537038e+00,-3.130495168499705549e+00,-2.236067977499789805e+00,-1.565247584249852775e+00,-1.118033988749894903e+00,-6.708203932499369193e-01,2.236067977499789639e-01,8.944271909999158554e-01,1.565247584249852775e+00,2.236067977499789639e-01,0.000000000000000000e+00,2.236067977499789639e-01,6.708203932499369193e-01,2.236067977499789639e-01,6.708203932499369193e-01,0.000000000000000000e+00,-4.472135954999579277e-01,2.236067977499789639e-01,-1.788854381999831711e+00,8.944271909999158554e-01,0.000000000000000000e+00,6.708203932499369193e-01,-2.236067977499789639e-01,6.708203932499369193e-01,2.012461179749810647e+00,3.801315561749642136e+00,6.260990336999411099e+00,4.472135954999579610e+00,3.130495168499705549e+00,2.236067977499789805e+00,2.236067977499789805e+00,2.459674775249768519e+00,2.906888370749726391e+00,3.354101966249684263e+00,2.236067977499789805e+00,2.683281572999747677e+00,2.236067977499789805e+00,2.012461179749810647e+00,1.565247584249852775e+00,-2.236067977499789639e-01,-1.341640786499873839e+00,-3.354101966249684263e+00,-4.024922359499621294e+00,-2.683281572999747677e+00,-2.012461179749810647e+00,-2.012461179749810647e+00,-1.788854381999831711e+00,-1.118033988749894903e+00,4.472135954999579277e-01,2.236067977499789805e+00,3.130495168499705549e+00,3.130495168499705549e+00,-4.472135954999579277e-01,2.236067977499789639e-01,-8.944271909999158554e-01,-1.118033988749894903e+00,8.944271909999158554e-01,4.472135954999579277e-01,-8.944271909999158554e-01,0.000000000000000000e+00,-1.788854381999831711e+00,-6.708203932499369193e-01,-1.788854381999831711e+00,-2.906888370749726391e+00,-2.236067977499789805e+00,-2.459674775249768519e+00,-2.906888370749726391e+00,-2.683281572999747677e+00,-2.683281572999747677e+00,-3.354101966249684263e+00,-2.459674775249768519e+00,-2.906888370749726391e+00,-2.683281572999747677e+00,-4.919349550499537038e+00,-6.037383539249431941e+00,-5.142956348249516196e+00,-4.472135954999579610e+00,-3.577708763999663422e+00,-3.130495168499705549e+00,-4.472135954999579610e+00,-2.459674775249768519e+00,-1.565247584249852775e+00,-1.565247584249852775e+00,-4.472135954999579277e-01,-6.708203932499369193e-01,4.472135954999579277e-01,-2.236067977499789639e-01,-1.118033988749894903e+00,6.708203932499369193e-01,2.683281572999747677e+00,2.459674775249768519e+00,1.341640786499873839e+00,-6.708203932499369193e-01,1.565247584249852775e+00,0.000000000000000000e+00,-1.565247584249852775e+00,-2.683281572999747677e+00,-8.944271909999158554e-01,-1.341640786499873839e+00,-1.788854381999831711e+00,8.944271909999158554e-01,6.708203932499369193e-01,6.708203932499369193e-01,0.000000000000000000e+00,0.000000000000000000e+00,-4.472135954999579277e-01,-1.118033988749894903e+00,4.472135954999579277e-01,-4.472135954999579277e-01,-6.708203932499369193e-01,-6.708203932499369193e-01,-1.565247584249852775e+00,-3.130495168499705549e+00,-5.366563145999495354e+00,-5.142956348249516196e+00,-6.484597134749389369e+00,-7.379024325749306001e+00,-7.826237921249263430e+00,-7.155417527999326843e+00,-6.931810730249347685e+00,-6.037383539249431941e+00,-4.472135954999579610e+00,-3.354101966249684263e+00,-1.788854381999831711e+00,-3.354101966249684263e+00,-1.788854381999831711e+00,-3.801315561749642136e+00,-3.577708763999663422e+00,-2.236067977499789805e+00,-4.695742752749557880e+00,-4.024922359499621294e+00,-2.236067977499789805e+00,6.708203932499369193e-01,2.236067977499789639e-01,6.708203932499369193e-01,2.459674775249768519e+00,2.683281572999747677e+00,8.944271909999158554e-01,1.118033988749894903e+00,-8.944271909999158554e-01,-2.236067977499789639e-01,-8.944271909999158554e-01,-1.565247584249852775e+00,-2.683281572999747677e+00,-1.565247584249852775e+00,-2.012461179749810647e+00,-3.354101966249684263e+00,-6.708203932499369193e-01,2.012461179749810647e+00,2.012461179749810647e+00,4.472135954999579277e-01,2.236067977499789805e+00,3.577708763999663422e+00,4.024922359499621294e+00,1.788854381999831711e+00,2.012461179749810647e+00,8.944271909999158554e-01,1.565247584249852775e+00,1.565247584249852775e+00,1.565247584249852775e+00,2.012461179749810647e+00,2.236067977499789639e-01,-1.565247584249852775e+00,-2.236067977499789805e+00,-3.801315561749642136e+00,-4.024922359499621294e+00,-4.695742752749557880e+00,-4.695742752749557880e+00,-5.366563145999495354e+00,-4.695742752749557880e+00,-3.577708763999663422e+00,-2.236067977499789805e+00,-2.459674775249768519e+00,-8.944271909999158554e-01,-4.472135954999579277e-01,1.565247584249852775e+00,1.788854381999831711e+00,-6.708203932499369193e-01,-2.236067977499789639e-01,-1.118033988749894903e+00,0.000000000000000000e+00,-1.788854381999831711e+00,-3.130495168499705549e+00,-2.906888370749726391e+00,-2.906888370749726391e+00,-2.012461179749810647e+00,-1.118033988749894903e+00,-8.944271909999158554e-01,-1.118033988749894903e+00,-1.565247584249852775e+00,-4.472135954999579277e-01,-4.472135954999579277e-01,0.000000000000000000e+00,-2.012461179749810647e+00,-4.472135954999579277e-01,-2.459674775249768519e+00,-2.683281572999747677e+00,-3.130495168499705549e+00,-2.906888370749726391e+00,-2.683281572999747677e+00,-5.366563145999495354e+00,-5.366563145999495354e+00,-5.366563145999495354e+00,-4.919349550499537038e+00,-4.024922359499621294e+00,-5.813776741499452783e+00,-4.695742752749557880e+00,-3.354101966249684263e+00,-4.472135954999579610e+00,-4.919349550499537038e+00,-4.024922359499621294e+00,-4.024922359499621294e+00,-5.590169943749473624e+00,-3.801315561749642136e+00,-4.472135954999579610e+00,-3.577708763999663422e+00,-3.354101966249684263e+00,-3.354101966249684263e+00,-3.354101966249684263e+00,-4.024922359499621294e+00,-2.459674775249768519e+00,-4.472135954999579277e-01,8.944271909999158554e-01,2.906888370749726391e+00,2.236067977499789805e+00,4.248529157249600452e+00,4.248529157249600452e+00,4.024922359499621294e+00,3.577708763999663422e+00,1.341640786499873839e+00,1.565247584249852775e+00,-6.708203932499369193e-01,-2.012461179749810647e+00,-3.354101966249684263e+00,-4.024922359499621294e+00,-4.248529157249600452e+00,-2.683281572999747677e+00,-4.248529157249600452e+00,-3.354101966249684263e+00,-4.472135954999579610e+00,-3.801315561749642136e+00,-4.695742752749557880e+00,-2.906888370749726391e+00,-3.354101966249684263e+00,-4.472135954999579610e+00,-3.577708763999663422e+00,-4.248529157249600452e+00,-5.142956348249516196e+00,-4.248529157249600452e+00,-3.354101966249684263e+00,-4.472135954999579610e+00,-3.577708763999663422e+00,-5.813776741499452783e+00,-5.590169943749473624e+00,-4.248529157249600452e+00,-2.236067977499789639e-01,-1.118033988749894903e+00,-2.236067977499789805e+00,-2.459674775249768519e+00,-8.944271909999158554e-01,-1.341640786499873839e+00,-8.944271909999158554e-01,-2.236067977499789639e-01,8.944271909999158554e-01,1.118033988749894903e+00,-6.708203932499369193e-01,-1.788854381999831711e+00,-1.341640786499873839e+00,-1.788854381999831711e+00,-2.236067977499789639e-01,-1.788854381999831711e+00,1.118033988749894903e+00,2.683281572999747677e+00,2.236067977499789639e-01,-1.565247584249852775e+00,-1.118033988749894903e+00,-2.236067977499789639e-01,-2.236067977499789639e-01,-1.341640786499873839e+00,-6.708203932499369193e-01,4.472135954999579277e-01,0.000000000000000000e+00,-6.708203932499369193e-01,-1.788854381999831711e+00,-2.012461179749810647e+00,-2.236067977499789805e+00,-1.788854381999831711e+00,-6.708203932499369193e-01,-2.236067977499789639e-01,-2.012461179749810647e+00,-8.944271909999158554e-01,-1.788854381999831711e+00,-4.472135954999579277e-01,-8.944271909999158554e-01,-1.565247584249852775e+00,-6.708203932499369193e-01,-1.565247584249852775e+00,6.708203932499369193e-01,-4.472135954999579277e-01,0.000000000000000000e+00,-8.944271909999158554e-01,-1.341640786499873839e+00,-2.459674775249768519e+00,-3.130495168499705549e+00,-6.708203932499369193e-01,-1.788854381999831711e+00,-3.354101966249684263e+00,-3.130495168499705549e+00,-2.906888370749726391e+00,-3.354101966249684263e+00,-4.919349550499537038e+00,-5.142956348249516196e+00,-5.366563145999495354e+00,-6.484597134749389369e+00,-3.130495168499705549e+00,-4.695742752749557880e+00,-2.459674775249768519e+00,-2.236067977499789805e+00,-1.118033988749894903e+00,-6.708203932499369193e-01,6.708203932499369193e-01,4.472135954999579277e-01,1.341640786499873839e+00,0.000000000000000000e+00,-8.944271909999158554e-01,-2.459674775249768519e+00,-3.130495168499705549e+00,-3.130495168499705549e+00,-2.906888370749726391e+00,-4.024922359499621294e+00,-3.354101966249684263e+00,-2.683281572999747677e+00,-2.906888370749726391e+00,-2.236067977499789805e+00,-2.906888370749726391e+00,-2.683281572999747677e+00,-5.366563145999495354e+00,-6.931810730249347685e+00,-6.037383539249431941e+00,-5.590169943749473624e+00,-8.049844718999242588e+00,-6.484597134749389369e+00,-6.037383539249431941e+00,-6.037383539249431941e+00,-7.155417527999326843e+00,-7.379024325749306001e+00,-6.260990336999411099e+00,-5.142956348249516196e+00,-5.590169943749473624e+00,-3.801315561749642136e+00,-5.813776741499452783e+00,-6.037383539249431941e+00,-4.472135954999579610e+00,-3.130495168499705549e+00,-2.012461179749810647e+00,-6.708203932499369193e-01,-2.236067977499789639e-01,6.708203932499369193e-01,-8.944271909999158554e-01,-1.788854381999831711e+00,0.000000000000000000e+00,-2.012461179749810647e+00,-6.708203932499369193e-01,1.788854381999831711e+00,2.012461179749810647e+00,3.577708763999663422e+00,2.906888370749726391e+00,1.341640786499873839e+00,2.236067977499789639e-01,-6.708203932499369193e-01,-1.341640786499873839e+00,-1.118033988749894903e+00,-2.683281572999747677e+00,-1.788854381999831711e+00,-1.788854381999831711e+00,0.000000000000000000e+00,4.472135954999579277e-01,1.118033988749894903e+00,2.236067977499789805e+00,1.788854381999831711e+00,1.341640786499873839e+00,1.788854381999831711e+00,2.906888370749726391e+00,2.236067977499789805e+00,1.565247584249852775e+00,8.944271909999158554e-01,2.236067977499789639e-01,8.944271909999158554e-01,1.565247584249852775e+00,2.459674775249768519e+00,2.012461179749810647e+00,4.248529157249600452e+00,5.142956348249516196e+00,4.919349550499537038e+00,6.708203932499368527e+00,6.484597134749389369e+00,6.931810730249347685e+00,5.142956348249516196e+00,2.906888370749726391e+00,1.788854381999831711e+00,2.012461179749810647e+00,1.341640786499873839e+00,0.000000000000000000e+00,-6.708203932499369193e-01,-8.944271909999158554e-01,-1.788854381999831711e+00,-1.118033988749894903e+00,2.236067977499789639e-01,3.577708763999663422e+00,2.012461179749810647e+00,2.906888370749726391e+00,4.024922359499621294e+00,5.142956348249516196e+00,5.590169943749473624e+00,4.919349550499537038e+00,5.590169943749473624e+00,7.155417527999326843e+00,6.260990336999411099e+00,6.484597134749389369e+00,4.472135954999579610e+00,3.577708763999663422e+00,2.236067977499789805e+00,3.130495168499705549e+00,1.788854381999831711e+00,2.236067977499789805e+00,2.012461179749810647e+00,2.683281572999747677e+00,1.118033988749894903e+00,-2.236067977499789639e-01,-1.565247584249852775e+00,-2.906888370749726391e+00,-5.590169943749473624e+00,-3.354101966249684263e+00
-1.341640786499873839e+00,-1.565247584249852775e+00,-1.341640786499873839e+00,-2.012461179749810647e+00,-2.906888370749726391e+00,-2.459674775249768519e+00,-3.130495168499705549e+00,-2.236067977499789805e+00,-4.248529157249600452e+00,-3.354101966249684263e+00,-2.906888370749726391e+00,-2.236067977499789805e+00,-2.459674775249768519e+00,-3.577708763999663422e+00,-4.919349550499537038e+00,-1.788854381999831711e+00,-2.236067977499789805e+00,-3.354101966249684263e+00,-2.459674775249768519e+00,-2.459674775249768519e+00,-2.236067977499789805e+00,-2.906888370749726391e+00,-1.788854381999831711e+00,-8.944271909999158554e-01,-1.788854381999831711e+00,-1.341640786499873839e+00,-4.472135954999579277e-01,-1.118033988749894903e+00,-6.708203932499369193e-01,-6.708203932499369193e-01,4.472135954999579277e-01,-2.236067977499789639e-01,-4.472135954999579277e-01,0.000000000000000000e+00,-4.472135954999579277e-01,-8.944271909999158554e-01,-1.341640786499873839e+00,-3.577708763999663422e+00,-3.354101966249684263e+00,-2.459674775249768519e+00,-2.906888370749726391e+00,-2.683281572999747677e+00,-1.341640786499873839e+00,-3.130495168499705549e+00,-2.459674775249768519e+00,-2.683281572999747677e+00,-2.012461179749810647e+00,-2.683281572999747677e+00,-3.801315561749642136e+00,-4.248529157249600452e+00,-2.683281572999747677e+00,-2.459674775249768519e+00,-2.012461179749810647e+00,-1.341640786499873839e+00,6.708203932499369193e-01,-8.944271909999158554e-01,2.236067977499789639e-01,-2.236067977499789639e-01,8.944271909999158554e-01,2.236067977499789805e+00,2.683281572999747677e+00,3.130495168499705549e+00,-4.472135954999579277e-01,0.000000000000000000e+00,-4.472135954999579277e-01,-4.472135954999579277e-01,-6.708203932499369193e-01,2.236067977499789639e-01,0.000000000000000000e+00,-4.472135954999579277e-01,-4.248529157249600452e+00,-4.024922359499621294e+00,-4.472135954999579610e+00,-4.695742752749557880e+00,-4.472135954999579610e+00,-3.577708763999663422e+00,-4.248529157249600452e+00,-2.459674775249768519e+00,0.000000000000000000e+00,-2.236067977499789639e-01,-4.472135954999579277e-01,-1.341640786499873839e+00,-1.341640786499873839e+00,-1.341640786499873839e+00,-2.906888370749726391e+00,-1.788854381999831711e+00,-2.459674775249768519e+00,-3.130495168499705549e+00,-6.708203932499369193e-01,2.236067977499789639e-01,-1.118033988749894903e+00,-2.459674775249768519e+00,-2.236067977499789805e+00,-2.906888370749726391e+00,-2.906888370749726391e+00,-1.565247584249852775e+00,-1.565247584249852775e+00,0.000000000000000000e+00,-1.565247584249852775e+00,-1.788854381999831711e+00,-3.130495168499705549e+00,-2.683281572999747677e+00,-2.236067977499789805e+00,-4.024922359499621294e+00,-5.142956348249516196e+00,-4.919349550499537038e+00,-4.472135954999579610e+00,-4.695742752749557880e+00,-4.919349550499537038e+00,-5.142956348249516196e+00,-6.037383539249431941e+00,-6.260990336999411099e+00,-7.379024325749306001e+00,-5.813776741499452783e+00,-4.919349550499537038e+00,-4.919349550499537038e+00,-4.695742752749557880e+00,-3.801315561749642136e+00,-5.142956348249516196e+00,-6.037383539249431941e+00,-4.919349550499537038e+00,-8.497058314499200904e+00,-6.037383539249431941e+00,-4.695742752749557880e+00,-4.695742752749557880e+00,-5.142956348249516196e+00,-6.260990336999411099e+00,-6.708203932499368527e+00,-5.366563145999495354e+00,-5.590169943749473624e+00,-7.155417527999326843e+00,-4.472135954999579610e+00,-2.683281572999747677e+00,-2.683281572999747677e+00,-3.354101966249684263e+00,-3.801315561749642136e+00,-4.024922359499621294e+00,-2.906888370749726391e+00,-2.906888370749726391e+00,-1.565247584249852775e+00,-2.012461179749810647e+00,-1.118033988749894903e+00,-2.906888370749726391e+00,-1.788854381999831711e+00,-2.012461179749810647e+00,-3.354101966249684263e+00,-3.354101966249684263e+00,-3.130495168499705549e+00,-3.130495168499705549e+00,-3.130495168499705549e+00,-3.130495168499705549e+00,-1.788854381999831711e+00,0.000000000000000000e+00,-1.118033988749894903e+00,-2.236067977499789639e-01,4.472135954999579277e-01,-1.565247584249852775e+00,-3.354101966249684263e+00,-2.012461179749810647e+00,-4.472135954999579277e-01,2.236067977499789639e-01,-4.472135954999579277e-01,0.000000000000000000e+00,4.472135954999579277e-01,0.000000000000000000e+00,-1.565247584249852775e+00,-8.944271909999158554e-01,-2.459674775249768519e+00,-8.944271909999158554e-01,-1.341640786499873839e+00,-1.565247584249852775e+00,2.236067977499789639e-01,8.944271909999158554e-01,-4.472135954999579277e-01,-4.472135954999579277e-01,-6.708203932499369193e-01,-1.565247584249852775e+00,-1.788854381999831711e+00,-2.012461179749810647e+00,-8.944271909999158554e-01,-8.944271909999158554e-01,2.236067977499789639e-01,0.000000000000000000e+00,2.236067977499789639e-01,-8.944271909999158554e-01,-8.944271909999158554e-01,-8.944271909999158554e-01,-1.565247584249852775e+00,-2.906888370749726391e+00,-1.788854381999831711e+00,-1.565247584249852775e+00,-6.708203932499369193e-01,-2.012461179749810647e+00,0.000000000000000000e+00,2.236067977499789639e-01,-2.236067977499789639e-01,2.459674775249768519e+00,3.577708763999663422e+00,4.472135954999579610e+00,5.142956348249516196e+00,3.801315561749642136e+00,3.354101966249684263e+00,4.024922359499621294e+00,5.142956348249516196e+00,4.919349550499537038e+00,5.142956348249516196e+00,6.037383539249431941e+00,6.260990336999411099e+00,6.708203932499368527e+00,5.590169943749473624e+00,3.577708763999663422e+00,2.683281572999747677e+00,2.906888370749726391e+00,3.801315561749642136e+00,2.683281572999747677e+00,2.236067977499789805e+00,3.130495168499705549e+00,2.236067977499789805e+00,2.459674775249768519e+00,1.788854381999831711e+00,1.341640786499873839e+00,2.906888370749726391e+00,2.012461179749810647e+00,3.130495168499705549e+00,3.577708763999663422e+00,2.459674775249768519e+00,3.354101966249684263e+00,1.788854381999831711e+00,-2.236067977499789639e-01,-4.472135954999579277e-01,2.683281572999747677e+00,1.118033988749894903e+00,2.906888370749726391e+00,3.801315561749642136e+00,3.577708763999663422e+00,3.577708763999663422e+00,1.788854381999831711e+00,2.012461179749810647e+00,2.236067977499789805e+00,2.012461179749810647e+00,1.341640786499873839e+00,1.565247584249852775e+00,1.341640786499873839e+00,1.788854381999831711e+00,1.788854381999831711e+00,2.236067977499789805e+00,2.459674775249768519e+00,3.801315561749642136e+00,3.801315561749642136e+00,4.248529157249600452e+00,2.683281572999747677e+00,1.341640786499873839e+00,-2.236067977499789639e-01,-4.472135954999579277e-01,-1.341640786499873839e+00,-8.944271909999158554e-01,-2.683281572999747677e+00,0.000000000000000000e+00,-2.236067977499789639e-01,-1.565247584249852775e+00,-2.012461179749810647e+00,-2.459674775249768519e+00,-2.906888370749726391e+00,-2.906888370749726391e+00,-4.472135954999579610e+00,-4.024922359499621294e+00,-1.565247584249852775e+00,-2.683281572999747677e+00,-2.012461179749810647e+00,-4.472135954999579610e+00,-5.366563145999495354e+00,-5.366563145999495354e+00,-7.155417527999326843e+00,-7.379024325749306001e+00,-3.577708763999663422e+00,-5.142956348249516196e+00,-3.130495168499705549e+00,-3.354101966249684263e+00,-2.459674775249768519e+00,-3.577708763999663422e+00,-4.024922359499621294e+00,-4.024922359499621294e+00,-3.577708763999663422e+00,-2.459674775249768519e+00,-2.012461179749810647e+00,-2.906888370749726391e+00,-2.459674775249768519e+00,-3.801315561749642136e+00,-4.024922359499621294e+00,-2.906888370749726391e+00,-4.024922359499621294e+00,-4.472135954999579610e+00,-4.472135954999579610e+00,-4.472135954999579610e+00,-3.577708763999663422e+00,-3.577708763999663422e+00,-2.012461179749810647e+00,-1.341640786499873839e+00,0.000000000000000000e+00,-6.708203932499369193e-01,0.000000000000000000e+00,-2.236067977499789639e-01,1.788854381999831711e+00,-2.236067977499789639e-01,1.118033988749894903e+00,1.118033988749894903e+00,2.459674775249768519e+00,3.130495168499705549e+00,0.000000000000000000e+00,-4.472135954999579277e-01,1.341640786499873839e+00,2.683281572999747677e+00,3.801315561749642136e+00,4.695742752749557880e+00,4.472135954999579610e+00,4.695742752749557880e+00,3.577708763999663422e+00,3.354101966249684263e+00,2.906888370749726391e+00,2.683281572999747677e+00,1.118033988749894903e+00,2.906888370749726391e+00,1.118033988749894903e+00,1.788854381999831711e+00,4.472135954999579277e-01,1.341640786499873839e+00,1.788854381999831711e+00,8.944271909999158554e-01,8.944271909999158554e-01,2.683281572999747677e+00,3.577708763999663422e+00,4.248529157249600452e+00,2.012461179749810647e+00,2.906888370749726391e+00,3.801315561749642136e+00,3.577708763999663422e+00,4.695742752749557880e+00,5.142956348249516196e+00,4.248529157249600452e+00,1.565247584249852775e+00,2.906888370749726391e+00,3.354101966249684263e+00,3.354101966249684263e+00,6.708203932499369193e-01,2.236067977499789639e-01,-1.565247584249852775e+00,-3.130495168499705549e+00,-2.683281572999747677e+00,-1.341640786499873839e+00,4.472135954999579277e-01,-2.236067977499789639e-01,3.577708763999663422e+00,1.788854381999831711e+00,1.118033988749894903e+00,1.118033988749894903e+00,1.341640786499873839e+00,1.118033988749894903e+00,2.683281572999747677e+00,3.577708763999663422e+00,3.130495168499705549e+00,3.577708763999663422e+00,2.459674775249768519e+00,8.944271909999158554e-01,8.944271909999158554e-01,6.708203932499369193e-01,-6.708203932499369193e-01,-2.236067977499789639e-01,4.472135954999579277e-01,-8.944271909999158554e-01,-3.577708763999663422e+00,-4.248529157249600452e+00,-3.130495168499705549e+00,-2.906888370749726391e+00,-3.130495168499705549e+00,-2.683281572999747677e+00,-2.012461179749810647e+00,-2.683281572999747677e+00,-3.130495168499705549e+00,-3.801315561749642136e+00,-4.919349550499537038e+00,-4.472135954999579610e+00,-4.919349550499537038e+00,-4.024922359499621294e+00,-4.919349550499537038e+00,-3.130495168499705549e+00,-2.683281572999747677e+00,-2.459674775249768519e+00,2.236067977499789639e-01,2.236067977499789805e+00,3.130495168499705549e+00,3.354101966249684263e+00,2.683281572999747677e+00,1.565247584249852775e+00,1.565247584249852775e+00,2.012461179749810647e+00,1.788854381999831711e+00,2.683281572999747677e+00,1.341640786499873839e+00,1.565247584249852775e+00,1.341640786499873839e+00,1.788854381999831711e+00,2.236067977499789805e+00,3.130495168499705549e+00,1.565247584249852775e+00,3.354101966249684263e+00,2.459674775249768519e+00,4.024922359499621294e+00,3.801315561749642136e+00,4.472135954999579610e+00,3.130495168499705549e+00,2.683281572999747677e+00,2.683281572999747677e+00,6.708203932499369193e-01,1.118033988749894903e+00,1.788854381999831711e+00,2.236067977499789639e-01,1.118033988749894903e+00,2.236067977499789639e-01,-4.472135954999579277e-01,2.236067977499789639e-01,0.000000000000000000e+00,1.788854381999831711e+00,1.788854381999831711e+00,2.236067977499789805e+00,3.130495168499705549e+00,2.459674775249768519e+00,2.906888370749726391e+00,2.012461179749810647e+00,1.118033988749894903e+00,4.472135954999579277e-01,1.565247584249852775e+00,1.118033988749894903e+00,8.944271909999158554e-01,1.565247584249852775e+00,2.236067977499789639e-01,-2.236067977499789639e-01,6.708203932499369193e-01,-4.472135954999579277e-01,4.472135954999579277e-01,1.788854381999831711e+00,1.788854381999831711e+00,-2.236067977499789639e-01,0.000000000000000000e+00,2.012461179749810647e+00,1.788854381999831711e+00,4.024922359499621294e+00,3.130495168499705549e+00,1.788854381999831711e+00,-4.472135954999579277e-01,6.708203932499369193e-01,-8.944271909999158554e-01,2.236067977499789639e-01,1.341640786499873839e+00,1.565247584249852775e+00,6.708203932499369193e-01,1.341640786499873839e+00,2.459674775249768519e+00,3.354101966249684263e+00,3.577708763999663422e+00,2.012461179749810647e+00,3.354101966249684263e+00,4.024922359499621294e+00,3.354101966249684263e+00,1.565247584249852775e+00,1.118033988749894903e+00,6.708203932499369193e-01,2.012461179749810647e+00,3.354101966249684263e+00,4.919349550499537038e+00,3.801315561749642136e+00,2.236067977499789805e+00,1.341640786499873839e+00,-1.565247584249852775e+00,-2.236067977499789805e+00,-2.236067977499789639e-01,8.944271909999158554e-01,8.944271909999158554e-01,-1.341640786499873839e+00,-2.012461179749810647e+00,-2.906888370749726391e+00,-3.354101966249684263e+00,-5.366563145999495354e+00,-6.037383539249431941e+00,-8.497058314499200904e+00,-9.615092303249095806e+00,-8.720665112249179174e+00,-8.273451516749220858e+00,-9.615092303249095806e+00,-9.838699100999074076e+00,-9.615092303249095806e+00,-1.095673308974896898e+01,-9.391485505499115760e+00,-8.049844718999242588e+00,-7.602631123499284271e+00,-5.813776741499452783e+00,-5.366563145999495354e+00,-6.037383539249431941e+00,-6.708203932499368527e+00,-7.826237921249263430e+00,-8.720665112249179174e+00
6.708203932499369193e-01,-6.708203932499369193e-01,6.708203932499369193e-01,-1.788854381999831711e+00,-2.012461179749810647e+00,-3.130495168499705549e+00,-2.906888370749726391e+00,-1.118033988749894903e+00,2.236067977499789639e-01,1.118033988749894903e+00,4.919349550499537038e+00,4.472135954999579610e+00,4.472135954999579610e+00,5.590169943749473624e+00,5.142956348249516196e+00,3.577708763999663422e+00,2.236067977499789805e+00,6.708203932499369193e-01,-2.236067977499789639e-01,-2.236067977499789639e-01,-4.472135954999579277e-01,4.472135954999579277e-01,0.000000000000000000e+00,1.341640786499873839e+00,2.236067977499789805e+00,2.683281572999747677e+00,2.459674775249768519e+00,1.788854381999831711e+00,-4.472135954999579277e-01,-6.708203932499369193e-01,-1.341640786499873839e+00,-1.341640786499873839e+00,-8.944271909999158554e-01,-2.683281572999747677e+00,-1.565247584249852775e+00,-2.012461179749810647e+00,-4.248529157249600452e+00,-3.354101966249684263e+00,-2.459674775249768519e+00,-1.565247584249852775e+00,-1.565247584249852775e+00,-3.577708763999663422e+00,-4.919349550499537038e+00,-5.142956348249516196e+00,-5.590169943749473624e+00,-4.919349550499537038e+00,-4.472135954999579610e+00,-5.813776741499452783e+00,-5.590169943749473624e+00,-4.248529157249600452e+00,-5.590169943749473624e+00,-4.472135954999579610e+00,-4.919349550499537038e+00,-6.037383539249431941e+00,-5.366563145999495354e+00,-5.142956348249516196e+00,-3.354101966249684263e+00,-3.577708763999663422e+00,-4.695742752749557880e+00,-4.695742752749557880e+00,-4.248529157249600452e+00,-2.236067977499789805e+00,-8.944271909999158554e-01,4.472135954999579277e-01,6.708203932499369193e-01,-1.118033988749894903e+00,1.118033988749894903e+00,4.472135954999579277e-01,1.118033988749894903e+00,2.236067977499789639e-01,0.000000000000000000e+00,2.236067977499789639e-01,1.788854381999831711e+00,2.012461179749810647e+00,3.801315561749642136e+00,5.366563145999495354e+00,3.577708763999663422e+00,2.906888370749726391e+00,4.248529157249600452e+00,5.813776741499452783e+00,3.577708763999663422e+00,3.577708763999663422e+00,2.683281572999747677e+00,2.012461179749810647e+00,2.683281572999747677e+00,1.118033988749894903e+00,6.708203932499369193e-01,2.236067977499789805e+00,1.118033988749894903e+00,2.459674775249768519e+00,6.708203932499369193e-01,-8.944271909999158554e-01,-1.565247584249852775e+00,-3.130495168499705549e+00,-2.683281572999747677e+00,-1.118033988749894903e+00,-3.354101966249684263e+00,-4.248529157249600452e+00,-5.142956348249516196e+00,-3.577708763999663422e+00,-4.472135954999579610e+00,-3.577708763999663422e+00,-3.130495168499705549e+00,-3.130495168499705549e+00,-3.130495168499705549e+00,-3.354101966249684263e+00,-2.459674775249768519e+00,-2.012461179749810647e+00,-1.565247584249852775e+00,-6.708203932499369193e-01,-8.944271909999158554e-01,4.472135954999579277e-01,-4.472135954999579277e-01,6.708203932499369193e-01,-4.472135954999579277e-01,0.000000000000000000e+00,8.944271909999158554e-01,-4.472135954999579277e-01,-2.236067977499789805e+00,-3.130495168499705549e+00,-3.130495168499705549e+00,-1.118033988749894903e+00,2.236067977499789639e-01,1.118033988749894903e+00,8.944271909999158554e-01,-2.236067977499789639e-01,4.472135954999579277e-01,2.012461179749810647e+00,2.236067977499789639e-01,1.118033988749894903e+00,4.472135954999579277e-01,2.236067977499789639e-01,-1.341640786499873839e+00,-1.118033988749894903e+00,0.000000000000000000e+00,-1.341640786499873839e+00,-4.472135954999579277e-01,4.472135954999579277e-01,2.459674775249768519e+00,1.788854381999831711e+00,1.565247584249852775e+00,8.944271909999158554e-01,8.944271909999158554e-01,2.012461179749810647e+00,4.472135954999579277e-01,6.708203932499369193e-01,1.565247584249852775e+00,-6.708203932499369193e-01,-1.341640786499873839e+00,-2.906888370749726391e+00,-2.906888370749726391e+00,-2.236067977499789805e+00,-3.130495168499705549e+00,-1.788854381999831711e+00,4.472135954999579277e-01,2.012461179749810647e+00,1.341640786499873839e+00,1.341640786499873839e+00,8.944271909999158554e-01,4.472135954999579277e-01,8.944271909999158554e-01,2.236067977499789805e+00,2.683281572999747677e+00,1.788854381999831711e+00,1.788854381999831711e+00,1.788854381999831711e+00,1.341640786499873839e+00,2.683281572999747677e+00,2.459674775249768519e+00,3.577708763999663422e+00,2.683281572999747677e+00,3.801315561749642136e+00,4.919349550499537038e+00,4.472135954999579610e+00,6.708203932499368527e+00,4.919349550499537038e+00,2.906888370749726391e+00,4.695742752749557880e+00,4.248529157249600452e+00,5.142956348249516196e+00,6.260990336999411099e+00,8.049844718999242588e+00,6.484597134749389369e+00,5.142956348249516196e+00,6.931810730249347685e+00,7.379024325749306001e+00,5.366563145999495354e+00,6.037383539249431941e+00,4.919349550499537038e+00,5.366563145999495354e+00,5.366563145999495354e+00,6.708203932499368527e+00,4.472135954999579610e+00,3.801315561749642136e+00,4.024922359499621294e+00,4.024922359499621294e+00,2.459674775249768519e+00,3.354101966249684263e+00,6.708203932499369193e-01,-8.944271909999158554e-01,-4.472135954999579277e-01,1.118033988749894903e+00,-4.472135954999579277e-01,2.236067977499789805e+00,2.236067977499789639e-01,0.000000000000000000e+00,-2.236067977499789805e+00,-2.012461179749810647e+00,-2.012461179749810647e+00,-2.683281572999747677e+00,-1.565247584249852775e+00,-1.565247584249852775e+00,-2.459674775249768519e+00,-2.459674775249768519e+00,-2.683281572999747677e+00,-2.906888370749726391e+00,-3.801315561749642136e+00,-5.813776741499452783e+00,-7.155417527999326843e+00,-7.602631123499284271e+00,-8.497058314499200904e+00,-9.391485505499115760e+00,-8.497058314499200904e+00,-6.931810730249347685e+00,-6.260990336999411099e+00,-6.931810730249347685e+00,-5.590169943749473624e+00,-5.813776741499452783e+00,-6.037383539249431941e+00,-4.248529157249600452e+00,-4.248529157249600452e+00,-2.012461179749810647e+00,-2.459674775249768519e+00,-2.459674775249768519e+00,-3.130495168499705549e+00,-2.683281572999747677e+00,-2.012461179749810647e+00,-6.708203932499369193e-01,1.118033988749894903e+00,2.012461179749810647e+00,2.906888370749726391e+00,2.236067977499789805e+00,2.683281572999747677e+00,8.944271909999158554e-01,1.341640786499873839e+00,1.118033988749894903e+00,1.341640786499873839e+00,1.341640786499873839e+00,1.118033988749894903e+00,-6.708203932499369193e-01,-2.683281572999747677e+00,-3.130495168499705549e+00,-4.248529157249600452e+00,-5.590169943749473624e+00,-5.813776741499452783e+00,-5.366563145999495354e+00,-6.260990336999411099e+00,-7.379024325749306001e+00,-8.497058314499200904e+00,-5.590169943749473624e+00,-3.354101966249684263e+00,-4.248529157249600452e+00,-5.366563145999495354e+00,-3.801315561749642136e+00,-2.683281572999747677e+00,-1.788854381999831711e+00,-6.708203932499369193e-01,-4.472135954999579277e-01,-1.341640786499873839e+00,-4.472135954999579277e-01,-2.236067977499789639e-01,-6.708203932499369193e-01,-1.118033988749894903e+00,-2.236067977499789639e-01,-2.012461179749810647e+00,4.472135954999579277e-01,1.118033988749894903e+00,8.944271909999158554e-01,-2.236067977499789639e-01,0.000000000000000000e+00,1.788854381999831711e+00,2.236067977499789805e+00,2.236067977499789805e+00,3.577708763999663422e+00,2.236067977499789805e+00,6.708203932499369193e-01,-6.708203932499369193e-01,-1.341640786499873839e+00,-2.683281572999747677e+00,-4.024922359499621294e+00,-6.260990336999411099e+00,-4.695742752749557880e+00,-4.024922359499621294e+00,-3.130495168499705549e+00,-2.236067977499789805e+00,-2.459674775249768519e+00,-1.341640786499873839e+00,6.708203932499369193e-01,2.012461179749810647e+00,1.118033988749894903e+00,2.236067977499789639e-01,-2.012461179749810647e+00,0.000000000000000000e+00,-4.472135954999579277e-01,0.000000000000000000e+00,6.708203932499369193e-01,4.472135954999579277e-01,1.788854381999831711e+00,3.577708763999663422e+00,3.130495168499705549e+00,2.906888370749726391e+00,3.354101966249684263e+00,6.708203932499368527e+00,5.590169943749473624e+00,4.024922359499621294e+00,3.130495168499705549e+00,2.683281572999747677e+00,2.236067977499789805e+00,2.683281572999747677e+00,3.577708763999663422e+00,4.248529157249600452e+00,2.683281572999747677e+00,6.708203932499369193e-01,1.565247584249852775e+00,1.788854381999831711e+00,1.118033988749894903e+00,6.708203932499369193e-01,8.944271909999158554e-01,6.708203932499369193e-01,6.708203932499369193e-01,6.708203932499369193e-01,-8.944271909999158554e-01,-2.236067977499789639e-01,1.341640786499873839e+00,1.118033988749894903e+00,-2.236067977499789805e+00,-2.906888370749726391e+00,-1.565247584249852775e+00,-1.565247584249852775e+00,-1.341640786499873839e+00,1.341640786499873839e+00,1.118033988749894903e+00,1.118033988749894903e+00,1.565247584249852775e+00,1.788854381999831711e+00,6.708203932499369193e-01,-1.565247584249852775e+00,-1.341640786499873839e+00,-1.118033988749894903e+00,-6.708203932499369193e-01,-8.944271909999158554e-01,-2.236067977499789805e+00,-8.944271909999158554e-01,-1.565247584249852775e+00,0.000000000000000000e+00,-4.472135954999579277e-01,-8.944271909999158554e-01,-8.944271909999158554e-01,-8.944271909999158554e-01,-1.341640786499873839e+00,-2.236067977499789639e-01,-2.236067977499789639e-01,4.472135954999579277e-01,6.708203932499369193e-01,1.565247584249852775e+00,1.341640786499873839e+00,0.000000000000000000e+00,2.236067977499789639e-01,6.708203932499369193e-01,1.788854381999831711e+00,3.130495168499705549e+00,4.695742752749557880e+00,3.354101966249684263e+00,3.577708763999663422e+00,4.248529157249600452e+00,5.813776741499452783e+00,7.602631123499284271e+00,7.155417527999326843e+00,5.590169943749473624e+00,4.248529157249600452e+00,5.142956348249516196e+00,4.472135954999579610e+00,5.142956348249516196e+00,3.801315561749642136e+00,3.354101966249684263e+00,2.459674775249768519e+00,2.012461179749810647e+00,0.000000000000000000e+00,1.341640786499873839e+00,3.354101966249684263e+00,2.459674775249768519e+00,1.341640786499873839e+00,2.236067977499789639e-01,1.118033988749894903e+00,1.118033988749894903e+00,1.565247584249852775e+00,8.944271909999158554e-01,1.565247584249852775e+00,4.472135954999579277e-01,2.236067977499789639e-01,-6.708203932499369193e-01,-1.788854381999831711e+00,-1.341640786499873839e+00,0.000000000000000000e+00,2.236067977499789639e-01,0.000000000000000000e+00,-2.012461179749810647e+00,-1.788854381999831711e+00,0.000000000000000000e+00,-2.236067977499789639e-01,0.000000000000000000e+00,1.341640786499873839e+00,6.708203932499369193e-01,1.565247584249852775e+00,1.788854381999831711e+00,1.341640786499873839e+00,8.944271909999158554e-01,1.341640786499873839e+00,1.341640786499873839e+00,0.000000000000000000e+00,8.944271909999158554e-01,1.341640786499873839e+00,2.012461179749810647e+00,2.906888370749726391e+00,4.024922359499621294e+00,6.708203932499368527e+00,6.708203932499368527e+00,7.155417527999326843e+00,8.497058314499200904e+00,1.073312629199899071e+01,1.006230589874905235e+01,8.497058314499200904e+00,7.602631123499284271e+00,6.931810730249347685e+00,7.379024325749306001e+00,4.919349550499537038e+00,3.577708763999663422e+00,1.565247584249852775e+00,3.130495168499705549e+00,2.683281572999747677e+00,2.459674775249768519e+00,3.354101966249684263e+00,3.801315561749642136e+00,2.012461179749810647e+00,2.683281572999747677e+00,-8.944271909999158554e-01,-2.683281572999747677e+00,-3.354101966249684263e+00,-1.788854381999831711e+00,-1.788854381999831711e+00,-8.944271909999158554e-01,-4.472135954999579277e-01,-8.944271909999158554e-01,-2.236067977499789805e+00,-1.341640786499873839e+00,-2.236067977499789639e-01,-1.565247584249852775e+00,-1.788854381999831711e+00,-2.236067977499789805e+00,-2.236067977499789639e-01,2.236067977499789639e-01,1.341640786499873839e+00,2.236067977499789805e+00,1.788854381999831711e+00,1.565247584249852775e+00,4.472135954999579277e-01,2.459674775249768519e+00,4.024922359499621294e+00,2.906888370749726391e+00,2.236067977499789805e+00,1.118033988749894903e+00,3.130495168499705549e+00,1.788854381999831711e+00,8.944271909999158554e-01,-1.565247584249852775e+00,-2.236067977499789805e+00,-4.695742752749557880e+00,-3.354101966249684263e+00,-1.788854381999831711e+00,-2.683281572999747677e+00,-4.248529157249600452e+00,-3.354101966249684263e+00,-8.944271909999158554e-01,6.708203932499369193e-01,0.000000000000000000e+00,2.236067977499789639e-01,0.000000000000000000e+00,2.236067977499789639e-01,2.236067977499789805e+00,8.944271909999158554e-01,-6.708203932499369193e-01,-2.683281572999747677e+00,-1.118033988749894903e+00,0.000000000000000000e+00,8.944271909999158554e-01,8.944271909999158554e-01,0.000000000000000000e+00,-2.236067977499789639e-01,-8.944271909999158554e-01,-2.459674775249768519e+00
-1.118033988749894903e+00,-1.341640786499873839e+00,1.341640786499873839e+00,0.000000000000000000e+00,2.459674775249768519e+00,1.118033988749894903e+00,8.944271909999158554e-01,1.118033988749894903e+00,2.236067977499789805e+00,4.248529157249600452e+00,2.459674775249768519e+00,1.565247584249852775e+00,0.000000000000000000e+00,-6.708203932499369193e-01,2.012461179749810647e+00,3.130495168499705549e+00,3.354101966249684263e+00,2.459674775249768519e+00,3.354101966249684263e+00,5.142956348249516196e+00,3.577708763999663422e+00,4.472135954999579610e+00,4.472135954999579610e+00,4.248529157249600452e+00,3.130495168499705549e+00,3.354101966249684263e+00,4.248529157249600452e+00,4.024922359499621294e+00,4.024922359499621294e+00,2.459674775249768519e+00,1.565247584249852775e+00,2.012461179749810647e+00,8.944271909999158554e-01,0.000000000000000000e+00,1.341640786499873839e+00,2.236067977499789805e+00,2.459674775249768519e+00,2.459674775249768519e+00,-6.708203932499369193e-01,-1.565247584249852775e+00,-4.472135954999579277e-01,8.944271909999158554e-01,2.236067977499789639e-01,-2.236067977499789639e-01,0.000000000000000000e+00,-2.236067977499789639e-01,-8.944271909999158554e-01,-2.236067977499789639e-01,2.236067977499789639e-01,8.944271909999158554e-01,1.341640786499873839e+00,1.565247584249852775e+00,8.944271909999158554e-01,2.236067977499789805e+00,2.683281572999747677e+00,1.788854381999831711e+00,2.236067977499789639e-01,-2.236067977499789639e-01,2.459674775249768519e+00,1.565247584249852775e+00,1.788854381999831711e+00,2.012461179749810647e+00,6.708203932499369193e-01,-1.565247584249852775e+00,-2.236067977499789805e+00,-8.944271909999158554e-01,-1.788854381999831711e+00,-3.130495168499705549e+00,-2.236067977499789805e+00,-2.683281572999747677e+00,-2.906888370749726391e+00,-2.012461179749810647e+00,-1.118033988749894903e+00,-1.341640786499873839e+00,-1.118033988749894903e+00,0.000000000000000000e+00,-2.236067977499789805e+00,-1.788854381999831711e+00,-6.708203932499369193e-01,-8.944271909999158554e-01,-6.708203932499369193e-01,-2.236067977499789639e-01,0.000000000000000000e+00,-2.683281572999747677e+00,-1.341640786499873839e+00,-2.236067977499789639e-01,1.118033988749894903e+00,6.708203932499369193e-01,1.118033988749894903e+00,8.944271909999158554e-01,-1.341640786499873839e+00,8.944271909999158554e-01,0.000000000000000000e+00,-6.708203932499369193e-01,-2.236067977499789639e-01,4.472135954999579277e-01,-6.708203932499369193e-01,4.472135954999579277e-01,4.472135954999579277e-01,0.000000000000000000e+00,-1.118033988749894903e+00,-6.708203932499369193e-01,-1.341640786499873839e+00,-2.236067977499789639e-01,-8.944271909999158554e-01,0.000000000000000000e+00,-6.708203932499369193e-01,-3.577708763999663422e+00,-2.236067977499789805e+00,-4.248529157249600452e+00,-5.142956348249516196e+00,-7.155417527999326843e+00,-7.602631123499284271e+00,-4.919349550499537038e+00,-4.919349550499537038e+00,-3.130495168499705549e+00,-2.683281572999747677e+00,-1.788854381999831711e+00,0.000000000000000000e+00,1.565247584249852775e+00,2.906888370749726391e+00,3.354101966249684263e+00,4.024922359499621294e+00,3.577708763999663422e+00,3.577708763999663422e+00,1.788854381999831711e+00,2.683281572999747677e+00,3.801315561749642136e+00,4.472135954999579610e+00,3.354101966249684263e+00,5.590169943749473624e+00,6.260990336999411099e+00,7.379024325749306001e+00,7.379024325749306001e+00,7.155417527999326843e+00,6.931810730249347685e+00,8.720665112249179174e+00,8.720665112249179174e+00,7.155417527999326843e+00,5.590169943749473624e+00,6.931810730249347685e+00,8.497058314499200904e+00,6.708203932499368527e+00,4.695742752749557880e+00,5.590169943749473624e+00,5.142956348249516196e+00,5.366563145999495354e+00,4.024922359499621294e+00,7.379024325749306001e+00,7.602631123499284271e+00,7.826237921249263430e+00,6.484597134749389369e+00,6.708203932499368527e+00,6.484597134749389369e+00,5.142956348249516196e+00,3.801315561749642136e+00,4.695742752749557880e+00,4.248529157249600452e+00,4.919349550499537038e+00,4.248529157249600452e+00,5.142956348249516196e+00,3.577708763999663422e+00,2.459674775249768519e+00,2.236067977499789805e+00,1.788854381999831711e+00,2.012461179749810647e+00,1.341640786499873839e+00,-6.708203932499369193e-01,0.000000000000000000e+00,-8.944271909999158554e-01,0.000000000000000000e+00,4.472135954999579277e-01,-4.472135954999579277e-01,0.000000000000000000e+00,2.683281572999747677e+00,2.459674775249768519e+00,6.708203932499369193e-01,0.000000000000000000e+00,1.118033988749894903e+00,2.459674775249768519e+00,2.012461179749810647e+00,2.236067977499789805e+00,2.012461179749810647e+00,2.012461179749810647e+00,4.024922359499621294e+00,3.354101966249684263e+00,3.130495168499705549e+00,4.024922359499621294e+00,4.248529157249600452e+00,2.906888370749726391e+00,3.354101966249684263e+00,4.248529157249600452e+00,4.919349550499537038e+00,3.130495168499705549e+00,1.341640786499873839e+00,1.341640786499873839e+00,1.341640786499873839e+00,-2.236067977499789639e-01,1.788854381999831711e+00,2.236067977499789639e-01,2.906888370749726391e+00,3.354101966249684263e+00,2.459674775249768519e+00,6.708203932499369193e-01,0.000000000000000000e+00,2.236067977499789805e+00,1.788854381999831711e+00,1.565247584249852775e+00,1.788854381999831711e+00,4.472135954999579277e-01,2.236067977499789639e-01,-1.118033988749894903e+00,-6.708203932499369193e-01,-1.565247584249852775e+00,-4.472135954999579277e-01,-1.565247584249852775e+00,-4.472135954999579277e-01,-1.341640786499873839e+00,-2.236067977499789805e+00,-3.801315561749642136e+00,-3.354101966249684263e+00,-1.788854381999831711e+00,-4.472135954999579277e-01,4.472135954999579277e-01,0.000000000000000000e+00,1.118033988749894903e+00,1.565247584249852775e+00,8.944271909999158554e-01,-2.236067977499789639e-01,-2.236067977499789639e-01,1.788854381999831711e+00,0.000000000000000000e+00,-2.236067977499789639e-01,-8.944271909999158554e-01,-2.906888370749726391e+00,-2.236067977499789805e+00,0.000000000000000000e+00,-1.118033988749894903e+00,-2.012461179749810647e+00,-6.708203932499369193e-01,-2.012461179749810647e+00,-2.906888370749726391e+00,-3.130495168499705549e+00,-5.366563145999495354e+00,-7.155417527999326843e+00,-9.167878707749137490e+00,-7.379024325749306001e+00,-5.142956348249516196e+00,-4.695742752749557880e+00,-4.695742752749557880e+00,-2.459674775249768519e+00,-2.906888370749726391e+00,-2.906888370749726391e+00,-2.906888370749726391e+00,-4.695742752749557880e+00,-4.695742752749557880e+00,-4.472135954999579610e+00,-4.472135954999579610e+00,-3.354101966249684263e+00,-2.012461179749810647e+00,-2.683281572999747677e+00,-4.024922359499621294e+00,-4.695742752749557880e+00,-4.472135954999579610e+00,-2.906888370749726391e+00,-1.565247584249852775e+00,-2.012461179749810647e+00,-3.130495168499705549e+00,-1.118033988749894903e+00,-1.118033988749894903e+00,6.708203932499369193e-01,2.236067977499789639e-01,8.944271909999158554e-01,2.012461179749810647e+00,1.341640786499873839e+00,1.341640786499873839e+00,2.236067977499789639e-01,-1.118033988749894903e+00,-6.708203932499369193e-01,-2.906888370749726391e+00,-2.683281572999747677e+00,-3.354101966249684263e+00,-3.577708763999663422e+00,-2.906888370749726391e+00,-2.236067977499789805e+00,-2.012461179749810647e+00,-2.906888370749726391e+00,-2.683281572999747677e+00,-2.906888370749726391e+00,-2.683281572999747677e+00,-4.472135954999579610e+00,-4.248529157249600452e+00,-4.248529157249600452e+00,-4.695742752749557880e+00,-4.695742752749557880e+00,-3.801315561749642136e+00,-3.130495168499705549e+00,-1.788854381999831711e+00,-2.683281572999747677e+00,-8.944271909999158554e-01,-2.236067977499789639e-01,2.236067977499789639e-01,0.000000000000000000e+00,-2.012461179749810647e+00,-2.012461179749810647e+00,-1.118033988749894903e+00,4.472135954999579277e-01,8.944271909999158554e-01,2.012461179749810647e+00,-2.236067977499789639e-01,-2.236067977499789639e-01,-2.236067977499789805e+00,-2.459674775249768519e+00,-1.788854381999831711e+00,-1.341640786499873839e+00,4.472135954999579277e-01,1.788854381999831711e+00,2.459674775249768519e+00,8.944271909999158554e-01,1.341640786499873839e+00,8.944271909999158554e-01,1.788854381999831711e+00,1.788854381999831711e+00,2.683281572999747677e+00,5.142956348249516196e+00,4.695742752749557880e+00,5.366563145999495354e+00,3.577708763999663422e+00,4.472135954999579610e+00,4.695742752749557880e+00,6.037383539249431941e+00,7.155417527999326843e+00,6.260990336999411099e+00,6.931810730249347685e+00,7.379024325749306001e+00,6.484597134749389369e+00,5.142956348249516196e+00,5.813776741499452783e+00,4.695742752749557880e+00,3.577708763999663422e+00,1.565247584249852775e+00,3.130495168499705549e+00,1.341640786499873839e+00,-8.944271909999158554e-01,-2.683281572999747677e+00,-3.354101966249684263e+00,-4.919349550499537038e+00,-4.919349550499537038e+00,-1.788854381999831711e+00,-1.788854381999831711e+00,-1.788854381999831711e+00,-1.341640786499873839e+00,-2.012461179749810647e+00,-8.944271909999158554e-01,-2.906888370749726391e+00,-3.801315561749642136e+00,-2.683281572999747677e+00,-2.459674775249768519e+00,-3.130495168499705549e+00,-2.459674775249768519e+00,-8.944271909999158554e-01,-1.341640786499873839e+00,-1.118033988749894903e+00,0.000000000000000000e+00,8.944271909999158554e-01,6.708203932499369193e-01,6.708203932499369193e-01,8.944271909999158554e-01,6.708203932499369193e-01,1.118033988749894903e+00,2.683281572999747677e+00,2.012461179749810647e+00,2.459674775249768519e+00,1.788854381999831711e+00,3.801315561749642136e+00,4.024922359499621294e+00,2.236067977499789805e+00,4.472135954999579277e-01,-6.708203932499369193e-01,8.944271909999158554e-01,1.788854381999831711e+00,-2.236067977499789639e-01,-6.708203932499369193e-01,-2.236067977499789639e-01,-6.708203932499369193e-01,-1.118033988749894903e+00,-1.341640786499873839e+00,-1.118033988749894903e+00,-2.012461179749810647e+00,-2.459674775249768519e+00,-2.012461179749810647e+00,-6.708203932499369193e-01,4.472135954999579277e-01,-6.708203932499369193e-01,-2.012461179749810647e+00,-1.341640786499873839e+00,-6.708203932499369193e-01,8.944271909999158554e-01,1.565247584249852775e+00,6.708203932499369193e-01,2.236067977499789805e+00,6.708203932499369193e-01,0.000000000000000000e+00,1.341640786499873839e+00,1.788854381999831711e+00,2.012461179749810647e+00,2.683281572999747677e+00,2.012461179749810647e+00,1.788854381999831711e+00,2.236067977499789639e-01,2.236067977499789639e-01,4.472135954999579277e-01,-4.472135954999579277e-01,-1.118033988749894903e+00,-1.341640786499873839e+00,-6.708203932499369193e-01,-2.236067977499789639e-01,-1.118033988749894903e+00,-1.788854381999831711e+00,-1.565247584249852775e+00,4.472135954999579277e-01,-1.565247584249852775e+00,-1.118033988749894903e+00,-1.118033988749894903e+00,0.000000000000000000e+00,2.236067977499789639e-01,3.801315561749642136e+00,3.577708763999663422e+00,3.354101966249684263e+00,2.683281572999747677e+00,1.565247584249852775e+00,-4.472135954999579277e-01,-3.354101966249684263e+00,-4.024922359499621294e+00,-2.683281572999747677e+00,-2.236067977499789639e-01,4.472135954999579277e-01,-8.944271909999158554e-01,-6.708203932499369193e-01,-2.459674775249768519e+00,-2.906888370749726391e+00,-4.248529157249600452e+00,-5.590169943749473624e+00,-5.813776741499452783e+00,-5.590169943749473624e+00,-4.919349550499537038e+00,-5.590169943749473624e+00,-6.484597134749389369e+00,-6.260990336999411099e+00,-6.484597134749389369e+00,-4.919349550499537038e+00,-4.695742752749557880e+00,-4.919349550499537038e+00,-4.248529157249600452e+00,-4.472135954999579610e+00,-6.484597134749389369e+00,-3.577708763999663422e+00,-4.919349550499537038e+00,-6.931810730249347685e+00,-6.484597134749389369e+00,-6.037383539249431941e+00,-4.472135954999579610e+00,-4.024922359499621294e+00,-4.919349550499537038e+00,-3.130495168499705549e+00,-1.565247584249852775e+00,-2.236067977499789805e+00,-4.248529157249600452e+00,-4.024922359499621294e+00,-4.695742752749557880e+00,-5.142956348249516196e+00,-6.931810730249347685e+00,-6.037383539249431941e+00,-7.379024325749306001e+00,-8.273451516749220858e+00,-8.049844718999242588e+00,-7.379024325749306001e+00,-7.826237921249263430e+00,-7.155417527999326843e+00,-5.590169943749473624e+00,-4.919349550499537038e+00,-5.366563145999495354e+00,-4.024922359499621294e+00,-4.248529157249600452e+00,-2.236067977499789805e+00,-2.012461179749810647e+00,-2.459674775249768519e+00,-4.472135954999579277e-01,-1.118033988749894903e+00,-2.236067977499789639e-01,6.708203932499369193e-01,0.000000000000000000e+00,-2.459674775249768519e+00,-4.472135954999579610e+00,-5.813776741499452783e+00,-6.708203932499368527e+00,-4.472135954999579610e+00,-5.142956348249516196e+00,-2.683281572999747677e+00,-6.708203932499369193e-01
0.000000000000000000e+00,0.000000000000000000e+00,-2.236067977499789805e+00,-2.459674775249768519e+00,-1.565247584249852775e+00,1.118033988749894903e+00,2.012461179749810647e+00,2.236067977499789639e-01,0.000000000000000000e+00,6.708203932499369193e-01,8.944271909999158554e-01,-4.472135954999579277e-01,-4.472135954999579277e-01,-2.236067977499789639e-01,-1.341640786499873839e+00,-2.236067977499789805e+00,-4.248529157249600452e+00,-5.142956348249516196e+00,-6.260990336999411099e+00,-5.813776741499452783e+00,-4.248529157249600452e+00,-4.695742752749557880e+00,-5.590169943749473624e+00,-5.590169943749473624e+00,-6.037383539249431941e+00,-6.037383539249431941e+00,-6.484597134749389369e+00,-6.260990336999411099e+00,-7.826237921249263430e+00,-7.379024325749306001e+00,-7.379024325749306001e+00,-6.260990336999411099e+00,-6.260990336999411099e+00,-6.037383539249431941e+00,-5.813776741499452783e+00,-3.130495168499705549e+00,-3.801315561749642136e+00,-1.341640786499873839e+00,1.341640786499873839e+00,6.708203932499369193e-01,-8.944271909999158554e-01,-1.118033988749894903e+00,-1.341640786499873839e+00,-6.708203932499369193e-01,-1.788854381999831711e+00,-1.118033988749894903e+00,0.000000000000000000e+00,-1.118033988749894903e+00,1.788854381999831711e+00,4.472135954999579277e-01,-2.236067977499789639e-01,1.341640786499873839e+00,2.012461179749810647e+00,0.000000000000000000e+00,6.708203932499369193e-01,2.012461179749810647e+00,3.130495168499705549e+00,3.130495168499705549e+00,2.012461179749810647e+00,1.118033988749894903e+00,0.000000000000000000e+00,1.788854381999831711e+00,1.565247584249852775e+00,3.577708763999663422e+00,2.906888370749726391e+00,3.354101966249684263e+00,5.142956348249516196e+00,4.695742752749557880e+00,5.142956348249516196e+00,2.906888370749726391e+00,2.236067977499789805e+00,3.577708763999663422e+00,4.472135954999579610e+00,4.919349550499537038e+00,3.354101966249684263e+00,4.024922359499621294e+00,-6.708203932499369193e-01,-1.788854381999831711e+00,-6.708203932499369193e-01,-6.708203932499369193e-01,1.565247584249852775e+00,1.118033988749894903e+00,1.118033988749894903e+00,1.118033988749894903e+00,8.944271909999158554e-01,-1.118033988749894903e+00,-2.459674775249768519e+00,-2.906888370749726391e+00,-1.788854381999831711e+00,-1.565247584249852775e+00,-1.788854381999831711e+00,-2.906888370749726391e+00,-2.012461179749810647e+00,0.000000000000000000e+00,-6.708203932499369193e-01,-2.236067977499789639e-01,2.236067977499789639e-01,4.472135954999579277e-01,0.000000000000000000e+00,0.000000000000000000e+00,0.000000000000000000e+00,2.012461179749810647e+00,3.577708763999663422e+00,2.012461179749810647e+00,2.236067977499789805e+00,1.118033988749894903e+00,1.565247584249852775e+00,2.236067977499789639e-01,1.565247584249852775e+00,1.788854381999831711e+00,2.906888370749726391e+00,3.130495168499705549e+00,2.459674775249768519e+00,8.944271909999158554e-01,2.236067977499789639e-01,-2.236067977499789639e-01,-8.944271909999158554e-01,-4.024922359499621294e+00,-3.130495168499705549e+00,-2.683281572999747677e+00,-3.577708763999663422e+00,-2.236067977499789805e+00,-1.341640786499873839e+00,0.000000000000000000e+00,6.708203932499369193e-01,-1.565247584249852775e+00,-1.118033988749894903e+00,4.472135954999579277e-01,-8.944271909999158554e-01,4.472135954999579277e-01,8.944271909999158554e-01,2.683281572999747677e+00,1.341640786499873839e+00,2.459674775249768519e+00,1.788854381999831711e+00,1.118033988749894903e+00,2.683281572999747677e+00,1.565247584249852775e+00,-6.708203932499369193e-01,8.944271909999158554e-01,6.708203932499369193e-01,6.708203932499369193e-01,3.577708763999663422e+00,2.906888370749726391e+00,3.577708763999663422e+00,2.906888370749726391e+00,3.801315561749642136e+00,4.695742752749557880e+00,2.906888370749726391e+00,4.248529157249600452e+00,4.024922359499621294e+00,3.354101966249684263e+00,1.118033988749894903e+00,6.708203932499369193e-01,-1.118033988749894903e+00,-2.012461179749810647e+00,-6.708203932499369193e-01,-1.788854381999831711e+00,0.000000000000000000e+00,-6.708203932499369193e-01,-8.944271909999158554e-01,-6.708203932499369193e-01,-2.236067977499789639e-01,-4.472135954999579277e-01,-4.472135954999579277e-01,-1.565247584249852775e+00,-2.236067977499789639e-01,-1.565247584249852775e+00,-1.341640786499873839e+00,4.472135954999579277e-01,1.118033988749894903e+00,-3.577708763999663422e+00,-2.012461179749810647e+00,-1.788854381999831711e+00,-4.472135954999579277e-01,-2.906888370749726391e+00,-1.565247584249852775e+00,0.000000000000000000e+00,0.000000000000000000e+00,4.472135954999579277e-01,2.236067977499789639e-01,-1.118033988749894903e+00,-6.708203932499369193e-01,2.012461179749810647e+00,1.341640786499873839e+00,2.459674775249768519e+00,2.683281572999747677e+00,1.118033988749894903e+00,1.118033988749894903e+00,1.341640786499873839e+00,1.788854381999831711e+00,1.118033988749894903e+00,2.236067977499789805e+00,2.683281572999747677e+00,2.012461179749810647e+00,2.906888370749726391e+00,2.236067977499789805e+00,2.236067977499789805e+00,3.130495168499705549e+00,2.459674775249768519e+00,4.472135954999579610e+00,3.801315561749642136e+00,5.590169943749473624e+00,3.577708763999663422e+00,4.024922359499621294e+00,4.695742752749557880e+00,4.248529157249600452e+00,3.130495168499705549e+00,2.459674775249768519e+00,3.130495168499705549e+00,2.236067977499789805e+00,2.236067977499789805e+00,4.472135954999579277e-01,3.354101966249684263e+00,4.248529157249600452e+00,3.354101966249684263e+00,3.577708763999663422e+00,4.695742752749557880e+00,4.919349550499537038e+00,4.472135954999579610e+00,4.024922359499621294e+00,4.024922359499621294e+00,4.695742752749557880e+00,5.590169943749473624e+00,4.919349550499537038e+00,3.354101966249684263e+00,4.919349550499537038e+00,5.142956348249516196e+00,4.472135954999579610e+00,4.695742752749557880e+00,6.037383539249431941e+00,6.708203932499368527e+00,7.826237921249263430e+00,7.602631123499284271e+00,4.248529157249600452e+00,4.024922359499621294e+00,2.012461179749810647e+00,1.788854381999831711e+00,2.683281572999747677e+00,1.788854381999831711e+00,2.683281572999747677e+00,3.801315561749642136e+00,3.130495168499705549e+00,2.012461179749810647e+00,1.118033988749894903e+00,1.341640786499873839e+00,1.565247584249852775e+00,0.000000000000000000e+00,4.472135954999579277e-01,2.236067977499789639e-01,-2.012461179749810647e+00,-3.354101966249684263e+00,-3.577708763999663422e+00,-3.354101966249684263e+00,-2.906888370749726391e+00,-2.906888370749726391e+00,-2.906888370749726391e+00,-2.012461179749810647e+00,-1.118033988749894903e+00,-2.236067977499789805e+00,-2.236067977499789805e+00,-3.354101966249684263e+00,-4.472135954999579610e+00,-4.472135954999579610e+00,-4.248529157249600452e+00,-3.130495168499705549e+00,-2.683281572999747677e+00,-4.024922359499621294e+00,-5.813776741499452783e+00,-5.142956348249516196e+00,-4.472135954999579610e+00,-4.024922359499621294e+00,-2.012461179749810647e+00,-8.944271909999158554e-01,4.472135954999579277e-01,1.565247584249852775e+00,1.788854381999831711e+00,1.565247584249852775e+00,2.236067977499789805e+00,3.354101966249684263e+00,3.577708763999663422e+00,3.577708763999663422e+00,4.919349550499537038e+00,4.248529157249600452e+00,3.577708763999663422e+00,3.130495168499705549e+00,2.906888370749726391e+00,2.459674775249768519e+00,4.248529157249600452e+00,3.130495168499705549e+00,3.354101966249684263e+00,4.695742752749557880e+00,4.024922359499621294e+00,4.248529157249600452e+00,3.577708763999663422e+00,2.236067977499789805e+00,2.683281572999747677e+00,4.024922359499621294e+00,5.366563145999495354e+00,4.024922359499621294e+00,2.683281572999747677e+00,3.577708763999663422e+00,3.354101966249684263e+00,2.459674775249768519e+00,1.341640786499873839e+00,6.708203932499369193e-01,6.708203932499369193e-01,1.341640786499873839e+00,-1.565247584249852775e+00,-8.944271909999158554e-01,-8.944271909999158554e-01,-2.236067977499789639e-01,-2.906888370749726391e+00,-3.354101966249684263e+00,-3.801315561749642136e+00,-2.459674775249768519e+00,-3.801315561749642136e+00,-5.366563145999495354e+00,-5.366563145999495354e+00,-3.577708763999663422e+00,-4.024922359499621294e+00,-1.341640786499873839e+00,-1.118033988749894903e+00,-4.472135954999579277e-01,8.944271909999158554e-01,-2.012461179749810647e+00,-2.012461179749810647e+00,-1.118033988749894903e+00,-2.236067977499789639e-01,6.708203932499369193e-01,-6.708203932499369193e-01,1.565247584249852775e+00,2.906888370749726391e+00,2.012461179749810647e+00,8.944271909999158554e-01,8.944271909999158554e-01,1.341640786499873839e+00,2.683281572999747677e+00,3.801315561749642136e+00,3.354101966249684263e+00,2.236067977499789805e+00,2.236067977499789805e+00,2.236067977499789805e+00,2.906888370749726391e+00,4.695742752749557880e+00,4.695742752749557880e+00,3.577708763999663422e+00,3.354101966249684263e+00,2.906888370749726391e+00,2.012461179749810647e+00,1.565247584249852775e+00,3.130495168499705549e+00,8.944271909999158554e-01,0.000000000000000000e+00,-6.708203932499369193e-01,-8.944271909999158554e-01,0.000000000000000000e+00,2.236067977499789639e-01,-4.472135954999579277e-01,1.118033988749894903e+00,2.459674775249768519e+00,3.130495168499705549e+00,3.577708763999663422e+00,4.695742752749557880e+00,3.130495168499705549e+00,4.472135954999579610e+00,2.236067977499789805e+00,2.236067977499789805e+00,1.118033988749894903e+00,2.012461179749810647e+00,2.459674775249768519e+00,2.459674775249768519e+00,-4.472135954999579277e-01,-1.118033988749894903e+00,-1.341640786499873839e+00,2.236067977499789639e-01,6.708203932499369193e-01,2.683281572999747677e+00,3.354101966249684263e+00,4.695742752749557880e+00,5.366563145999495354e+00,4.919349550499537038e+00,4.024922359499621294e+00,2.236067977499789805e+00,2.459674775249768519e+00,8.944271909999158554e-01,3.354101966249684263e+00,4.248529157249600452e+00,4.919349550499537038e+00,4.695742752749557880e+00,4.695742752749557880e+00,2.683281572999747677e+00,4.248529157249600452e+00,4.248529157249600452e+00,2.236067977499789805e+00,1.565247584249852775e+00,8.944271909999158554e-01,0.000000000000000000e+00,-1.788854381999831711e+00,-1.565247584249852775e+00,-2.012461179749810647e+00,-2.236067977499789805e+00,1.118033988749894903e+00,2.236067977499789805e+00,1.118033988749894903e+00,8.944271909999158554e-01,-6.708203932499369193e-01,6.708203932499369193e-01,1.118033988749894903e+00,1.565247584249852775e+00,0.000000000000000000e+00,-1.341640786499873839e+00,-1.788854381999831711e+00,-3.354101966249684263e+00,-3.130495168499705549e+00,-1.788854381999831711e+00,-1.565247584249852775e+00,-2.236067977499789805e+00,-2.236067977499789805e+00,-1.341640786499873839e+00,-4.472135954999579277e-01,-4.472135954999579277e-01,-2.012461179749810647e+00,-4.248529157249600452e+00,-5.590169943749473624e+00,-4.248529157249600452e+00,-3.801315561749642136e+00,-1.788854381999831711e+00,-4.472135954999579277e-01,1.118033988749894903e+00,1.118033988749894903e+00,3.354101966249684263e+00,3.577708763999663422e+00,3.130495168499705549e+00,2.683281572999747677e+00,0.000000000000000000e+00,4.472135954999579277e-01,4.472135954999579277e-01,4.472135954999579277e-01,2.236067977499789805e+00,2.683281572999747677e+00,2.012461179749810647e+00,2.459674775249768519e+00,2.459674775249768519e+00,2.459674775249768519e+00,3.130495168499705549e+00,1.341640786499873839e+00,6.708203932499369193e-01,1.341640786499873839e+00,1.341640786499873839e+00,1.341640786499873839e+00,-6.708203932499369193e-01,-2.236067977499789805e+00,-3.354101966249684263e+00,-8.944271909999158554e-01,0.000000000000000000e+00,6.708203932499369193e-01,6.708203932499369193e-01,-1.788854381999831711e+00,-2.012461179749810647e+00,-1.118033988749894903e+00,-2.459674775249768519e+00,-2.459674775249768519e+00,-4.248529157249600452e+00,-5.142956348249516196e+00,-4.248529157249600452e+00,-4.919349550499537038e+00,-6.484597134749389369e+00,-5.813776741499452783e+00,-6.260990336999411099e+00,-3.577708763999663422e+00,-2.459674775249768519e+00,-8.944271909999158554e-01,-3.801315561749642136e+00,-1.118033988749894903e+00,-2.012461179749810647e+00,-3.130495168499705549e+00,-2.906888370749726391e+00,-3.577708763999663422e+00,-3.577708763999663422e+00,0.000000000000000000e+00,-8.944271909999158554e-01,-2.236067977499789639e-01,1.788854381999831711e+00,4.248529157249600452e+00,4.472135954999579610e+00,5.366563145999495354e+00,2.459674775249768519e+00,3.577708763999663422e+00,2.683281572999747677e+00,1.788854381999831711e+00,2.236067977499789805e+00,4.472135954999579277e-01,0.000000000000000000e+00,1.118033988749894903e+00,6.708203932499369193e-01,-8.944271909999158554e-01,-1.565247584249852775e+00,-1.565247584249852775e+00,4.472135954999579277e-01
-4.919349550499537038e+00,-4.695742752749557880e+00,-3.801315561749642136e+00,-2.012461179749810647e+00,-2.459674775249768519e+00,-4.472135954999579610e+00,-4.472135954999579610e+00,-3.801315561749642136e+00,-3.354101966249684263e+00,-2.012461179749810647e+00,-2.906888370749726391e+00,-1.788854381999831711e+00,-6.708203932499369193e-01,6.708203932499369193e-01,-8.944271909999158554e-01,-2.236067977499789639e-01,2.236067977499789639e-01,0.000000000000000000e+00,1.118033988749894903e+00,4.472135954999579277e-01,1.788854381999831711e+00,3.354101966249684263e+00,1.788854381999831711e+00,3.801315561749642136e+00,5.142956348249516196e+00,4.919349550499537038e+00,1.565247584249852775e+00,2.459674775249768519e+00,2.236067977499789805e+00,6.708203932499369193e-01,8.944271909999158554e-01,6.708203932499369193e-01,1.118033988749894903e+00,8.944271909999158554e-01,2.236067977499789805e+00,2.683281572999747677e+00,2.906888370749726391e+00,2.906888370749726391e+00,2.012461179749810647e+00,2.236067977499789639e-01,-1.788854381999831711e+00,-4.472135954999579277e-01,6.708203932499369193e-01,-6.708203932499369193e-01,0.000000000000000000e+00,-2.236067977499789639e-01,-4.472135954999579277e-01,-1.341640786499873839e+00,-1.565247584249852775e+00,-3.130495168499705549e+00,-2.683281572999747677e+00,-4.024922359499621294e+00,-2.459674775249768519e+00,-1.341640786499873839e+00,-1.118033988749894903e+00,2.236067977499789639e-01,0.000000000000000000e+00,-2.012461179749810647e+00,-2.459674775249768519e+00,-2.012461179749810647e+00,-1.341640786499873839e+00,-2.236067977499789639e-01,-8.944271909999158554e-01,-1.118033988749894903e+00,-2.459674775249768519e+00,-1.788854381999831711e+00,-6.708203932499369193e-01,0.000000000000000000e+00,1.565247584249852775e+00,6.708203932499369193e-01,-8.944271909999158554e-01,-1.118033988749894903e+00,-3.130495168499705549e+00,-4.472135954999579610e+00,-2.906888370749726391e+00,-3.354101966249684263e+00,-2.906888370749726391e+00,-5.142956348249516196e+00,-4.248529157249600452e+00,-4.472135954999579610e+00,-4.919349550499537038e+00,-4.695742752749557880e+00,-4.472135954999579610e+00,-8.944271909999158554e-01,-2.236067977499789805e+00,2.236067977499789639e-01,6.708203932499369193e-01,0.000000000000000000e+00,0.000000000000000000e+00,8.944271909999158554e-01,6.708203932499369193e-01,1.565247584249852775e+00,1.118033988749894903e+00,1.788854381999831711e+00,3.130495168499705549e+00,2.683281572999747677e+00,6.708203932499369193e-01,8.944271909999158554e-01,1.341640786499873839e+00,-2.236067977499789639e-01,-2.012461179749810647e+00,-3.354101966249684263e+00,-5.813776741499452783e+00,-4.695742752749557880e+00,-5.142956348249516196e+00,-6.037383539249431941e+00,-5.813776741499452783e+00,-5.366563145999495354e+00,-4.472135954999579610e+00,-3.130495168499705549e+00,-2.459674775249768519e+00,-2.012461179749810647e+00,-1.565247584249852775e+00,8.944271909999158554e-01,-2.236067977499789639e-01,-8.944271909999158554e-01,-2.236067977499789639e-01,-4.472135954999579277e-01,-2.459674775249768519e+00,-2.906888370749726391e+00,-4.472135954999579610e+00,-5.142956348249516196e+00,-4.919349550499537038e+00,-7.155417527999326843e+00,-8.049844718999242588e+00,-7.826237921249263430e+00,-6.708203932499368527e+00,-8.049844718999242588e+00,-6.708203932499368527e+00,-5.366563145999495354e+00,-6.260990336999411099e+00,-5.813776741499452783e+00,-4.024922359499621294e+00,-3.130495168499705549e+00,-2.459674775249768519e+00,-2.683281572999747677e+00,-3.130495168499705549e+00,-4.024922359499621294e+00,-4.248529157249600452e+00,-2.906888370749726391e+00,-2.906888370749726391e+00,-4.024922359499621294e+00,-4.024922359499621294e+00,-2.236067977499789805e+00,-2.683281572999747677e+00,0.000000000000000000e+00,-6.708203932499369193e-01,8.944271909999158554e-01,4.472135954999579277e-01,1.788854381999831711e+00,1.788854381999831711e+00,3.130495168499705549e+00,2.906888370749726391e+00,3.130495168499705549e+00,4.248529157249600452e+00,4.248529157249600452e+00,4.472135954999579610e+00,2.906888370749726391e+00,2.459674775249768519e+00,2.906888370749726391e+00,2.236067977499789805e+00,2.459674775249768519e+00,4.024922359499621294e+00,1.341640786499873839e+00,2.236067977499789805e+00,4.472135954999579277e-01,8.944271909999158554e-01,-2.236067977499789639e-01,1.118033988749894903e+00,1.788854381999831711e+00,1.565247584249852775e+00,1.788854381999831711e+00,8.944271909999158554e-01,1.341640786499873839e+00,2.236067977499789805e+00,3.801315561749642136e+00,3.130495168499705549e+00,3.354101966249684263e+00,1.565247584249852775e+00,1.788854381999831711e+00,1.565247584249852775e+00,2.236067977499789805e+00,1.565247584249852775e+00,0.000000000000000000e+00,-6.708203932499369193e-01,-3.130495168499705549e+00,-1.788854381999831711e+00,0.000000000000000000e+00,0.000000000000000000e+00,-8.944271909999158554e-01,-1.788854381999831711e+00,-2.236067977499789805e+00,-3.801315561749642136e+00,-4.472135954999579277e-01,-8.944271909999158554e-01,8.944271909999158554e-01,1.341640786499873839e+00,1.341640786499873839e+00,2.236067977499789805e+00,3.130495168499705549e+00,1.565247584249852775e+00,4.919349550499537038e+00,5.142956348249516196e+00,4.919349550499537038e+00,2.683281572999747677e+00,2.236067977499789805e+00,2.683281572999747677e+00,2.683281572999747677e+00,4.695742752749557880e+00,6.037383539249431941e+00,4.695742752749557880e+00,4.024922359499621294e+00,4.472135954999579610e+00,4.919349550499537038e+00,3.577708763999663422e+00,1.788854381999831711e+00,4.472135954999579277e-01,1.118033988749894903e+00,3.130495168499705549e+00,5.813776741499452783e+00,3.801315561749642136e+00,2.683281572999747677e+00,4.472135954999579277e-01,-1.341640786499873839e+00,6.708203932499369193e-01,2.012461179749810647e+00,6.708203932499369193e-01,2.459674775249768519e+00,3.130495168499705549e+00,2.012461179749810647e+00,6.708203932499369193e-01,2.906888370749726391e+00,3.354101966249684263e+00,2.236067977499789639e-01,-1.341640786499873839e+00,-2.012461179749810647e+00,-2.236067977499789639e-01,6.708203932499369193e-01,1.341640786499873839e+00,-1.788854381999831711e+00,-8.944271909999158554e-01,0.000000000000000000e+00,-6.708203932499369193e-01,-8.944271909999158554e-01,-1.341640786499873839e+00,-1.565247584249852775e+00,-1.341640786499873839e+00,-1.341640786499873839e+00,0.000000000000000000e+00,-8.944271909999158554e-01,2.236067977499789639e-01,2.236067977499789639e-01,1.118033988749894903e+00,4.472135954999579277e-01,1.341640786499873839e+00,6.708203932499369193e-01,-1.565247584249852775e+00,1.118033988749894903e+00,1.788854381999831711e+00,8.944271909999158554e-01,2.683281572999747677e+00,-1.565247584249852775e+00,-8.944271909999158554e-01,-6.708203932499369193e-01,4.472135954999579277e-01,2.236067977499789805e+00,8.944271909999158554e-01,8.944271909999158554e-01,6.708203932499369193e-01,-2.236067977499789639e-01,-2.012461179749810647e+00,-2.012461179749810647e+00,-3.577708763999663422e+00,-3.577708763999663422e+00,-4.024922359499621294e+00,-2.236067977499789805e+00,-2.236067977499789805e+00,-8.944271909999158554e-01,-4.472135954999579277e-01,-1.565247584249852775e+00,-1.118033988749894903e+00,4.472135954999579277e-01,6.708203932499369193e-01,2.683281572999747677e+00,2.012461179749810647e+00,1.118033988749894903e+00,-1.788854381999831711e+00,-2.236067977499789805e+00,-2.012461179749810647e+00,-2.906888370749726391e+00,-1.788854381999831711e+00,-2.236067977499789639e-01,6.708203932499369193e-01,-1.341640786499873839e+00,-8.944271909999158554e-01,-1.118033988749894903e+00,-2.236067977499789639e-01,-1.788854381999831711e+00,-2.683281572999747677e+00,-2.236067977499789805e+00,-2.906888370749726391e+00,-3.577708763999663422e+00,-2.683281572999747677e+00,-2.459674775249768519e+00,-2.236067977499789805e+00,-2.906888370749726391e+00,-3.354101966249684263e+00,-4.248529157249600452e+00,-3.577708763999663422e+00,-4.919349550499537038e+00,-4.472135954999579610e+00,-2.236067977499789805e+00,-4.472135954999579277e-01,-8.944271909999158554e-01,1.118033988749894903e+00,2.236067977499789805e+00,2.236067977499789639e-01,1.565247584249852775e+00,4.472135954999579277e-01,3.801315561749642136e+00,1.788854381999831711e+00,2.906888370749726391e+00,2.906888370749726391e+00,1.565247584249852775e+00,8.944271909999158554e-01,1.118033988749894903e+00,1.118033988749894903e+00,8.944271909999158554e-01,1.118033988749894903e+00,6.708203932499369193e-01,2.906888370749726391e+00,6.708203932499369193e-01,4.472135954999579277e-01,2.012461179749810647e+00,1.788854381999831711e+00,4.472135954999579277e-01,0.000000000000000000e+00,-1.565247584249852775e+00,-8.944271909999158554e-01,-1.565247584249852775e+00,-6.708203932499369193e-01,1.788854381999831711e+00,8.944271909999158554e-01,1.565247584249852775e+00,6.708203932499369193e-01,-8.944271909999158554e-01,-1.118033988749894903e+00,-1.341640786499873839e+00,-2.459674775249768519e+00,-2.459674775249768519e+00,-1.565247584249852775e+00,-2.906888370749726391e+00,-1.565247584249852775e+00,-2.236067977499789805e+00,-6.708203932499369193e-01,-1.565247584249852775e+00,-1.788854381999831711e+00,-1.788854381999831711e+00,-2.012461179749810647e+00,-2.236067977499789805e+00,-1.118033988749894903e+00,-2.236067977499789639e-01,-1.565247584249852775e+00,-1.341640786499873839e+00,-4.472135954999579277e-01,-2.012461179749810647e+00,-4.472135954999579277e-01,-6.708203932499369193e-01,1.788854381999831711e+00,8.944271909999158554e-01,6.708203932499369193e-01,-4.472135954999579277e-01,6.708203932499369193e-01,2.459674775249768519e+00,4.024922359499621294e+00,2.459674775249768519e+00,1.341640786499873839e+00,0.000000000000000000e+00,6.708203932499369193e-01,-1.565247584249852775e+00,-2.236067977499789805e+00,-2.906888370749726391e+00,-1.341640786499873839e+00,0.000000000000000000e+00,-1.788854381999831711e+00,-2.012461179749810647e+00,-1.565247584249852775e+00,-2.459674775249768519e+00,-1.118033988749894903e+00,-1.788854381999831711e+00,-2.236067977499789639e-01,4.472135954999579277e-01,2.459674775249768519e+00,2.012461179749810647e+00,2.236067977499789805e+00,2.012461179749810647e+00,1.565247584249852775e+00,1.341640786499873839e+00,1.788854381999831711e+00,2.236067977499789805e+00,6.708203932499369193e-01,2.012461179749810647e+00,1.118033988749894903e+00,2.459674775249768519e+00,1.341640786499873839e+00,3.577708763999663422e+00,3.577708763999663422e+00,3.801315561749642136e+00,4.024922359499621294e+00,4.472135954999579610e+00,5.813776741499452783e+00,6.708203932499368527e+00,6.260990336999411099e+00,4.248529157249600452e+00,2.906888370749726391e+00,2.906888370749726391e+00,2.236067977499789805e+00,1.565247584249852775e+00,2.683281572999747677e+00,1.788854381999831711e+00,2.906888370749726391e+00,2.236067977499789805e+00,1.565247584249852775e+00,1.118033988749894903e+00,4.472135954999579277e-01,0.000000000000000000e+00,-2.236067977499789639e-01,-1.341640786499873839e+00,-1.118033988749894903e+00,-2.236067977499789805e+00,-4.919349550499537038e+00,-4.472135954999579610e+00,-4.919349550499537038e+00,-2.906888370749726391e+00,-2.236067977499789805e+00,-1.341640786499873839e+00,-6.708203932499369193e-01,2.236067977499789639e-01,-8.944271909999158554e-01,-6.708203932499369193e-01,6.708203932499369193e-01,2.012461179749810647e+00,1.118033988749894903e+00,1.788854381999831711e+00,0.000000000000000000e+00,4.472135954999579277e-01,2.236067977499789639e-01,8.944271909999158554e-01,-8.944271909999158554e-01,-8.944271909999158554e-01,4.472135954999579277e-01,1.341640786499873839e+00,4.472135954999579277e-01,8.944271909999158554e-01,6.708203932499369193e-01,2.236067977499789805e+00,4.248529157249600452e+00,5.142956348249516196e+00,3.577708763999663422e+00,4.919349550499537038e+00,6.484597134749389369e+00,6.260990336999411099e+00,4.472135954999579610e+00,4.024922359499621294e+00,4.248529157249600452e+00,4.248529157249600452e+00,4.248529157249600452e+00,4.248529157249600452e+00,5.590169943749473624e+00,2.683281572999747677e+00,3.354101966249684263e+00,2.683281572999747677e+00,1.565247584249852775e+00,1.788854381999831711e+00,5.590169943749473624e+00,3.577708763999663422e+00,2.906888370749726391e+00,3.354101966249684263e+00,4.472135954999579610e+00,4.472135954999579610e+00,3.577708763999663422e+00,5.813776741499452783e+00,4.024922359499621294e+00,4.024922359499621294e+00,5.142956348249516196e+00,5.142956348249516196e+00,6.484597134749389369e+00,5.142956348249516196e+00,5.142956348249516196e+00,3.801315561749642136e+00,4.024922359499621294e+00,2.459674775249768519e+00,2.459674775249768519e+00,4.472135954999579277e-01,2.012461179749810647e+00,8.944271909999158554e-01,-6.708203932499369193e-01,0.000000000000000000e+00,-2.236067977499789639e-01,-4.472135954999579277e-01
4.472135954999579610e+00,5.813776741499452783e+00,6.931810730249347685e+00,5.142956348249516196e+00,4.695742752749557880e+00,4.472135954999579610e+00,3.130495168499705549e+00,1.788854381999831711e+00,2.236067977499789805e+00,2.459674775249768519e+00,3.354101966249684263e+00,3.354101966249684263e+00,2.459674775249768519e+00,1.341640786499873839e+00,2.236067977499789805e+00,1.341640786499873839e+00,8.944271909999158554e-01,1.341640786499873839e+00,8.944271909999158554e-01,2.012461179749810647e+00,1.788854381999831711e+00,8.944271909999158554e-01,2.459674775249768519e+00,4.919349550499537038e+00,4.472135954999579610e+00,3.801315561749642136e+00,3.130495168499705549e+00,4.695742752749557880e+00,2.012461179749810647e+00,2.236067977499789805e+00,2.683281572999747677e+00,1.788854381999831711e+00,1.341640786499873839e+00,4.472135954999579277e-01,2.012461179749810647e+00,1.788854381999831711e+00,1.118033988749894903e+00,3.801315561749642136e+00,2.683281572999747677e+00,2.236067977499789805e+00,1.788854381999831711e+00,1.118033988749894903e+00,-1.341640786499873839e+00,-2.012461179749810647e+00,-3.130495168499705549e+00,-3.130495168499705549e+00,-2.683281572999747677e+00,-3.130495168499705549e+00,-3.354101966249684263e+00,-3.130495168499705549e+00,-2.906888370749726391e+00,-3.354101966249684263e+00,-3.130495168499705549e+00,-3.354101966249684263e+00,-2.459674775249768519e+00,-3.130495168499705549e+00,-2.683281572999747677e+00,-3.130495168499705549e+00,-2.683281572999747677e+00,-8.944271909999158554e-01,-1.565247584249852775e+00,-1.565247584249852775e+00,-2.236067977499789805e+00,-3.354101966249684263e+00,4.472135954999579277e-01,-1.565247584249852775e+00,-1.118033988749894903e+00,2.236067977499789639e-01,1.341640786499873839e+00,8.944271909999158554e-01,6.708203932499369193e-01,-6.708203932499369193e-01,-1.341640786499873839e+00,-2.459674775249768519e+00,-3.130495168499705549e+00,-2.683281572999747677e+00,-3.354101966249684263e+00,-4.024922359499621294e+00,-1.565247584249852775e+00,-6.708203932499369193e-01,-2.012461179749810647e+00,-1.565247584249852775e+00,-2.236067977499789639e-01,4.472135954999579277e-01,8.944271909999158554e-01,-4.472135954999579277e-01,-1.565247584249852775e+00,-1.341640786499873839e+00,-2.236067977499789639e-01,1.565247584249852775e+00,8.944271909999158554e-01,-6.708203932499369193e-01,2.236067977499789639e-01,-1.118033988749894903e+00,-1.118033988749894903e+00,-1.565247584249852775e+00,-1.565247584249852775e+00,-2.012461179749810647e+00,-3.354101966249684263e+00,-8.944271909999158554e-01,6.708203932499369193e-01,1.565247584249852775e+00,8.944271909999158554e-01,1.565247584249852775e+00,2.459674775249768519e+00,2.459674775249768519e+00,2.683281572999747677e+00,3.801315561749642136e+00,2.012461179749810647e+00,-1.341640786499873839e+00,-2.459674775249768519e+00,-2.012461179749810647e+00,-2.459674775249768519e+00,-2.012461179749810647e+00,-1.118033988749894903e+00,-2.459674775249768519e+00,-3.354101966249684263e+00,-2.012461179749810647e+00,-2.906888370749726391e+00,-1.788854381999831711e+00,-2.236067977499789805e+00,-3.577708763999663422e+00,-2.012461179749810647e+00,-2.906888370749726391e+00,-3.130495168499705549e+00,-3.801315561749642136e+00,-4.248529157249600452e+00,-2.236067977499789805e+00,-3.354101966249684263e+00,-3.354101966249684263e+00,-4.024922359499621294e+00,-2.906888370749726391e+00,-2.012461179749810647e+00,-6.708203932499369193e-01,-2.236067977499789639e-01,1.788854381999831711e+00,1.788854381999831711e+00,1.565247584249852775e+00,3.354101966249684263e+00,4.024922359499621294e+00,5.813776741499452783e+00,6.931810730249347685e+00,7.155417527999326843e+00,6.260990336999411099e+00,4.919349550499537038e+00,5.813776741499452783e+00,3.577708763999663422e+00,3.354101966249684263e+00,1.118033988749894903e+00,2.236067977499789639e-01,-8.944271909999158554e-01,-6.708203932499369193e-01,-2.236067977499789805e+00,6.708203932499369193e-01,2.459674775249768519e+00,2.459674775249768519e+00,1.788854381999831711e+00,1.118033988749894903e+00,3.577708763999663422e+00,2.683281572999747677e+00,3.577708763999663422e+00,3.801315561749642136e+00,2.459674775249768519e+00,2.236067977499789805e+00,1.788854381999831711e+00,2.012461179749810647e+00,2.906888370749726391e+00,2.236067977499789639e-01,6.708203932499369193e-01,8.944271909999158554e-01,1.788854381999831711e+00,8.944271909999158554e-01,-4.472135954999579277e-01,-6.708203932499369193e-01,2.683281572999747677e+00,6.708203932499369193e-01,4.472135954999579277e-01,-1.341640786499873839e+00,-4.472135954999579277e-01,-4.472135954999579277e-01,-4.472135954999579277e-01,-1.788854381999831711e+00,-2.012461179749810647e+00,-1.565247584249852775e+00,-6.708203932499369193e-01,-1.118033988749894903e+00,-1.565247584249852775e+00,-6.708203932499369193e-01,-8.944271909999158554e-01,2.236067977499789639e-01,-1.565247584249852775e+00,1.341640786499873839e+00,1.565247584249852775e+00,1.565247584249852775e+00,1.565247584249852775e+00,4.472135954999579277e-01,1.341640786499873839e+00,3.130495168499705549e+00,4.472135954999579610e+00,5.142956348249516196e+00,5.142956348249516196e+00,5.142956348249516196e+00,3.130495168499705549e+00,1.788854381999831711e+00,1.565247584249852775e+00,3.130495168499705549e+00,4.472135954999579610e+00,3.577708763999663422e+00,3.130495168499705549e+00,2.236067977499789805e+00,-4.472135954999579277e-01,-4.472135954999579277e-01,-2.236067977499789639e-01,0.000000000000000000e+00,1.565247584249852775e+00,2.012461179749810647e+00,2.683281572999747677e+00,3.130495168499705549e+00,2.906888370749726391e+00,2.683281572999747677e+00,2.459674775249768519e+00,3.801315561749642136e+00,3.577708763999663422e+00,2.906888370749726391e+00,1.788854381999831711e+00,1.341640786499873839e+00,6.708203932499369193e-01,-2.236067977499789639e-01,-1.565247584249852775e+00,-1.341640786499873839e+00,-1.118033988749894903e+00,-2.236067977499789639e-01,-4.472135954999579277e-01,-1.341640786499873839e+00,-1.788854381999831711e+00,0.000000000000000000e+00,-1.118033988749894903e+00,-2.012461179749810647e+00,-1.565247584249852775e+00,-8.944271909999158554e-01,-4.248529157249600452e+00,-3.577708763999663422e+00,-2.683281572999747677e+00,4.472135954999579277e-01,-6.708203932499369193e-01,-6.708203932499369193e-01,0.000000000000000000e+00,-4.472135954999579277e-01,-2.236067977499789639e-01,-8.944271909999158554e-01,6.708203932499369193e-01,-6.708203932499369193e-01,-2.236067977499789639e-01,-1.341640786499873839e+00,-1.118033988749894903e+00,-2.236067977499789639e-01,6.708203932499369193e-01,2.459674775249768519e+00,1.565247584249852775e+00,2.012461179749810647e+00,2.236067977499789805e+00,1.341640786499873839e+00,1.118033988749894903e+00,2.236067977499789639e-01,4.472135954999579277e-01,-6.708203932499369193e-01,-2.683281572999747677e+00,-2.459674775249768519e+00,-1.788854381999831711e+00,-2.012461179749810647e+00,-1.565247584249852775e+00,-1.341640786499873839e+00,2.236067977499789639e-01,2.236067977499789805e+00,2.459674775249768519e+00,8.944271909999158554e-01,-4.472135954999579277e-01,-3.801315561749642136e+00,-3.801315561749642136e+00,-3.354101966249684263e+00,-2.236067977499789805e+00,-1.565247584249852775e+00,-6.708203932499369193e-01,-4.472135954999579277e-01,-1.565247584249852775e+00,-6.708203932499369193e-01,0.000000000000000000e+00,1.118033988749894903e+00,2.236067977499789639e-01,0.000000000000000000e+00,1.565247584249852775e+00,1.788854381999831711e+00,2.459674775249768519e+00,3.130495168499705549e+00,2.012461179749810647e+00,2.906888370749726391e+00,2.236067977499789805e+00,1.341640786499873839e+00,4.472135954999579277e-01,0.000000000000000000e+00,1.118033988749894903e+00,-2.236067977499789639e-01,0.000000000000000000e+00,2.236067977499789639e-01,8.944271909999158554e-01,1.788854381999831711e+00,-4.472135954999579277e-01,-1.118033988749894903e+00,-6.708203932499369193e-01,-1.341640786499873839e+00,-8.944271909999158554e-01,-2.236067977499789805e+00,-2.683281572999747677e+00,-8.944271909999158554e-01,-1.788854381999831711e+00,-8.944271909999158554e-01,-6.708203932499369193e-01,-2.236067977499789639e-01,2.906888370749726391e+00,3.354101966249684263e+00,2.683281572999747677e+00,2.459674775249768519e+00,1.788854381999831711e+00,2.236067977499789639e-01,1.341640786499873839e+00,1.341640786499873839e+00,1.788854381999831711e+00,1.788854381999831711e+00,0.000000000000000000e+00,-6.708203932499369193e-01,1.341640786499873839e+00,2.236067977499789805e+00,1.788854381999831711e+00,-1.118033988749894903e+00,-3.801315561749642136e+00,-3.801315561749642136e+00,-3.130495168499705549e+00,-2.012461179749810647e+00,-1.565247584249852775e+00,-6.708203932499369193e-01,6.708203932499369193e-01,4.472135954999579277e-01,1.341640786499873839e+00,1.788854381999831711e+00,1.565247584249852775e+00,-2.236067977499789639e-01,1.118033988749894903e+00,-1.118033988749894903e+00,-8.944271909999158554e-01,4.472135954999579277e-01,6.708203932499369193e-01,6.708203932499369193e-01,-4.472135954999579277e-01,-1.118033988749894903e+00,-1.341640786499873839e+00,-3.577708763999663422e+00,-5.142956348249516196e+00,-5.813776741499452783e+00,-8.497058314499200904e+00,-8.273451516749220858e+00,-6.708203932499368527e+00,-5.813776741499452783e+00,-6.931810730249347685e+00,-5.813776741499452783e+00,-8.273451516749220858e+00,-9.167878707749137490e+00,-7.155417527999326843e+00,-5.813776741499452783e+00,-5.142956348249516196e+00,-4.695742752749557880e+00,-3.577708763999663422e+00,-3.801315561749642136e+00,-3.577708763999663422e+00,-2.906888370749726391e+00,-8.944271909999158554e-01,-2.459674775249768519e+00,-1.118033988749894903e+00,-1.565247584249852775e+00,-2.459674775249768519e+00,-2.236067977499789805e+00,-2.906888370749726391e+00,-2.012461179749810647e+00,-1.788854381999831711e+00,6.708203932499369193e-01,4.472135954999579277e-01,2.236067977499789639e-01,0.000000000000000000e+00,1.341640786499873839e+00,2.236067977499789805e+00,0.000000000000000000e+00,2.012461179749810647e+00,1.565247584249852775e+00,0.000000000000000000e+00,-2.012461179749810647e+00,-2.459674775249768519e+00,-1.788854381999831711e+00,-2.906888370749726391e+00,-3.801315561749642136e+00,-4.472135954999579610e+00,-3.577708763999663422e+00,-2.012461179749810647e+00,-8.944271909999158554e-01,-1.341640786499873839e+00,-1.788854381999831711e+00,-6.708203932499369193e-01,8.944271909999158554e-01,8.944271909999158554e-01,8.944271909999158554e-01,2.683281572999747677e+00,2.012461179749810647e+00,1.341640786499873839e+00,-2.236067977499789639e-01,2.236067977499789639e-01,1.341640786499873839e+00,1.565247584249852775e+00,2.683281572999747677e+00,2.906888370749726391e+00,1.565247584249852775e+00,1.565247584249852775e+00,6.708203932499369193e-01,-1.118033988749894903e+00,8.944271909999158554e-01,2.236067977499789805e+00,4.248529157249600452e+00,2.459674775249768519e+00,3.577708763999663422e+00,3.577708763999663422e+00,4.024922359499621294e+00,1.565247584249852775e+00,1.788854381999831711e+00,1.118033988749894903e+00,-4.472135954999579277e-01,-1.565247584249852775e+00,-8.944271909999158554e-01,2.236067977499789639e-01,0.000000000000000000e+00,0.000000000000000000e+00,-4.472135954999579277e-01,-4.472135954999579277e-01,2.236067977499789639e-01,1.565247584249852775e+00,1.341640786499873839e+00,0.000000000000000000e+00,1.341640786499873839e+00,2.906888370749726391e+00,4.248529157249600452e+00,2.906888370749726391e+00,2.683281572999747677e+00,2.906888370749726391e+00,3.577708763999663422e+00,2.459674775249768519e+00,3.354101966249684263e+00,8.944271909999158554e-01,1.341640786499873839e+00,1.788854381999831711e+00,4.472135954999579277e-01,-8.944271909999158554e-01,-8.944271909999158554e-01,-4.472135954999579277e-01,0.000000000000000000e+00,8.944271909999158554e-01,-1.118033988749894903e+00,-2.236067977499789639e-01,-8.944271909999158554e-01,-3.130495168499705549e+00,-1.788854381999831711e+00,-6.708203932499369193e-01,-1.565247584249852775e+00,-1.788854381999831711e+00,-6.708203932499369193e-01,-2.236067977499789805e+00,-2.012461179749810647e+00,-2.012461179749810647e+00,-6.708203932499369193e-01,-6.708203932499369193e-01,-2.236067977499789639e-01,-6.708203932499369193e-01,-2.459674775249768519e+00,-8.944271909999158554e-01,-8.944271909999158554e-01,-2.236067977499789639e-01,-2.236067977499789639e-01,2.236067977499789639e-01,4.472135954999579277e-01,-4.472135954999579277e-01,2.236067977499789639e-01,2.459674775249768519e+00,2.012461179749810647e+00,3.801315561749642136e+00,2.236067977499789805e+00,1.565247584249852775e+00,8.944271909999158554e-01,8.944271909999158554e-01,1.341640786499873839e+00,1.118033988749894903e+00,0.000000000000000000e+00,-8.944271909999158554e-01,1.118033988749894903e+00,6.708203932499369193e-01,2.683281572999747677e+00
1.341640786499873839e+00,2.683281572999747677e+00,1.118033988749894903e+00,2.012461179749810647e+00,-4.472135954999579277e-01,1.788854381999831711e+00,2.683281572999747677e+00,3.354101966249684263e+00,3.354101966249684263e+00,0.000000000000000000e+00,-4.472135954999579277e-01,-1.788854381999831711e+00,-1.341640786499873839e+00,-2.012461179749810647e+00,-1.788854381999831711e+00,-2.236067977499789639e-01,-2.459674775249768519e+00,-2.683281572999747677e+00,-3.130495168499705549e+00,-3.354101966249684263e+00,-3.354101966249684263e+00,-2.459674775249768519e+00,-8.944271909999158554e-01,6.708203932499369193e-01,6.708203932499369193e-01,2.236067977499789639e-01,1.341640786499873839e+00,1.565247584249852775e+00,6.708203932499369193e-01,-4.472135954999579277e-01,-8.944271909999158554e-01,1.341640786499873839e+00,6.708203932499369193e-01,-4.472135954999579277e-01,4.472135954999579277e-01,1.118033988749894903e+00,1.341640786499873839e+00,6.708203932499369193e-01,3.130495168499705549e+00,2.012461179749810647e+00,6.708203932499369193e-01,1.341640786499873839e+00,-1.118033988749894903e+00,-1.118033988749894903e+00,-1.788854381999831711e+00,-2.683281572999747677e+00,-2.683281572999747677e+00,-1.118033988749894903e+00,-2.236067977499789639e-01,-2.459674775249768519e+00,6.708203932499369193e-01,4.472135954999579277e-01,1.118033988749894903e+00,4.472135954999579277e-01,0.000000000000000000e+00,4.472135954999579277e-01,-1.118033988749894903e+00,-1.565247584249852775e+00,-2.012461179749810647e+00,-4.472135954999579277e-01,0.000000000000000000e+00,-1.118033988749894903e+00,-1.118033988749894903e+00,-2.236067977499789639e-01,2.236067977499789639e-01,-2.683281572999747677e+00,-4.024922359499621294e+00,-4.919349550499537038e+00,-4.472135954999579610e+00,-4.695742752749557880e+00,-4.472135954999579610e+00,-6.484597134749389369e+00,-5.366563145999495354e+00,-5.813776741499452783e+00,-3.577708763999663422e+00,-6.260990336999411099e+00,-4.248529157249600452e+00,-4.472135954999579610e+00,-4.695742752749557880e+00,-4.695742752749557880e+00,-5.366563145999495354e+00,-4.248529157249600452e+00,-2.906888370749726391e+00,-2.459674775249768519e+00,-3.130495168499705549e+00,-4.472135954999579610e+00,-5.366563145999495354e+00,-5.590169943749473624e+00,-7.602631123499284271e+00,-5.813776741499452783e+00,-6.037383539249431941e+00,-6.260990336999411099e+00,-7.379024325749306001e+00,-6.260990336999411099e+00,-4.472135954999579610e+00,-5.366563145999495354e+00,-4.919349550499537038e+00,-4.919349550499537038e+00,-3.130495168499705549e+00,-4.248529157249600452e+00,-4.248529157249600452e+00,-4.919349550499537038e+00,-4.695742752749557880e+00,-2.459674775249768519e+00,-6.708203932499369193e-01,2.236067977499789639e-01,1.788854381999831711e+00,0.000000000000000000e+00,4.472135954999579277e-01,2.236067977499789639e-01,-2.236067977499789639e-01,3.354101966249684263e+00,4.472135954999579610e+00,3.130495168499705549e+00,3.354101966249684263e+00,1.788854381999831711e+00,2.683281572999747677e+00,1.565247584249852775e+00,2.683281572999747677e+00,3.577708763999663422e+00,3.130495168499705549e+00,2.012461179749810647e+00,1.565247584249852775e+00,1.565247584249852775e+00,8.944271909999158554e-01,-8.944271909999158554e-01,-1.565247584249852775e+00,2.236067977499789639e-01,2.236067977499789639e-01,1.788854381999831711e+00,2.236067977499789805e+00,4.472135954999579277e-01,-4.472135954999579277e-01,-2.236067977499789639e-01,1.341640786499873839e+00,6.708203932499369193e-01,1.118033988749894903e+00,8.944271909999158554e-01,1.118033988749894903e+00,2.012461179749810647e+00,6.708203932499369193e-01,4.472135954999579277e-01,2.236067977499789639e-01,-8.944271909999158554e-01,-1.565247584249852775e+00,-1.565247584249852775e+00,-1.341640786499873839e+00,-1.118033988749894903e+00,-2.906888370749726391e+00,-2.012461179749810647e+00,-2.906888370749726391e+00,-1.565247584249852775e+00,-1.565247584249852775e+00,-2.683281572999747677e+00,-2.683281572999747677e+00,-5.142956348249516196e+00,-3.130495168499705549e+00,-3.130495168499705549e+00,-3.354101966249684263e+00,-2.906888370749726391e+00,-2.459674775249768519e+00,-2.012461179749810647e+00,-1.788854381999831711e+00,-2.906888370749726391e+00,-2.683281572999747677e+00,-6.708203932499369193e-01,0.000000000000000000e+00,4.472135954999579277e-01,2.459674775249768519e+00,1.341640786499873839e+00,1.788854381999831711e+00,-2.459674775249768519e+00,-2.012461179749810647e+00,-1.341640786499873839e+00,-2.906888370749726391e+00,-3.130495168499705549e+00,-1.788854381999831711e+00,-2.906888370749726391e+00,-1.341640786499873839e+00,-1.565247584249852775e+00,-6.708203932499369193e-01,-4.472135954999579277e-01,-1.788854381999831711e+00,-1.341640786499873839e+00,-2.683281572999747677e+00,-2.906888370749726391e+00,-4.024922359499621294e+00,-2.236067977499789805e+00,-2.236067977499789805e+00,-4.695742752749557880e+00,-3.801315561749642136e+00,-2.012461179749810647e+00,-3.577708763999663422e+00,-4.919349550499537038e+00,-6.037383539249431941e+00,-5.142956348249516196e+00,-5.813776741499452783e+00,-6.931810730249347685e+00,-5.813776741499452783e+00,-6.484597134749389369e+00,-6.931810730249347685e+00,-6.037383539249431941e+00,-7.602631123499284271e+00,-7.379024325749306001e+00,-6.708203932499368527e+00,-5.142956348249516196e+00,-2.906888370749726391e+00,-6.708203932499369193e-01,-2.236067977499789639e-01,1.118033988749894903e+00,0.000000000000000000e+00,-2.236067977499789639e-01,0.000000000000000000e+00,1.341640786499873839e+00,2.236067977499789805e+00,1.565247584249852775e+00,1.118033988749894903e+00,-6.708203932499369193e-01,-1.565247584249852775e+00,-2.012461179749810647e+00,-8.944271909999158554e-01,-4.472135954999579277e-01,-4.472135954999579277e-01,-8.944271909999158554e-01,-1.341640786499873839e+00,6.708203932499369193e-01,1.565247584249852775e+00,-2.236067977499789639e-01,-2.683281572999747677e+00,-1.341640786499873839e+00,-3.130495168499705549e+00,-3.130495168499705549e+00,-3.130495168499705549e+00,-3.130495168499705549e+00,-6.708203932499369193e-01,-1.341640786499873839e+00,-1.565247584249852775e+00,-1.341640786499873839e+00,-2.459674775249768519e+00,4.472135954999579277e-01,1.118033988749894903e+00,-4.472135954999579277e-01,-8.944271909999158554e-01,2.236067977499789639e-01,1.565247584249852775e+00,8.944271909999158554e-01,1.118033988749894903e+00,4.472135954999579277e-01,4.472135954999579277e-01,6.708203932499369193e-01,1.118033988749894903e+00,-2.236067977499789639e-01,6.708203932499369193e-01,6.708203932499369193e-01,8.944271909999158554e-01,1.565247584249852775e+00,-2.236067977499789639e-01,-4.472135954999579277e-01,-2.459674775249768519e+00,-1.565247584249852775e+00,-2.012461179749810647e+00,-1.565247584249852775e+00,-8.944271909999158554e-01,-1.341640786499873839e+00,1.341640786499873839e+00,-4.472135954999579277e-01,1.788854381999831711e+00,2.012461179749810647e+00,8.944271909999158554e-01,1.565247584249852775e+00,1.341640786499873839e+00,2.236067977499789639e-01,-2.236067977499789639e-01,-2.236067977499789805e+00,-3.577708763999663422e+00,-5.366563145999495354e+00,-5.590169943749473624e+00,-5.590169943749473624e+00,-3.130495168499705549e+00,-2.459674775249768519e+00,-5.813776741499452783e+00,-5.366563145999495354e+00,-4.248529157249600452e+00,-1.788854381999831711e+00,-3.354101966249684263e+00,-4.919349550499537038e+00,-3.354101966249684263e+00,-2.236067977499789639e-01,-1.565247584249852775e+00,6.708203932499369193e-01,2.459674775249768519e+00,1.118033988749894903e+00,1.118033988749894903e+00,6.708203932499369193e-01,0.000000000000000000e+00,-4.472135954999579277e-01,-1.565247584249852775e+00,-1.118033988749894903e+00,-8.944271909999158554e-01,-8.944271909999158554e-01,4.472135954999579277e-01,-2.236067977499789639e-01,-1.565247584249852775e+00,-2.012461179749810647e+00,-6.708203932499369193e-01,2.012461179749810647e+00,1.341640786499873839e+00,8.944271909999158554e-01,0.000000000000000000e+00,-1.341640786499873839e+00,-1.341640786499873839e+00,-1.341640786499873839e+00,-6.708203932499369193e-01,0.000000000000000000e+00,-2.236067977499789639e-01,-6.708203932499369193e-01,-6.708203932499369193e-01,-1.565247584249852775e+00,-2.012461179749810647e+00,-1.341640786499873839e+00,-2.236067977499789805e+00,-2.906888370749726391e+00,-2.906888370749726391e+00,2.236067977499789639e-01,1.565247584249852775e+00,-2.236067977499789639e-01,-1.565247584249852775e+00,-1.788854381999831711e+00,-1.565247584249852775e+00,-3.130495168499705549e+00,-2.012461179749810647e+00,-1.118033988749894903e+00,-4.472135954999579277e-01,-1.341640786499873839e+00,1.341640786499873839e+00,2.683281572999747677e+00,3.577708763999663422e+00,1.341640786499873839e+00,2.459674775249768519e+00,2.236067977499789805e+00,2.236067977499789639e-01,2.236067977499789639e-01,0.000000000000000000e+00,4.472135954999579277e-01,-6.708203932499369193e-01,-1.565247584249852775e+00,-1.788854381999831711e+00,-1.118033988749894903e+00,-2.012461179749810647e+00,8.944271909999158554e-01,1.565247584249852775e+00,1.118033988749894903e+00,1.118033988749894903e+00,2.459674775249768519e+00,1.565247584249852775e+00,-6.708203932499369193e-01,-1.788854381999831711e+00,-1.118033988749894903e+00,-2.459674775249768519e+00,-2.012461179749810647e+00,-1.341640786499873839e+00,-4.472135954999579277e-01,1.118033988749894903e+00,1.341640786499873839e+00,2.236067977499789639e-01,4.472135954999579277e-01,-1.341640786499873839e+00,-2.236067977499789805e+00,-1.565247584249852775e+00,-4.472135954999579277e-01,-2.236067977499789639e-01,4.472135954999579277e-01,-2.236067977499789639e-01,8.944271909999158554e-01,2.683281572999747677e+00,3.577708763999663422e+00,2.012461179749810647e+00,6.708203932499369193e-01,1.341640786499873839e+00,8.944271909999158554e-01,6.708203932499369193e-01,0.000000000000000000e+00,-4.472135954999579277e-01,2.236067977499789639e-01,2.236067977499789639e-01,-1.341640786499873839e+00,0.000000000000000000e+00,6.708203932499369193e-01,-8.944271909999158554e-01,-4.472135954999579277e-01,-1.565247584249852775e+00,-6.708203932499369193e-01,-1.118033988749894903e+00,-6.708203932499369193e-01,6.708203932499369193e-01,4.472135954999579277e-01,1.118033988749894903e+00,4.472135954999579277e-01,-4.472135954999579277e-01,0.000000000000000000e+00,-2.236067977499789805e+00,-3.130495168499705549e+00,-4.024922359499621294e+00,-2.683281572999747677e+00,-2.236067977499789805e+00,-2.683281572999747677e+00,-2.683281572999747677e+00,-3.354101966249684263e+00,-2.683281572999747677e+00,8.944271909999158554e-01,-2.236067977499789639e-01,-1.565247584249852775e+00,-3.801315561749642136e+00,-5.366563145999495354e+00,-3.354101966249684263e+00,-2.906888370749726391e+00,-2.683281572999747677e+00,-1.341640786499873839e+00,-2.236067977499789639e-01,0.000000000000000000e+00,-8.944271909999158554e-01,-1.341640786499873839e+00,-2.012461179749810647e+00,-1.788854381999831711e+00,-2.459674775249768519e+00,-1.788854381999831711e+00,-3.354101966249684263e+00,-3.354101966249684263e+00,-4.024922359499621294e+00,-4.248529157249600452e+00,-4.472135954999579610e+00,-4.695742752749557880e+00,-4.695742752749557880e+00,-5.813776741499452783e+00,-6.931810730249347685e+00,-6.484597134749389369e+00,-8.497058314499200904e+00,-8.049844718999242588e+00,-7.379024325749306001e+00,-7.826237921249263430e+00,-7.826237921249263430e+00,-7.379024325749306001e+00,-6.260990336999411099e+00,-6.260990336999411099e+00,-3.130495168499705549e+00,-3.130495168499705549e+00,-2.459674775249768519e+00,-8.944271909999158554e-01,-6.708203932499369193e-01,2.236067977499789639e-01,1.118033988749894903e+00,2.236067977499789805e+00,2.906888370749726391e+00,2.906888370749726391e+00,3.130495168499705549e+00,4.248529157249600452e+00,4.472135954999579610e+00,4.248529157249600452e+00,1.341640786499873839e+00,4.472135954999579277e-01,4.472135954999579277e-01,4.472135954999579277e-01,-1.788854381999831711e+00,-2.683281572999747677e+00,-2.236067977499789805e+00,-8.944271909999158554e-01,4.472135954999579277e-01,1.341640786499873839e+00,8.944271909999158554e-01,-8.944271909999158554e-01,-2.236067977499789639e-01,-2.459674775249768519e+00,-4.472135954999579610e+00,-3.354101966249684263e+00,-3.130495168499705549e+00,-2.236067977499789805e+00,-2.012461179749810647e+00,-1.565247584249852775e+00,-3.130495168499705549e+00,-3.801315561749642136e+00,-2.683281572999747677e+00,-3.130495168499705549e+00,-2.906888370749726391e+00,-2.012461179749810647e+00,-1.565247584249852775e+00,-1.341640786499873839e+00,-2.906888370749726391e+00,-3.577708763999663422e+00,-2.906888370749726391e+00,-2.459674775249768519e+00,-2.012461179749810647e+00,-4.472135954999579277e-01,1.341640786499873839e+00,2.236067977499789639e-01,8.944271909999158554e-01,1.341640786499873839e+00,2.012461179749810647e+00,1.341640786499873839e+00,1.565247584249852775e+00,2.683281572999747677e+00
-8.944271909999158554e-01,2.906888370749726391e+00,2.012461179749810647e+00,2.236067977499789639e-01,8.944271909999158554e-01,-2.236067977499789639e-01,-4.248529157249600452e+00,-4.248529157249600452e+00,-5.142956348249516196e+00,-6.708203932499368527e+00,-6.931810730249347685e+00,-7.379024325749306001e+00,-9.615092303249095806e+00,-1.118033988749894725e+01,-1.028591269649903239e+01,-1.118033988749894725e+01,-1.274558747174880047e+01,-1.296919426949877874e+01,-1.095673308974896898e+01,-9.615092303249095806e+00,-1.341640786499873705e+01,-1.050951949424901066e+01,-9.391485505499115760e+00,-8.273451516749220858e+00,-7.155417527999326843e+00,-6.037383539249431941e+00,-7.602631123499284271e+00,-6.708203932499368527e+00,-7.379024325749306001e+00,-5.813776741499452783e+00,-6.260990336999411099e+00,-5.142956348249516196e+00,-4.472135954999579610e+00,-2.459674775249768519e+00,-2.459674775249768519e+00,-2.012461179749810647e+00,-2.236067977499789805e+00,-1.118033988749894903e+00,-2.012461179749810647e+00,-2.012461179749810647e+00,-2.012461179749810647e+00,-1.788854381999831711e+00,-2.012461179749810647e+00,-3.130495168499705549e+00,-3.130495168499705549e+00,-2.906888370749726391e+00,-4.695742752749557880e+00,-3.801315561749642136e+00,-4.472135954999579610e+00,-4.024922359499621294e+00,-4.472135954999579610e+00,-3.801315561749642136e+00,-4.472135954999579610e+00,-4.024922359499621294e+00,-3.130495168499705549e+00,-2.906888370749726391e+00,-3.577708763999663422e+00,-2.459674775249768519e+00,-3.801315561749642136e+00,-5.590169943749473624e+00,-5.813776741499452783e+00,-5.590169943749473624e+00,-6.260990336999411099e+00,-8.273451516749220858e+00,-8.273451516749220858e+00,-7.826237921249263430e+00,-6.484597134749389369e+00,-5.142956348249516196e+00,-5.366563145999495354e+00,-4.919349550499537038e+00,-4.919349550499537038e+00,-5.142956348249516196e+00,-7.379024325749306001e+00,-6.260990336999411099e+00,-5.366563145999495354e+00,-4.248529157249600452e+00,-2.906888370749726391e+00,-4.024922359499621294e+00,-1.788854381999831711e+00,-1.565247584249852775e+00,-1.118033988749894903e+00,-8.944271909999158554e-01,0.000000000000000000e+00,6.708203932499369193e-01,-2.236067977499789805e+00,-2.906888370749726391e+00,-2.906888370749726391e+00,-3.801315561749642136e+00,-3.577708763999663422e+00,-1.565247584249852775e+00,-2.012461179749810647e+00,2.236067977499789639e-01,3.354101966249684263e+00,1.788854381999831711e+00,1.788854381999831711e+00,1.341640786499873839e+00,2.012461179749810647e+00,2.683281572999747677e+00,2.683281572999747677e+00,1.341640786499873839e+00,2.236067977499789639e-01,-1.118033988749894903e+00,-2.012461179749810647e+00,-1.341640786499873839e+00,0.000000000000000000e+00,4.472135954999579277e-01,1.341640786499873839e+00,1.788854381999831711e+00,2.012461179749810647e+00,2.236067977499789639e-01,1.565247584249852775e+00,4.472135954999579277e-01,0.000000000000000000e+00,8.944271909999158554e-01,2.683281572999747677e+00,2.683281572999747677e+00,3.354101966249684263e+00,2.459674775249768519e+00,4.024922359499621294e+00,3.577708763999663422e+00,2.459674775249768519e+00,2.012461179749810647e+00,2.459674775249768519e+00,1.118033988749894903e+00,4.472135954999579277e-01,2.012461179749810647e+00,2.012461179749810647e+00,2.236067977499789805e+00,2.683281572999747677e+00,2.906888370749726391e+00,2.012461179749810647e+00,2.236067977499789639e-01,6.708203932499369193e-01,-1.565247584249852775e+00,-2.012461179749810647e+00,-1.341640786499873839e+00,-1.565247584249852775e+00,-1.565247584249852775e+00,-2.236067977499789639e-01,4.472135954999579277e-01,-4.472135954999579277e-01,1.341640786499873839e+00,1.118033988749894903e+00,1.341640786499873839e+00,6.708203932499369193e-01,2.236067977499789639e-01,-6.708203932499369193e-01,-4.472135954999579277e-01,8.944271909999158554e-01,-6.708203932499369193e-01,-1.341640786499873839e+00,-2.012461179749810647e+00,-2.012461179749810647e+00,-6.708203932499369193e-01,-8.944271909999158554e-01,0.000000000000000000e+00,-2.236067977499789639e-01,-6.708203932499369193e-01,0.000000000000000000e+00,-6.708203932499369193e-01,-3.577708763999663422e+00,-4.248529157249600452e+00,-3.354101966249684263e+00,-3.354101966249684263e+00,-2.906888370749726391e+00,-3.354101966249684263e+00,-2.012461179749810647e+00,-1.788854381999831711e+00,-1.565247584249852775e+00,-2.236067977499789805e+00,-3.130495168499705549e+00,-4.919349550499537038e+00,-3.354101966249684263e+00,-2.906888370749726391e+00,2.236067977499789639e-01,1.118033988749894903e+00,1.118033988749894903e+00,2.012461179749810647e+00,2.236067977499789805e+00,2.906888370749726391e+00,3.354101966249684263e+00,2.236067977499789805e+00,1.118033988749894903e+00,0.000000000000000000e+00,-4.472135954999579277e-01,-1.118033988749894903e+00,-2.459674775249768519e+00,-2.906888370749726391e+00,-2.906888370749726391e+00,-3.577708763999663422e+00,-3.577708763999663422e+00,-2.683281572999747677e+00,-2.459674775249768519e+00,-2.906888370749726391e+00,-1.118033988749894903e+00,-4.472135954999579277e-01,1.565247584249852775e+00,1.341640786499873839e+00,3.354101966249684263e+00,2.906888370749726391e+00,1.565247584249852775e+00,6.708203932499369193e-01,8.944271909999158554e-01,2.459674775249768519e+00,3.354101966249684263e+00,2.906888370749726391e+00,8.944271909999158554e-01,-4.472135954999579277e-01,-2.683281572999747677e+00,-2.459674775249768519e+00,-3.577708763999663422e+00,-2.236067977499789805e+00,-2.236067977499789805e+00,-1.118033988749894903e+00,-4.472135954999579277e-01,2.236067977499789639e-01,1.788854381999831711e+00,2.236067977499789805e+00,8.944271909999158554e-01,1.118033988749894903e+00,6.708203932499369193e-01,6.708203932499369193e-01,4.472135954999579277e-01,2.236067977499789639e-01,-1.565247584249852775e+00,-1.118033988749894903e+00,-2.906888370749726391e+00,-2.906888370749726391e+00,-2.906888370749726391e+00,-4.248529157249600452e+00,-4.919349550499537038e+00,-5.813776741499452783e+00,-4.024922359499621294e+00,-4.248529157249600452e+00,-5.142956348249516196e+00,-4.248529157249600452e+00,-3.801315561749642136e+00,-6.260990336999411099e+00,-6.037383539249431941e+00,-6.037383539249431941e+00,-7.602631123499284271e+00,-6.708203932499368527e+00,-5.590169943749473624e+00,-6.037383539249431941e+00,-4.472135954999579610e+00,-3.801315561749642136e+00,-2.906888370749726391e+00,-1.565247584249852775e+00,-2.236067977499789805e+00,-2.459674775249768519e+00,-2.906888370749726391e+00,-2.012461179749810647e+00,-1.565247584249852775e+00,-1.118033988749894903e+00,-2.012461179749810647e+00,-2.683281572999747677e+00,-2.236067977499789805e+00,-3.354101966249684263e+00,-5.366563145999495354e+00,-5.366563145999495354e+00,-6.037383539249431941e+00,-6.260990336999411099e+00,-6.037383539249431941e+00,-8.273451516749220858e+00,-8.944271909999159220e+00,-6.931810730249347685e+00,-7.379024325749306001e+00,-6.484597134749389369e+00,-6.037383539249431941e+00,-4.919349550499537038e+00,-5.813776741499452783e+00,-4.695742752749557880e+00,-1.118033988749894903e+00,0.000000000000000000e+00,-4.472135954999579277e-01,-6.708203932499369193e-01,6.708203932499369193e-01,0.000000000000000000e+00,4.472135954999579277e-01,0.000000000000000000e+00,-2.236067977499789639e-01,-8.944271909999158554e-01,-2.236067977499789639e-01,-8.944271909999158554e-01,-4.472135954999579277e-01,-6.708203932499369193e-01,1.341640786499873839e+00,1.565247584249852775e+00,0.000000000000000000e+00,2.236067977499789639e-01,6.708203932499369193e-01,2.236067977499789639e-01,0.000000000000000000e+00,2.236067977499789639e-01,-8.944271909999158554e-01,8.944271909999158554e-01,1.565247584249852775e+00,2.236067977499789805e+00,2.459674775249768519e+00,3.577708763999663422e+00,2.906888370749726391e+00,3.577708763999663422e+00,2.012461179749810647e+00,2.906888370749726391e+00,3.130495168499705549e+00,4.695742752749557880e+00,4.248529157249600452e+00,3.801315561749642136e+00,4.472135954999579610e+00,2.683281572999747677e+00,2.683281572999747677e+00,2.683281572999747677e+00,3.801315561749642136e+00,1.788854381999831711e+00,2.236067977499789805e+00,-4.472135954999579277e-01,8.944271909999158554e-01,3.577708763999663422e+00,4.248529157249600452e+00,3.801315561749642136e+00,4.919349550499537038e+00,3.130495168499705549e+00,3.354101966249684263e+00,2.683281572999747677e+00,1.565247584249852775e+00,2.012461179749810647e+00,1.118033988749894903e+00,2.683281572999747677e+00,4.472135954999579277e-01,-2.236067977499789639e-01,-4.472135954999579277e-01,0.000000000000000000e+00,-4.472135954999579277e-01,0.000000000000000000e+00,-4.472135954999579277e-01,-2.459674775249768519e+00,-2.236067977499789805e+00,0.000000000000000000e+00,-4.472135954999579277e-01,-2.236067977499789639e-01,0.000000000000000000e+00,1.118033988749894903e+00,1.341640786499873839e+00,2.459674775249768519e+00,4.024922359499621294e+00,3.354101966249684263e+00,1.341640786499873839e+00,4.472135954999579277e-01,3.354101966249684263e+00,3.801315561749642136e+00,3.354101966249684263e+00,4.248529157249600452e+00,5.142956348249516196e+00,3.801315561749642136e+00,5.813776741499452783e+00,5.813776741499452783e+00,5.590169943749473624e+00,6.260990336999411099e+00,8.049844718999242588e+00,9.838699100999074076e+00,8.720665112249179174e+00,9.391485505499115760e+00,7.602631123499284271e+00,7.155417527999326843e+00,2.012461179749810647e+00,2.906888370749726391e+00,1.788854381999831711e+00,2.012461179749810647e+00,2.236067977499789805e+00,2.236067977499789805e+00,1.565247584249852775e+00,1.565247584249852775e+00,4.472135954999579277e-01,-2.012461179749810647e+00,-1.118033988749894903e+00,-3.354101966249684263e+00,-2.236067977499789805e+00,-2.683281572999747677e+00,-2.906888370749726391e+00,-3.354101966249684263e+00,-3.354101966249684263e+00,-3.577708763999663422e+00,-3.130495168499705549e+00,-3.130495168499705549e+00,-3.577708763999663422e+00,-2.683281572999747677e+00,-1.118033988749894903e+00,-1.788854381999831711e+00,-2.012461179749810647e+00,-8.944271909999158554e-01,-8.944271909999158554e-01,-1.118033988749894903e+00,-4.472135954999579277e-01,-2.012461179749810647e+00,8.944271909999158554e-01,2.459674775249768519e+00,3.130495168499705549e+00,3.130495168499705549e+00,1.118033988749894903e+00,3.130495168499705549e+00,8.944271909999158554e-01,2.236067977499789805e+00,2.236067977499789805e+00,2.683281572999747677e+00,3.130495168499705549e+00,4.024922359499621294e+00,2.906888370749726391e+00,2.906888370749726391e+00,2.236067977499789805e+00,2.459674775249768519e+00,3.130495168499705549e+00,2.906888370749726391e+00,3.354101966249684263e+00,2.683281572999747677e+00,2.459674775249768519e+00,1.788854381999831711e+00,2.236067977499789805e+00,1.565247584249852775e+00,2.236067977499789805e+00,1.788854381999831711e+00,3.130495168499705549e+00,8.944271909999158554e-01,-6.708203932499369193e-01,-1.341640786499873839e+00,-2.012461179749810647e+00,-1.788854381999831711e+00,-3.354101966249684263e+00,-3.354101966249684263e+00,-3.577708763999663422e+00,-2.012461179749810647e+00,-1.788854381999831711e+00,-2.236067977499789805e+00,-4.472135954999579277e-01,-2.236067977499789639e-01,4.472135954999579277e-01,2.012461179749810647e+00,4.472135954999579277e-01,-6.708203932499369193e-01,-3.577708763999663422e+00,-4.024922359499621294e+00,-2.459674775249768519e+00,-1.565247584249852775e+00,-6.708203932499369193e-01,-6.708203932499369193e-01,-4.472135954999579277e-01,2.236067977499789639e-01,1.565247584249852775e+00,3.130495168499705549e+00,6.708203932499369193e-01,-8.944271909999158554e-01,6.708203932499369193e-01,-2.236067977499789639e-01,-2.459674775249768519e+00,-3.577708763999663422e+00,-5.590169943749473624e+00,-3.354101966249684263e+00,-3.801315561749642136e+00,-3.354101966249684263e+00,-3.130495168499705549e+00,-2.236067977499789805e+00,-4.472135954999579277e-01,0.000000000000000000e+00,-2.012461179749810647e+00,-2.012461179749810647e+00,-1.565247584249852775e+00,-1.788854381999831711e+00,-1.341640786499873839e+00,4.472135954999579277e-01,-2.236067977499789639e-01,4.472135954999579277e-01,-2.236067977499789639e-01,2.459674775249768519e+00,2.236067977499789639e-01,-6.708203932499369193e-01,1.118033988749894903e+00,2.236067977499789639e-01,2.236067977499789639e-01,6.708203932499369193e-01,2.236067977499789639e-01,-1.341640786499873839e+00,-3.354101966249684263e+00,-2.906888370749726391e+00,-2.683281572999747677e+00,-1.565247584249852775e+00,-1.341640786499873839e+00,0.000000000000000000e+00,6.708203932499369193e-01,2.459674775249768519e+00,2.012461179749810647e+00,2.012461179749810647e+00,1.341640786499873839e+00,2.683281572999747677e+00,5.142956348249516196e+00,5.142956348249516196e+00,6.484597134749389369e+00,8.273451516749220858e+00,9.391485505499115760e+00,8.944271909999159220e+00,7.155417527999326843e+00,6.708203932499368527e+00
-4.472135954999579277e-01,1.788854381999831711e+00,3.354101966249684263e+00,5.366563145999495354e+00,4.472135954999579610e+00,6.260990336999411099e+00,6.037383539249431941e+00,6.037383539249431941e+00,4.024922359499621294e+00,3.801315561749642136e+00,4.472135954999579610e+00,6.484597134749389369e+00,6.260990336999411099e+00,8.497058314499200904e+00,8.273451516749220858e+00,5.142956348249516196e+00,7.155417527999326843e+00,8.049844718999242588e+00,7.826237921249263430e+00,7.379024325749306001e+00,4.248529157249600452e+00,2.236067977499789805e+00,2.683281572999747677e+00,2.012461179749810647e+00,2.012461179749810647e+00,1.341640786499873839e+00,1.341640786499873839e+00,1.565247584249852775e+00,2.236067977499789639e-01,0.000000000000000000e+00,-1.341640786499873839e+00,-6.708203932499369193e-01,-2.236067977499789639e-01,-2.236067977499789639e-01,4.472135954999579277e-01,0.000000000000000000e+00,-1.118033988749894903e+00,-2.236067977499789639e-01,-6.708203932499369193e-01,-1.565247584249852775e+00,-4.472135954999579277e-01,4.472135954999579277e-01,-4.472135954999579277e-01,-3.130495168499705549e+00,-3.801315561749642136e+00,-4.919349550499537038e+00,-4.919349550499537038e+00,-6.260990336999411099e+00,-6.037383539249431941e+00,-5.142956348249516196e+00,-5.366563145999495354e+00,-7.602631123499284271e+00,-7.155417527999326843e+00,-7.826237921249263430e+00,-7.826237921249263430e+00,-7.155417527999326843e+00,-8.273451516749220858e+00,-6.484597134749389369e+00,-5.813776741499452783e+00,-5.366563145999495354e+00,-5.142956348249516196e+00,-3.801315561749642136e+00,-4.695742752749557880e+00,-4.472135954999579610e+00,-3.801315561749642136e+00,-4.248529157249600452e+00,-3.801315561749642136e+00,-3.130495168499705549e+00,-3.354101966249684263e+00,-4.024922359499621294e+00,-5.142956348249516196e+00,-3.801315561749642136e+00,-4.024922359499621294e+00,-4.919349550499537038e+00,-4.248529157249600452e+00,-3.801315561749642136e+00,-3.354101966249684263e+00,-4.695742752749557880e+00,-4.472135954999579610e+00,-3.354101966249684263e+00,-2.906888370749726391e+00,-2.459674775249768519e+00,-2.906888370749726391e+00,-3.801315561749642136e+00,-4.248529157249600452e+00,-3.354101966249684263e+00,-2.236067977499789805e+00,-8.944271909999158554e-01,2.236067977499789639e-01,2.012461179749810647e+00,2.459674775249768519e+00,8.944271909999158554e-01,-4.472135954999579277e-01,6.708203932499369193e-01,1.565247584249852775e+00,1.565247584249852775e+00,1.788854381999831711e+00,1.565247584249852775e+00,3.577708763999663422e+00,3.354101966249684263e+00,1.788854381999831711e+00,2.012461179749810647e+00,2.236067977499789805e+00,2.683281572999747677e+00,1.788854381999831711e+00,2.459674775249768519e+00,1.118033988749894903e+00,-8.944271909999158554e-01,6.708203932499369193e-01,2.683281572999747677e+00,3.801315561749642136e+00,5.813776741499452783e+00,2.906888370749726391e+00,2.236067977499789805e+00,2.012461179749810647e+00,8.944271909999158554e-01,1.118033988749894903e+00,1.118033988749894903e+00,-4.472135954999579277e-01,-1.341640786499873839e+00,-1.341640786499873839e+00,-8.944271909999158554e-01,2.236067977499789639e-01,0.000000000000000000e+00,-4.472135954999579277e-01,2.236067977499789639e-01,-1.118033988749894903e+00,6.708203932499369193e-01,-1.118033988749894903e+00,-4.472135954999579277e-01,1.118033988749894903e+00,1.341640786499873839e+00,-2.012461179749810647e+00,-8.944271909999158554e-01,0.000000000000000000e+00,3.130495168499705549e+00,3.577708763999663422e+00,3.577708763999663422e+00,3.801315561749642136e+00,6.037383539249431941e+00,5.813776741499452783e+00,4.024922359499621294e+00,5.142956348249516196e+00,6.708203932499368527e+00,5.813776741499452783e+00,5.813776741499452783e+00,8.049844718999242588e+00,6.484597134749389369e+00,6.037383539249431941e+00,4.919349550499537038e+00,3.801315561749642136e+00,2.683281572999747677e+00,2.683281572999747677e+00,2.012461179749810647e+00,1.341640786499873839e+00,-2.236067977499789639e-01,6.708203932499369193e-01,-2.236067977499789639e-01,-2.236067977499789805e+00,-2.459674775249768519e+00,-2.236067977499789805e+00,-2.459674775249768519e+00,-2.012461179749810647e+00,-4.472135954999579277e-01,6.708203932499369193e-01,-1.341640786499873839e+00,1.118033988749894903e+00,-4.472135954999579277e-01,-6.708203932499369193e-01,-2.236067977499789639e-01,2.236067977499789639e-01,1.565247584249852775e+00,3.801315561749642136e+00,5.142956348249516196e+00,4.472135954999579610e+00,4.248529157249600452e+00,3.130495168499705549e+00,1.118033988749894903e+00,6.708203932499369193e-01,-4.472135954999579277e-01,2.236067977499789639e-01,-1.565247584249852775e+00,-1.565247584249852775e+00,4.472135954999579277e-01,2.236067977499789805e+00,8.944271909999158554e-01,1.341640786499873839e+00,1.788854381999831711e+00,4.472135954999579277e-01,1.341640786499873839e+00,1.118033988749894903e+00,8.944271909999158554e-01,8.944271909999158554e-01,-1.118033988749894903e+00,-2.906888370749726391e+00,-3.801315561749642136e+00,-3.354101966249684263e+00,-2.683281572999747677e+00,-1.341640786499873839e+00,-6.708203932499369193e-01,-2.236067977499789805e+00,-2.906888370749726391e+00,-4.248529157249600452e+00,-4.919349550499537038e+00,-5.366563145999495354e+00,-5.142956348249516196e+00,-2.906888370749726391e+00,-1.118033988749894903e+00,-1.118033988749894903e+00,-8.944271909999158554e-01,2.236067977499789639e-01,2.683281572999747677e+00,4.472135954999579277e-01,2.683281572999747677e+00,2.683281572999747677e+00,1.341640786499873839e+00,2.683281572999747677e+00,-1.565247584249852775e+00,2.236067977499789639e-01,2.236067977499789639e-01,1.118033988749894903e+00,2.906888370749726391e+00,3.801315561749642136e+00,6.931810730249347685e+00,5.813776741499452783e+00,6.260990336999411099e+00,6.484597134749389369e+00,6.484597134749389369e+00,7.155417527999326843e+00,8.049844718999242588e+00,6.708203932499368527e+00,5.590169943749473624e+00,4.695742752749557880e+00,3.801315561749642136e+00,3.801315561749642136e+00,2.683281572999747677e+00,2.683281572999747677e+00,3.577708763999663422e+00,3.354101966249684263e+00,6.037383539249431941e+00,5.366563145999495354e+00,5.366563145999495354e+00,7.155417527999326843e+00,8.497058314499200904e+00,7.602631123499284271e+00,6.037383539249431941e+00,5.142956348249516196e+00,2.683281572999747677e+00,4.248529157249600452e+00,2.683281572999747677e+00,2.012461179749810647e+00,8.944271909999158554e-01,2.459674775249768519e+00,1.788854381999831711e+00,1.565247584249852775e+00,1.118033988749894903e+00,4.472135954999579277e-01,4.472135954999579277e-01,-2.236067977499789639e-01,-4.472135954999579277e-01,-2.236067977499789639e-01,4.472135954999579277e-01,1.118033988749894903e+00,1.788854381999831711e+00,2.236067977499789805e+00,1.341640786499873839e+00,2.906888370749726391e+00,3.577708763999663422e+00,2.683281572999747677e+00,2.683281572999747677e+00,2.459674775249768519e+00,4.248529157249600452e+00,2.683281572999747677e+00,8.944271909999158554e-01,1.118033988749894903e+00,4.472135954999579277e-01,-6.708203932499369193e-01,-8.944271909999158554e-01,-1.341640786499873839e+00,0.000000000000000000e+00,-8.944271909999158554e-01,-2.236067977499789639e-01,0.000000000000000000e+00,8.944271909999158554e-01,2.459674775249768519e+00,4.919349550499537038e+00,3.801315561749642136e+00,4.472135954999579610e+00,3.801315561749642136e+00,3.801315561749642136e+00,3.130495168499705549e+00,1.341640786499873839e+00,6.708203932499369193e-01,1.565247584249852775e+00,2.236067977499789639e-01,0.000000000000000000e+00,8.944271909999158554e-01,2.236067977499789805e+00,2.683281572999747677e+00,1.788854381999831711e+00,2.236067977499789639e-01,-1.565247584249852775e+00,-4.472135954999579277e-01,-1.788854381999831711e+00,-3.354101966249684263e+00,-4.472135954999579610e+00,-5.142956348249516196e+00,-5.813776741499452783e+00,-6.931810730249347685e+00,-5.366563145999495354e+00,-4.919349550499537038e+00,-6.708203932499368527e+00,-4.695742752749557880e+00,-3.577708763999663422e+00,-2.683281572999747677e+00,-3.354101966249684263e+00,-3.354101966249684263e+00,-2.683281572999747677e+00,-2.906888370749726391e+00,-4.248529157249600452e+00,-1.788854381999831711e+00,-1.788854381999831711e+00,-2.683281572999747677e+00,-1.788854381999831711e+00,-8.944271909999158554e-01,1.341640786499873839e+00,1.118033988749894903e+00,1.118033988749894903e+00,8.944271909999158554e-01,1.118033988749894903e+00,1.118033988749894903e+00,-4.472135954999579277e-01,-4.472135954999579277e-01,-1.341640786499873839e+00,-2.459674775249768519e+00,-2.236067977499789639e-01,8.944271909999158554e-01,-8.944271909999158554e-01,-8.944271909999158554e-01,-4.472135954999579277e-01,-2.236067977499789805e+00,-2.236067977499789805e+00,-1.565247584249852775e+00,-2.012461179749810647e+00,-1.565247584249852775e+00,-2.459674775249768519e+00,-1.788854381999831711e+00,0.000000000000000000e+00,1.788854381999831711e+00,2.683281572999747677e+00,2.906888370749726391e+00,2.236067977499789805e+00,2.236067977499789805e+00,2.459674775249768519e+00,2.459674775249768519e+00,2.236067977499789805e+00,0.000000000000000000e+00,6.708203932499369193e-01,8.944271909999158554e-01,1.788854381999831711e+00,1.341640786499873839e+00,1.118033988749894903e+00,2.236067977499789639e-01,0.000000000000000000e+00,1.341640786499873839e+00,2.236067977499789805e+00,1.341640786499873839e+00,1.341640786499873839e+00,2.012461179749810647e+00,1.118033988749894903e+00,4.472135954999579277e-01,-4.472135954999579277e-01,0.000000000000000000e+00,1.341640786499873839e+00,2.906888370749726391e+00,1.565247584249852775e+00,2.683281572999747677e+00,4.248529157249600452e+00,3.801315561749642136e+00,0.000000000000000000e+00,6.708203932499369193e-01,-6.708203932499369193e-01,-2.236067977499789805e+00,-1.565247584249852775e+00,-1.118033988749894903e+00,-3.577708763999663422e+00,-3.130495168499705549e+00,-1.788854381999831711e+00,-1.565247584249852775e+00,-4.472135954999579277e-01,-1.341640786499873839e+00,-2.906888370749726391e+00,-2.236067977499789639e-01,1.118033988749894903e+00,1.565247584249852775e+00,4.472135954999579277e-01,-8.944271909999158554e-01,-8.944271909999158554e-01,8.944271909999158554e-01,2.459674775249768519e+00,3.577708763999663422e+00,4.248529157249600452e+00,4.919349550499537038e+00,5.813776741499452783e+00,4.472135954999579610e+00,5.366563145999495354e+00,3.801315561749642136e+00,4.472135954999579610e+00,4.919349550499537038e+00,4.024922359499621294e+00,4.472135954999579610e+00,5.142956348249516196e+00,4.248529157249600452e+00,2.906888370749726391e+00,3.801315561749642136e+00,2.906888370749726391e+00,4.248529157249600452e+00,2.906888370749726391e+00,2.683281572999747677e+00,2.236067977499789639e-01,-1.788854381999831711e+00,-2.012461179749810647e+00,-2.683281572999747677e+00,-1.118033988749894903e+00,-2.459674775249768519e+00,-1.565247584249852775e+00,-6.708203932499369193e-01,2.236067977499789639e-01,0.000000000000000000e+00,8.944271909999158554e-01,-1.118033988749894903e+00,-6.708203932499369193e-01,4.472135954999579277e-01,1.788854381999831711e+00,8.944271909999158554e-01,-6.708203932499369193e-01,2.236067977499789639e-01,-4.472135954999579277e-01,-4.472135954999579277e-01,-8.944271909999158554e-01,-2.236067977499789639e-01,6.708203932499369193e-01,-2.236067977499789639e-01,-2.012461179749810647e+00,-4.472135954999579277e-01,-1.788854381999831711e+00,-2.683281572999747677e+00,-2.683281572999747677e+00,-4.024922359499621294e+00,-2.012461179749810647e+00,-2.906888370749726391e+00,0.000000000000000000e+00,-1.341640786499873839e+00,-1.118033988749894903e+00,-1.565247584249852775e+00,4.472135954999579277e-01,2.459674775249768519e+00,2.683281572999747677e+00,2.459674775249768519e+00,2.459674775249768519e+00,4.248529157249600452e+00,1.788854381999831711e+00,1.565247584249852775e+00,1.788854381999831711e+00,2.012461179749810647e+00,-2.236067977499789639e-01,-1.118033988749894903e+00,2.236067977499789639e-01,1.118033988749894903e+00,1.341640786499873839e+00,2.236067977499789805e+00,2.236067977499789805e+00,2.012461179749810647e+00,2.012461179749810647e+00,2.236067977499789805e+00,2.459674775249768519e+00,2.683281572999747677e+00,3.354101966249684263e+00,3.130495168499705549e+00,1.341640786499873839e+00,2.906888370749726391e+00,1.788854381999831711e+00,1.565247584249852775e+00,2.236067977499789639e-01,-2.236067977499789639e-01,0.000000000000000000e+00,-4.472135954999579277e-01,-4.472135954999579277e-01,-1.788854381999831711e+00,-1.565247584249852775e+00,-1.341640786499873839e+00,-2.236067977499789805e+00,-5.142956348249516196e+00,-5.366563145999495354e+00,-6.484597134749389369e+00,-6.484597134749389369e+00,-5.813776741499452783e+00,-2.906888370749726391e+00,-2.906888370749726391e+00,-3.577708763999663422e+00
1.341640786499873839e+00,2.459674775249768519e+00,3.130495168499705549e+00,1.788854381999831711e+00,1.788854381999831711e+00,-2.012461179749810647e+00,-1.565247584249852775e+00,-4.472135954999579277e-01,-2.012461179749810647e+00,-1.341640786499873839e+00,-2.683281572999747677e+00,-1.341640786499873839e+00,2.236067977499789639e-01,6.708203932499369193e-01,0.000000000000000000e+00,-1.118033988749894903e+00,-4.472135954999579277e-01,2.236067977499789639e-01,1.118033988749894903e+00,3.130495168499705549e+00,4.248529157249600452e+00,4.695742752749557880e+00,4.024922359499621294e+00,3.801315561749642136e+00,3.130495168499705549e+00,2.236067977499789805e+00,6.708203932499369193e-01,2.236067977499789639e-01,1.788854381999831711e+00,2.906888370749726391e+00,1.565247584249852775e+00,4.472135954999579277e-01,-2.236067977499789639e-01,-8.944271909999158554e-01,6.708203932499369193e-01,-6.708203932499369193e-01,-6.708203932499369193e-01,-1.118033988749894903e+00,-2.683281572999747677e+00,-1.565247584249852775e+00,-1.565247584249852775e+00,-1.788854381999831711e+00,-1.118033988749894903e+00,-4.472135954999579277e-01,-6.708203932499369193e-01,-4.472135954999579277e-01,-2.236067977499789639e-01,-8.944271909999158554e-01,-8.944271909999158554e-01,-2.236067977499789639e-01,-2.459674775249768519e+00,-2.683281572999747677e+00,-1.788854381999831711e+00,-1.118033988749894903e+00,-8.944271909999158554e-01,-2.012461179749810647e+00,-1.118033988749894903e+00,-1.118033988749894903e+00,-2.012461179749810647e+00,-8.944271909999158554e-01,2.236067977499789639e-01,0.000000000000000000e+00,-2.236067977499789639e-01,2.236067977499789639e-01,-1.565247584249852775e+00,-4.472135954999579277e-01,-4.472135954999579277e-01,-8.944271909999158554e-01,-2.683281572999747677e+00,-2.012461179749810647e+00,-1.118033988749894903e+00,-1.118033988749894903e+00,-2.459674775249768519e+00,-1.341640786499873839e+00,-1.788854381999831711e+00,-1.565247584249852775e+00,-2.683281572999747677e+00,-4.248529157249600452e+00,-4.472135954999579610e+00,-4.919349550499537038e+00,-5.366563145999495354e+00,-5.366563145999495354e+00,-2.906888370749726391e+00,-3.801315561749642136e+00,-2.236067977499789805e+00,-2.236067977499789639e-01,2.236067977499789639e-01,-1.118033988749894903e+00,-1.118033988749894903e+00,-1.565247584249852775e+00,-3.354101966249684263e+00,-1.341640786499873839e+00,-1.565247584249852775e+00,-1.341640786499873839e+00,-8.944271909999158554e-01,-2.236067977499789805e+00,-2.683281572999747677e+00,-4.472135954999579610e+00,-2.012461179749810647e+00,-2.459674775249768519e+00,-2.683281572999747677e+00,-2.683281572999747677e+00,-6.708203932499369193e-01,-3.801315561749642136e+00,-4.695742752749557880e+00,-4.248529157249600452e+00,-1.788854381999831711e+00,-2.236067977499789805e+00,-1.565247584249852775e+00,-2.012461179749810647e+00,-3.130495168499705549e+00,-6.708203932499369193e-01,-2.236067977499789805e+00,-1.565247584249852775e+00,4.472135954999579277e-01,2.012461179749810647e+00,3.577708763999663422e+00,3.801315561749642136e+00,4.695742752749557880e+00,6.037383539249431941e+00,6.037383539249431941e+00,5.813776741499452783e+00,5.813776741499452783e+00,4.472135954999579610e+00,6.037383539249431941e+00,6.037383539249431941e+00,6.931810730249347685e+00,7.379024325749306001e+00,4.695742752749557880e+00,4.919349550499537038e+00,4.919349550499537038e+00,3.354101966249684263e+00,2.683281572999747677e+00,2.012461179749810647e+00,3.354101966249684263e+00,3.577708763999663422e+00,3.130495168499705549e+00,3.354101966249684263e+00,2.236067977499789805e+00,1.341640786499873839e+00,2.236067977499789805e+00,8.944271909999158554e-01,8.944271909999158554e-01,2.683281572999747677e+00,4.024922359499621294e+00,2.459674775249768519e+00,2.683281572999747677e+00,3.354101966249684263e+00,1.565247584249852775e+00,1.565247584249852775e+00,-4.472135954999579277e-01,4.472135954999579277e-01,4.472135954999579277e-01,1.341640786499873839e+00,1.788854381999831711e+00,1.788854381999831711e+00,2.906888370749726391e+00,2.012461179749810647e+00,8.944271909999158554e-01,8.944271909999158554e-01,2.236067977499789639e-01,1.118033988749894903e+00,1.341640786499873839e+00,-1.788854381999831711e+00,-2.236067977499789805e+00,-3.354101966249684263e+00,-5.366563145999495354e+00,-6.708203932499368527e+00,-7.379024325749306001e+00,-8.273451516749220858e+00,-6.708203932499368527e+00,-5.813776741499452783e+00,-5.142956348249516196e+00,-6.708203932499368527e+00,-8.049844718999242588e+00,-8.944271909999159220e+00,-6.708203932499368527e+00,-6.708203932499368527e+00,-6.708203932499368527e+00,-4.695742752749557880e+00,-3.354101966249684263e+00,-3.354101966249684263e+00,-3.801315561749642136e+00,-4.248529157249600452e+00,-4.472135954999579610e+00,-5.366563145999495354e+00,-2.683281572999747677e+00,-2.012461179749810647e+00,-1.788854381999831711e+00,-6.708203932499369193e-01,-4.472135954999579277e-01,-2.236067977499789639e-01,2.236067977499789639e-01,8.944271909999158554e-01,6.708203932499369193e-01,8.944271909999158554e-01,1.118033988749894903e+00,1.118033988749894903e+00,2.236067977499789805e+00,4.024922359499621294e+00,3.801315561749642136e+00,2.906888370749726391e+00,-8.944271909999158554e-01,-2.236067977499789805e+00,-2.683281572999747677e+00,-1.788854381999831711e+00,0.000000000000000000e+00,-6.708203932499369193e-01,-4.472135954999579277e-01,-2.459674775249768519e+00,2.236067977499789639e-01,-4.472135954999579277e-01,-1.788854381999831711e+00,-8.944271909999158554e-01,-8.944271909999158554e-01,-6.708203932499369193e-01,-2.236067977499789639e-01,-2.906888370749726391e+00,-4.024922359499621294e+00,-2.459674775249768519e+00,-2.236067977499789805e+00,-2.012461179749810647e+00,-4.472135954999579277e-01,-1.565247584249852775e+00,-2.236067977499789805e+00,-2.236067977499789805e+00,-4.248529157249600452e+00,-3.577708763999663422e+00,-3.354101966249684263e+00,-1.565247584249852775e+00,-1.788854381999831711e+00,-8.944271909999158554e-01,-2.012461179749810647e+00,-1.565247584249852775e+00,-2.236067977499789639e-01,4.472135954999579277e-01,-8.944271909999158554e-01,-2.236067977499789639e-01,-2.236067977499789639e-01,6.708203932499369193e-01,1.341640786499873839e+00,6.708203932499369193e-01,-6.708203932499369193e-01,-1.341640786499873839e+00,-3.130495168499705549e+00,-3.577708763999663422e+00,-6.708203932499369193e-01,-6.708203932499369193e-01,-1.788854381999831711e+00,-3.354101966249684263e+00,-4.248529157249600452e+00,-3.801315561749642136e+00,-3.354101966249684263e+00,-4.695742752749557880e+00,-5.590169943749473624e+00,-4.919349550499537038e+00,-3.801315561749642136e+00,-3.801315561749642136e+00,-4.695742752749557880e+00,-3.354101966249684263e+00,-2.459674775249768519e+00,-1.565247584249852775e+00,-2.236067977499789639e-01,-1.788854381999831711e+00,0.000000000000000000e+00,-4.472135954999579277e-01,0.000000000000000000e+00,8.944271909999158554e-01,0.000000000000000000e+00,0.000000000000000000e+00,4.472135954999579277e-01,1.565247584249852775e+00,-1.341640786499873839e+00,0.000000000000000000e+00,2.236067977499789639e-01,1.118033988749894903e+00,1.118033988749894903e+00,1.118033988749894903e+00,-8.944271909999158554e-01,-2.459674775249768519e+00,-3.354101966249684263e+00,-2.236067977499789805e+00,-2.459674775249768519e+00,-2.906888370749726391e+00,-3.354101966249684263e+00,-5.366563145999495354e+00,-3.130495168499705549e+00,-1.565247584249852775e+00,-2.012461179749810647e+00,-2.236067977499789639e-01,-1.565247584249852775e+00,-2.012461179749810647e+00,-4.248529157249600452e+00,-3.130495168499705549e+00,-8.944271909999158554e-01,-1.341640786499873839e+00,-2.236067977499789639e-01,1.565247584249852775e+00,1.118033988749894903e+00,8.944271909999158554e-01,1.341640786499873839e+00,1.565247584249852775e+00,0.000000000000000000e+00,-2.236067977499789639e-01,4.472135954999579277e-01,-4.472135954999579277e-01,-2.236067977499789805e+00,-2.012461179749810647e+00,-1.341640786499873839e+00,-2.683281572999747677e+00,-2.459674775249768519e+00,-3.354101966249684263e+00,-8.944271909999158554e-01,-1.118033988749894903e+00,-2.906888370749726391e+00,-1.788854381999831711e+00,-1.341640786499873839e+00,-1.118033988749894903e+00,-1.118033988749894903e+00,-6.708203932499369193e-01,-2.012461179749810647e+00,-3.130495168499705549e+00,-2.683281572999747677e+00,-2.683281572999747677e+00,-6.708203932499369193e-01,4.472135954999579277e-01,-2.012461179749810647e+00,-2.459674775249768519e+00,-2.459674775249768519e+00,-2.906888370749726391e+00,-2.012461179749810647e+00,-3.130495168499705549e+00,-3.801315561749642136e+00,-2.906888370749726391e+00,-2.459674775249768519e+00,2.236067977499789639e-01,-2.683281572999747677e+00,-1.788854381999831711e+00,-1.341640786499873839e+00,-6.708203932499369193e-01,1.788854381999831711e+00,6.708203932499369193e-01,1.788854381999831711e+00,6.708203932499369193e-01,2.236067977499789639e-01,-2.236067977499789639e-01,1.341640786499873839e+00,2.683281572999747677e+00,2.683281572999747677e+00,1.788854381999831711e+00,-2.236067977499789639e-01,8.944271909999158554e-01,-4.472135954999579277e-01,-1.341640786499873839e+00,-2.236067977499789639e-01,-1.118033988749894903e+00,-1.565247584249852775e+00,-3.577708763999663422e+00,-4.024922359499621294e+00,-4.248529157249600452e+00,-3.130495168499705549e+00,-1.118033988749894903e+00,-1.565247584249852775e+00,-2.459674775249768519e+00,-8.944271909999158554e-01,2.236067977499789639e-01,-1.341640786499873839e+00,-2.236067977499789639e-01,-1.565247584249852775e+00,-2.459674775249768519e+00,-3.130495168499705549e+00,-2.459674775249768519e+00,-4.472135954999579610e+00,-3.577708763999663422e+00,-2.906888370749726391e+00,-2.459674775249768519e+00,-4.024922359499621294e+00,-5.142956348249516196e+00,-3.801315561749642136e+00,-2.683281572999747677e+00,-2.683281572999747677e+00,-3.354101966249684263e+00,-8.944271909999158554e-01,8.944271909999158554e-01,-2.236067977499789639e-01,-1.788854381999831711e+00,-2.906888370749726391e+00,-2.683281572999747677e+00,-2.459674775249768519e+00,-3.354101966249684263e+00,-1.341640786499873839e+00,-1.565247584249852775e+00,-6.708203932499369193e-01,-8.944271909999158554e-01,-1.565247584249852775e+00,-2.459674775249768519e+00,-2.012461179749810647e+00,-2.012461179749810647e+00,-2.906888370749726391e+00,-2.683281572999747677e+00,-3.130495168499705549e+00,-2.459674775249768519e+00,-1.565247584249852775e+00,0.000000000000000000e+00,1.341640786499873839e+00,6.708203932499369193e-01,1.118033988749894903e+00,1.118033988749894903e+00,3.130495168499705549e+00,2.459674775249768519e+00,6.708203932499369193e-01,-1.118033988749894903e+00,-8.944271909999158554e-01,0.000000000000000000e+00,-2.683281572999747677e+00,-1.118033988749894903e+00,-8.944271909999158554e-01,-4.472135954999579277e-01,1.118033988749894903e+00,2.683281572999747677e+00,-2.236067977499789639e-01,2.236067977499789639e-01,6.708203932499369193e-01,6.708203932499369193e-01,-2.236067977499789639e-01,8.944271909999158554e-01,2.459674775249768519e+00,3.801315561749642136e+00,4.472135954999579610e+00,5.813776741499452783e+00,3.354101966249684263e+00,2.012461179749810647e+00,2.012461179749810647e+00,2.683281572999747677e+00,2.683281572999747677e+00,4.024922359499621294e+00,3.130495168499705549e+00,2.236067977499789805e+00,1.788854381999831711e+00,1.788854381999831711e+00,2.906888370749726391e+00,1.341640786499873839e+00,6.708203932499369193e-01,1.565247584249852775e+00,1.788854381999831711e+00,2.236067977499789639e-01,-4.472135954999579277e-01,-6.708203932499369193e-01,-2.236067977499789639e-01,1.788854381999831711e+00,2.459674775249768519e+00,3.130495168499705549e+00,2.683281572999747677e+00,3.801315561749642136e+00,4.024922359499621294e+00,4.024922359499621294e+00,4.472135954999579610e+00,3.354101966249684263e+00,1.788854381999831711e+00,-4.472135954999579277e-01,-8.944271909999158554e-01,-2.012461179749810647e+00,-2.459674775249768519e+00,-3.577708763999663422e+00,-5.366563145999495354e+00,-6.260990336999411099e+00,-4.919349550499537038e+00,-4.695742752749557880e+00,-4.695742752749557880e+00,-2.459674775249768519e+00,-2.459674775249768519e+00,-3.130495168499705549e+00,-3.354101966249684263e+00,-4.919349550499537038e+00,-2.459674775249768519e+00,-2.906888370749726391e+00,-4.472135954999579610e+00,-5.366563145999495354e+00,-4.248529157249600452e+00,-1.788854381999831711e+00,-1.565247584249852775e+00,-2.906888370749726391e+00,-4.919349550499537038e+00,-4.472135954999579610e+00,-4.472135954999579610e+00,-6.708203932499368527e+00,-6.931810730249347685e+00,-6.484597134749389369e+00,-6.260990336999411099e+00,-4.248529157249600452e+00,-5.813776741499452783e+00,-4.695742752749557880e+00,-4.695742752749557880e+00,-2.906888370749726391e+00,-2.236067977499789805e+00,-2.012461179749810647e+00,-3.130495168499705549e+00,-4.024922359499621294e+00,-4.919349550499537038e+00,-6.484597134749389369e+00
0.000000000000000000e+00,1.341640786499873839e+00,1.788854381999831711e+00,3.130495168499705549e+00,3.130495168499705549e+00,2.012461179749810647e+00,2.459674775249768519e+00,1.788854381999831711e+00,2.236067977499789805e+00,2.236067977499789805e+00,4.472135954999579277e-01,1.565247584249852775e+00,2.012461179749810647e+00,1.341640786499873839e+00,1.565247584249852775e+00,8.944271909999158554e-01,2.236067977499789805e+00,2.236067977499789805e+00,1.565247584249852775e+00,3.801315561749642136e+00,3.577708763999663422e+00,3.354101966249684263e+00,2.012461179749810647e+00,3.130495168499705549e+00,3.577708763999663422e+00,4.919349550499537038e+00,2.236067977499789805e+00,1.118033988749894903e+00,8.944271909999158554e-01,-2.236067977499789639e-01,-2.012461179749810647e+00,2.236067977499789639e-01,2.236067977499789639e-01,-4.472135954999579277e-01,2.236067977499789639e-01,1.565247584249852775e+00,4.472135954999579277e-01,-2.236067977499789639e-01,-8.944271909999158554e-01,-2.683281572999747677e+00,-1.565247584249852775e+00,-2.236067977499789805e+00,-3.577708763999663422e+00,-3.130495168499705549e+00,-3.577708763999663422e+00,-2.459674775249768519e+00,-1.565247584249852775e+00,-2.459674775249768519e+00,-8.944271909999158554e-01,-2.012461179749810647e+00,-1.788854381999831711e+00,0.000000000000000000e+00,-1.341640786499873839e+00,-2.459674775249768519e+00,-2.012461179749810647e+00,-2.906888370749726391e+00,-5.813776741499452783e+00,-7.155417527999326843e+00,-4.248529157249600452e+00,-4.024922359499621294e+00,-4.248529157249600452e+00,-5.813776741499452783e+00,-5.142956348249516196e+00,-4.919349550499537038e+00,-4.024922359499621294e+00,-3.130495168499705549e+00,-3.354101966249684263e+00,-5.590169943749473624e+00,-5.366563145999495354e+00,-3.577708763999663422e+00,-2.236067977499789805e+00,-3.577708763999663422e+00,-3.801315561749642136e+00,-4.919349550499537038e+00,-2.236067977499789805e+00,-5.142956348249516196e+00,-5.813776741499452783e+00,-5.142956348249516196e+00,-3.801315561749642136e+00,-3.577708763999663422e+00,-2.906888370749726391e+00,-3.577708763999663422e+00,-4.024922359499621294e+00,-4.695742752749557880e+00,-2.683281572999747677e+00,-2.012461179749810647e+00,-3.577708763999663422e+00,-1.788854381999831711e+00,-1.565247584249852775e+00,-1.788854381999831711e+00,-1.565247584249852775e+00,-6.708203932499369193e-01,-2.683281572999747677e+00,-3.801315561749642136e+00,-6.708203932499369193e-01,-1.341640786499873839e+00,-1.118033988749894903e+00,-3.354101966249684263e+00,-2.459674775249768519e+00,-3.130495168499705549e+00,-1.788854381999831711e+00,-1.118033988749894903e+00,0.000000000000000000e+00,-2.236067977499789639e-01,6.708203932499369193e-01,2.012461179749810647e+00,1.565247584249852775e+00,2.236067977499789639e-01,-1.118033988749894903e+00,-1.341640786499873839e+00,-2.459674775249768519e+00,-2.459674775249768519e+00,-3.354101966249684263e+00,-3.577708763999663422e+00,-4.472135954999579277e-01,1.565247584249852775e+00,1.565247584249852775e+00,8.944271909999158554e-01,1.341640786499873839e+00,4.248529157249600452e+00,4.695742752749557880e+00,3.801315561749642136e+00,2.236067977499789805e+00,2.683281572999747677e+00,3.577708763999663422e+00,4.248529157249600452e+00,2.906888370749726391e+00,4.472135954999579277e-01,-6.708203932499369193e-01,-1.565247584249852775e+00,-2.683281572999747677e+00,-1.118033988749894903e+00,4.472135954999579277e-01,2.236067977499789639e-01,1.565247584249852775e+00,-6.708203932499369193e-01,4.472135954999579277e-01,4.472135954999579277e-01,4.472135954999579277e-01,0.000000000000000000e+00,0.000000000000000000e+00,6.708203932499369193e-01,1.118033988749894903e+00,3.130495168499705549e+00,2.459674775249768519e+00,3.130495168499705549e+00,6.708203932499369193e-01,-2.236067977499789639e-01,6.708203932499369193e-01,-1.788854381999831711e+00,-3.354101966249684263e+00,-2.012461179749810647e+00,-6.708203932499369193e-01,-1.565247584249852775e+00,-2.683281572999747677e+00,-4.248529157249600452e+00,-2.906888370749726391e+00,-5.366563145999495354e+00,-4.919349550499537038e+00,-4.472135954999579610e+00,-3.354101966249684263e+00,-2.683281572999747677e+00,-3.130495168499705549e+00,-2.236067977499789805e+00,-2.236067977499789805e+00,-3.354101966249684263e+00,-3.130495168499705549e+00,-2.459674775249768519e+00,-4.695742752749557880e+00,-3.577708763999663422e+00,-8.944271909999158554e-01,-4.472135954999579277e-01,2.459674775249768519e+00,4.248529157249600452e+00,4.695742752749557880e+00,3.801315561749642136e+00,2.906888370749726391e+00,3.354101966249684263e+00,1.341640786499873839e+00,-6.708203932499369193e-01,8.944271909999158554e-01,2.683281572999747677e+00,1.565247584249852775e+00,8.944271909999158554e-01,6.708203932499369193e-01,-2.236067977499789639e-01,0.000000000000000000e+00,0.000000000000000000e+00,6.708203932499369193e-01,-4.472135954999579277e-01,-1.118033988749894903e+00,-8.944271909999158554e-01,-1.788854381999831711e+00,-2.459674775249768519e+00,-2.012461179749810647e+00,-3.130495168499705549e+00,-3.577708763999663422e+00,-1.788854381999831711e+00,-1.788854381999831711e+00,-3.354101966249684263e+00,-1.788854381999831711e+00,2.236067977499789639e-01,-4.472135954999579277e-01,-4.472135954999579277e-01,0.000000000000000000e+00,4.472135954999579277e-01,-1.118033988749894903e+00,2.236067977499789639e-01,-4.472135954999579277e-01,-6.708203932499369193e-01,1.341640786499873839e+00,2.683281572999747677e+00,8.944271909999158554e-01,-1.118033988749894903e+00,2.236067977499789639e-01,-1.565247584249852775e+00,-2.683281572999747677e+00,-3.130495168499705549e+00,-2.683281572999747677e+00,-2.012461179749810647e+00,-1.788854381999831711e+00,-1.341640786499873839e+00,-1.118033988749894903e+00,-8.944271909999158554e-01,-2.236067977499789805e+00,-1.118033988749894903e+00,-1.788854381999831711e+00,-1.118033988749894903e+00,0.000000000000000000e+00,-2.236067977499789805e+00,-3.577708763999663422e+00,-3.801315561749642136e+00,-4.248529157249600452e+00,-4.024922359499621294e+00,-2.459674775249768519e+00,-2.683281572999747677e+00,-3.354101966249684263e+00,-1.565247584249852775e+00,-2.236067977499789639e-01,6.708203932499369193e-01,6.708203932499369193e-01,1.341640786499873839e+00,4.472135954999579277e-01,-3.577708763999663422e+00,-1.788854381999831711e+00,-2.012461179749810647e+00,-4.024922359499621294e+00,-4.472135954999579610e+00,-4.695742752749557880e+00,-6.037383539249431941e+00,-5.366563145999495354e+00,-4.919349550499537038e+00,-4.472135954999579610e+00,-4.695742752749557880e+00,-4.472135954999579610e+00,-5.590169943749473624e+00,-6.484597134749389369e+00,-6.037383539249431941e+00,-5.813776741499452783e+00,-6.037383539249431941e+00,-5.590169943749473624e+00,-5.813776741499452783e+00,-5.590169943749473624e+00,-6.260990336999411099e+00,-5.590169943749473624e+00,-5.366563145999495354e+00,-4.919349550499537038e+00,-4.024922359499621294e+00,-3.354101966249684263e+00,-1.788854381999831711e+00,-2.236067977499789639e-01,1.341640786499873839e+00,1.565247584249852775e+00,1.788854381999831711e+00,4.248529157249600452e+00,4.695742752749557880e+00,4.472135954999579610e+00,3.354101966249684263e+00,2.459674775249768519e+00,4.472135954999579610e+00,3.354101966249684263e+00,4.472135954999579610e+00,4.472135954999579610e+00,3.354101966249684263e+00,3.577708763999663422e+00,2.236067977499789805e+00,2.236067977499789639e-01,-1.788854381999831711e+00,-1.341640786499873839e+00,-3.577708763999663422e+00,-2.012461179749810647e+00,-2.236067977499789639e-01,4.472135954999579277e-01,2.236067977499789639e-01,-6.708203932499369193e-01,-1.565247584249852775e+00,-8.944271909999158554e-01,-8.944271909999158554e-01,-6.708203932499369193e-01,-2.236067977499789639e-01,1.788854381999831711e+00,2.012461179749810647e+00,4.472135954999579277e-01,0.000000000000000000e+00,1.118033988749894903e+00,1.341640786499873839e+00,1.788854381999831711e+00,6.708203932499369193e-01,-2.236067977499789639e-01,-6.708203932499369193e-01,-1.788854381999831711e+00,0.000000000000000000e+00,2.236067977499789639e-01,6.708203932499369193e-01,1.565247584249852775e+00,2.012461179749810647e+00,3.801315561749642136e+00,3.130495168499705549e+00,2.459674775249768519e+00,2.459674775249768519e+00,4.248529157249600452e+00,4.695742752749557880e+00,4.695742752749557880e+00,4.024922359499621294e+00,3.577708763999663422e+00,3.801315561749642136e+00,3.577708763999663422e+00,3.130495168499705549e+00,4.248529157249600452e+00,3.577708763999663422e+00,3.130495168499705549e+00,2.683281572999747677e+00,1.788854381999831711e+00,1.341640786499873839e+00,4.024922359499621294e+00,2.236067977499789805e+00,1.118033988749894903e+00,8.944271909999158554e-01,-2.236067977499789639e-01,-8.944271909999158554e-01,-8.944271909999158554e-01,-8.944271909999158554e-01,4.472135954999579277e-01,0.000000000000000000e+00,-8.944271909999158554e-01,-2.012461179749810647e+00,-2.236067977499789805e+00,-2.236067977499789805e+00,-8.944271909999158554e-01,2.236067977499789639e-01,-6.708203932499369193e-01,8.944271909999158554e-01,1.118033988749894903e+00,1.118033988749894903e+00,-4.472135954999579277e-01,0.000000000000000000e+00,-1.788854381999831711e+00,-1.565247584249852775e+00,-4.024922359499621294e+00,-3.354101966249684263e+00,-4.695742752749557880e+00,-2.906888370749726391e+00,-4.248529157249600452e+00,-6.484597134749389369e+00,-6.484597134749389369e+00,-5.590169943749473624e+00,-5.366563145999495354e+00,-5.813776741499452783e+00,-6.260990336999411099e+00,-5.366563145999495354e+00,-7.155417527999326843e+00,-7.155417527999326843e+00,-7.379024325749306001e+00,-6.931810730249347685e+00,-6.037383539249431941e+00,-5.590169943749473624e+00,-5.366563145999495354e+00,-4.919349550499537038e+00,-5.590169943749473624e+00,-6.708203932499368527e+00,-5.813776741499452783e+00,-6.037383539249431941e+00,-6.484597134749389369e+00,-4.024922359499621294e+00,-2.236067977499789805e+00,-1.788854381999831711e+00,-1.565247584249852775e+00,-1.788854381999831711e+00,0.000000000000000000e+00,8.944271909999158554e-01,-2.236067977499789639e-01,2.236067977499789639e-01,-1.788854381999831711e+00,-2.012461179749810647e+00,-1.118033988749894903e+00,-6.708203932499369193e-01,-1.341640786499873839e+00,-4.472135954999579277e-01,0.000000000000000000e+00,-4.472135954999579277e-01,-1.118033988749894903e+00,-6.708203932499369193e-01,2.012461179749810647e+00,3.354101966249684263e+00,1.565247584249852775e+00,1.341640786499873839e+00,0.000000000000000000e+00,-4.472135954999579277e-01,1.565247584249852775e+00,2.236067977499789805e+00,4.472135954999579277e-01,4.472135954999579277e-01,0.000000000000000000e+00,1.788854381999831711e+00,4.024922359499621294e+00,3.130495168499705549e+00,3.354101966249684263e+00,4.919349550499537038e+00,5.366563145999495354e+00,6.260990336999411099e+00,4.472135954999579610e+00,3.354101966249684263e+00,2.236067977499789805e+00,2.459674775249768519e+00,2.012461179749810647e+00,1.341640786499873839e+00,2.012461179749810647e+00,8.944271909999158554e-01,1.341640786499873839e+00,2.012461179749810647e+00,1.788854381999831711e+00,1.788854381999831711e+00,2.906888370749726391e+00,2.236067977499789805e+00,1.341640786499873839e+00,2.012461179749810647e+00,2.236067977499789805e+00,2.459674775249768519e+00,2.012461179749810647e+00,6.708203932499369193e-01,6.708203932499369193e-01,-2.236067977499789639e-01,4.472135954999579277e-01,-4.472135954999579277e-01,2.012461179749810647e+00,3.577708763999663422e+00,4.695742752749557880e+00,4.472135954999579610e+00,3.130495168499705549e+00,2.012461179749810647e+00,1.788854381999831711e+00,2.683281572999747677e+00,3.577708763999663422e+00,3.577708763999663422e+00,6.484597134749389369e+00,4.695742752749557880e+00,4.919349550499537038e+00,3.354101966249684263e+00,2.683281572999747677e+00,2.683281572999747677e+00,2.012461179749810647e+00,8.944271909999158554e-01,2.236067977499789639e-01,6.708203932499369193e-01,-8.944271909999158554e-01,2.236067977499789639e-01,0.000000000000000000e+00,-1.118033988749894903e+00,4.472135954999579277e-01,-4.472135954999579277e-01,-4.472135954999579277e-01,-2.683281572999747677e+00,-1.788854381999831711e+00,-2.012461179749810647e+00,-2.012461179749810647e+00,-6.708203932499369193e-01,-1.788854381999831711e+00,-1.341640786499873839e+00,-1.565247584249852775e+00,-1.341640786499873839e+00,-3.577708763999663422e+00,-1.118033988749894903e+00,-1.341640786499873839e+00,-4.472135954999579277e-01,2.236067977499789639e-01,2.012461179749810647e+00,0.000000000000000000e+00,-2.236067977499789639e-01,-1.565247584249852775e+00,-8.944271909999158554e-01,2.236067977499789639e-01,-2.236067977499789639e-01,-1.341640786499873839e+00,-3.354101966249684263e+00,2.236067977499789639e-01,2.236067977499789639e-01,2.012461179749810647e+00,4.472135954999579610e+00,5.590169943749473624e+00,4.695742752749557880e+00
1.565247584249852775e+00,-4.472135954999579277e-01,-6.708203932499369193e-01,-2.459674775249768519e+00,-2.683281572999747677e+00,-3.354101966249684263e+00,-6.484597134749389369e+00,-6.037383539249431941e+00,-4.024922359499621294e+00,-4.472135954999579610e+00,-2.906888370749726391e+00,-3.577708763999663422e+00,-2.683281572999747677e+00,-2.459674775249768519e+00,-1.341640786499873839e+00,-6.708203932499369193e-01,0.000000000000000000e+00,-1.118033988749894903e+00,-2.012461179749810647e+00,-1.788854381999831711e+00,-2.459674775249768519e+00,-6.708203932499369193e-01,-1.118033988749894903e+00,-2.236067977499789639e-01,0.000000000000000000e+00,-2.236067977499789639e-01,-4.472135954999579277e-01,6.708203932499369193e-01,1.788854381999831711e+00,2.236067977499789805e+00,2.683281572999747677e+00,2.012461179749810647e+00,1.341640786499873839e+00,2.236067977499789805e+00,3.354101966249684263e+00,3.577708763999663422e+00,2.683281572999747677e+00,2.906888370749726391e+00,4.248529157249600452e+00,2.906888370749726391e+00,1.118033988749894903e+00,0.000000000000000000e+00,2.236067977499789639e-01,2.236067977499789805e+00,3.801315561749642136e+00,2.683281572999747677e+00,2.459674775249768519e+00,4.472135954999579277e-01,-2.236067977499789805e+00,-4.024922359499621294e+00,-3.130495168499705549e+00,-2.906888370749726391e+00,-4.472135954999579610e+00,-4.024922359499621294e+00,-1.118033988749894903e+00,8.944271909999158554e-01,0.000000000000000000e+00,0.000000000000000000e+00,-2.236067977499789639e-01,-2.236067977499789639e-01,-1.341640786499873839e+00,-1.788854381999831711e+00,-2.236067977499789805e+00,-3.354101966249684263e+00,-2.459674775249768519e+00,-1.565247584249852775e+00,-3.130495168499705549e+00,-3.354101966249684263e+00,-3.130495168499705549e+00,-4.695742752749557880e+00,-3.577708763999663422e+00,-3.577708763999663422e+00,-3.354101966249684263e+00,-5.590169943749473624e+00,-6.037383539249431941e+00,-5.813776741499452783e+00,-4.919349550499537038e+00,-3.801315561749642136e+00,-3.354101966249684263e+00,-2.012461179749810647e+00,-2.683281572999747677e+00,-2.236067977499789805e+00,-3.801315561749642136e+00,-4.472135954999579610e+00,-4.695742752749557880e+00,-4.695742752749557880e+00,-4.024922359499621294e+00,-5.142956348249516196e+00,-4.024922359499621294e+00,-4.248529157249600452e+00,-3.801315561749642136e+00,-4.472135954999579610e+00,-3.801315561749642136e+00,-2.459674775249768519e+00,-1.341640786499873839e+00,-2.236067977499789639e-01,6.708203932499369193e-01,1.341640786499873839e+00,8.944271909999158554e-01,4.024922359499621294e+00,4.024922359499621294e+00,6.708203932499368527e+00,7.155417527999326843e+00,4.472135954999579610e+00,3.354101966249684263e+00,2.683281572999747677e+00,4.024922359499621294e+00,4.695742752749557880e+00,3.577708763999663422e+00,5.142956348249516196e+00,5.813776741499452783e+00,6.708203932499368527e+00,6.037383539249431941e+00,7.155417527999326843e+00,7.602631123499284271e+00,9.391485505499115760e+00,8.273451516749220858e+00,7.826237921249263430e+00,8.944271909999159220e+00,7.602631123499284271e+00,6.931810730249347685e+00,5.590169943749473624e+00,5.590169943749473624e+00,3.801315561749642136e+00,2.683281572999747677e+00,2.459674775249768519e+00,3.577708763999663422e+00,3.801315561749642136e+00,3.577708763999663422e+00,1.118033988749894903e+00,1.565247584249852775e+00,1.788854381999831711e+00,2.906888370749726391e+00,1.565247584249852775e+00,1.788854381999831711e+00,1.788854381999831711e+00,1.341640786499873839e+00,2.683281572999747677e+00,2.012461179749810647e+00,4.472135954999579277e-01,1.565247584249852775e+00,8.944271909999158554e-01,6.708203932499369193e-01,1.341640786499873839e+00,1.341640786499873839e+00,-4.472135954999579277e-01,-1.341640786499873839e+00,-4.472135954999579610e+00,-2.459674775249768519e+00,-1.341640786499873839e+00,2.236067977499789639e-01,2.459674775249768519e+00,1.788854381999831711e+00,1.788854381999831711e+00,-6.708203932499369193e-01,-2.236067977499789639e-01,2.459674775249768519e+00,1.118033988749894903e+00,1.118033988749894903e+00,2.012461179749810647e+00,8.944271909999158554e-01,1.788854381999831711e+00,2.459674775249768519e+00,2.683281572999747677e+00,2.012461179749810647e+00,1.565247584249852775e+00,-8.944271909999158554e-01,-2.236067977499789639e-01,-1.118033988749894903e+00,-1.565247584249852775e+00,-2.236067977499789805e+00,-2.906888370749726391e+00,-2.459674775249768519e+00,-2.236067977499789805e+00,-2.236067977499789639e-01,-1.118033988749894903e+00,4.472135954999579277e-01,4.472135954999579277e-01,4.472135954999579277e-01,2.459674775249768519e+00,6.708203932499369193e-01,1.565247584249852775e+00,1.118033988749894903e+00,-2.236067977499789639e-01,0.000000000000000000e+00,8.944271909999158554e-01,8.944271909999158554e-01,1.118033988749894903e+00,1.788854381999831711e+00,1.118033988749894903e+00,2.683281572999747677e+00,2.683281572999747677e+00,2.683281572999747677e+00,2.236067977499789805e+00,6.708203932499369193e-01,-2.236067977499789639e-01,-1.788854381999831711e+00,-6.708203932499369193e-01,-8.944271909999158554e-01,1.118033988749894903e+00,2.236067977499789805e+00,2.683281572999747677e+00,2.236067977499789805e+00,2.683281572999747677e+00,3.801315561749642136e+00,4.472135954999579610e+00,3.577708763999663422e+00,6.708203932499369193e-01,3.130495168499705549e+00,3.354101966249684263e+00,1.565247584249852775e+00,2.459674775249768519e+00,1.341640786499873839e+00,4.472135954999579277e-01,8.944271909999158554e-01,2.236067977499789639e-01,1.341640786499873839e+00,8.944271909999158554e-01,2.236067977499789639e-01,6.708203932499369193e-01,-1.341640786499873839e+00,-1.788854381999831711e+00,-2.236067977499789639e-01,8.944271909999158554e-01,2.236067977499789805e+00,1.788854381999831711e+00,1.118033988749894903e+00,8.944271909999158554e-01,0.000000000000000000e+00,2.236067977499789805e+00,3.577708763999663422e+00,4.695742752749557880e+00,4.248529157249600452e+00,4.919349550499537038e+00,4.919349550499537038e+00,4.472135954999579610e+00,4.472135954999579610e+00,3.577708763999663422e+00,3.130495168499705549e+00,2.683281572999747677e+00,2.459674775249768519e+00,1.341640786499873839e+00,2.012461179749810647e+00,2.459674775249768519e+00,4.472135954999579277e-01,-6.708203932499369193e-01,-8.944271909999158554e-01,4.472135954999579277e-01,6.708203932499369193e-01,1.118033988749894903e+00,6.708203932499369193e-01,8.944271909999158554e-01,1.118033988749894903e+00,0.000000000000000000e+00,-8.944271909999158554e-01,2.236067977499789639e-01,-4.472135954999579277e-01,-1.341640786499873839e+00,6.708203932499369193e-01,1.341640786499873839e+00,0.000000000000000000e+00,-2.236067977499789639e-01,-2.236067977499789639e-01,-1.565247584249852775e+00,-8.944271909999158554e-01,-2.459674775249768519e+00,-2.906888370749726391e+00,-8.944271909999158554e-01,2.236067977499789639e-01,-6.708203932499369193e-01,-8.944271909999158554e-01,-6.708203932499369193e-01,1.118033988749894903e+00,8.944271909999158554e-01,1.341640786499873839e+00,2.012461179749810647e+00,4.472135954999579277e-01,2.012461179749810647e+00,3.130495168499705549e+00,2.683281572999747677e+00,6.708203932499369193e-01,1.341640786499873839e+00,2.012461179749810647e+00,2.236067977499789805e+00,1.118033988749894903e+00,1.118033988749894903e+00,6.708203932499369193e-01,6.708203932499369193e-01,-8.944271909999158554e-01,4.472135954999579277e-01,2.236067977499789805e+00,2.683281572999747677e+00,2.012461179749810647e+00,2.459674775249768519e+00,2.012461179749810647e+00,2.236067977499789805e+00,3.354101966249684263e+00,3.354101966249684263e+00,4.695742752749557880e+00,3.801315561749642136e+00,2.459674775249768519e+00,5.142956348249516196e+00,4.472135954999579610e+00,3.354101966249684263e+00,4.248529157249600452e+00,4.024922359499621294e+00,5.142956348249516196e+00,2.459674775249768519e+00,2.236067977499789805e+00,8.944271909999158554e-01,1.118033988749894903e+00,8.944271909999158554e-01,2.683281572999747677e+00,2.012461179749810647e+00,2.012461179749810647e+00,2.683281572999747677e+00,6.708203932499369193e-01,2.459674775249768519e+00,1.341640786499873839e+00,2.459674775249768519e+00,6.708203932499369193e-01,-1.788854381999831711e+00,-1.118033988749894903e+00,-1.788854381999831711e+00,-2.459674775249768519e+00,-3.130495168499705549e+00,-4.248529157249600452e+00,-5.366563145999495354e+00,-3.801315561749642136e+00,-3.354101966249684263e+00,-4.024922359499621294e+00,-3.354101966249684263e+00,-2.012461179749810647e+00,-2.236067977499789639e-01,-4.472135954999579277e-01,6.708203932499369193e-01,2.683281572999747677e+00,2.683281572999747677e+00,3.130495168499705549e+00,2.236067977499789805e+00,2.683281572999747677e+00,-2.236067977499789639e-01,1.341640786499873839e+00,1.565247584249852775e+00,1.565247584249852775e+00,3.130495168499705549e+00,2.459674775249768519e+00,2.012461179749810647e+00,2.906888370749726391e+00,4.919349550499537038e+00,3.801315561749642136e+00,3.801315561749642136e+00,5.813776741499452783e+00,5.142956348249516196e+00,2.683281572999747677e+00,2.459674775249768519e+00,2.459674775249768519e+00,4.919349550499537038e+00,3.130495168499705549e+00,2.012461179749810647e+00,2.459674775249768519e+00,1.565247584249852775e+00,1.565247584249852775e+00,2.012461179749810647e+00,3.577708763999663422e+00,4.248529157249600452e+00,3.130495168499705549e+00,2.906888370749726391e+00,4.024922359499621294e+00,2.459674775249768519e+00,2.683281572999747677e+00,2.459674775249768519e+00,3.354101966249684263e+00,2.459674775249768519e+00,2.012461179749810647e+00,1.118033988749894903e+00,4.472135954999579277e-01,0.000000000000000000e+00,8.944271909999158554e-01,-2.236067977499789639e-01,-1.118033988749894903e+00,-1.788854381999831711e+00,-2.459674775249768519e+00,-2.236067977499789805e+00,-4.919349550499537038e+00,-6.708203932499368527e+00,-5.813776741499452783e+00,-4.919349550499537038e+00,-3.130495168499705549e+00,-3.130495168499705549e+00,-4.472135954999579277e-01,1.118033988749894903e+00,2.236067977499789639e-01,-2.236067977499789639e-01,1.118033988749894903e+00,-2.236067977499789639e-01,6.708203932499369193e-01,2.236067977499789639e-01,0.000000000000000000e+00,-1.118033988749894903e+00,2.236067977499789639e-01,8.944271909999158554e-01,2.906888370749726391e+00,3.354101966249684263e+00,3.801315561749642136e+00,3.354101966249684263e+00,3.577708763999663422e+00,5.590169943749473624e+00,5.142956348249516196e+00,4.919349550499537038e+00,6.260990336999411099e+00,6.260990336999411099e+00,4.695742752749557880e+00,4.024922359499621294e+00,2.683281572999747677e+00,1.341640786499873839e+00,8.944271909999158554e-01,-2.236067977499789639e-01,-8.944271909999158554e-01,-1.341640786499873839e+00,-4.248529157249600452e+00,-3.354101966249684263e+00,-5.813776741499452783e+00,-7.155417527999326843e+00,-8.273451516749220858e+00,-7.379024325749306001e+00,-4.695742752749557880e+00,-4.919349550499537038e+00,-4.248529157249600452e+00,-5.813776741499452783e+00,-4.472135954999579610e+00,-4.695742752749557880e+00,-6.037383539249431941e+00,-7.155417527999326843e+00,-7.379024325749306001e+00,-8.944271909999159220e+00,-8.273451516749220858e+00,-7.602631123499284271e+00,-6.931810730249347685e+00,-8.497058314499200904e+00,-8.497058314499200904e+00,-8.944271909999159220e+00,-7.826237921249263430e+00,-7.826237921249263430e+00,-6.037383539249431941e+00,-4.024922359499621294e+00,-2.459674775249768519e+00,-1.788854381999831711e+00,-1.118033988749894903e+00,-2.236067977499789639e-01,2.012461179749810647e+00,8.944271909999158554e-01,-1.788854381999831711e+00,-1.341640786499873839e+00,2.236067977499789639e-01,1.788854381999831711e+00,8.944271909999158554e-01,-8.944271909999158554e-01,-2.236067977499789639e-01,-1.565247584249852775e+00,-1.341640786499873839e+00,-2.236067977499789639e-01,-6.708203932499369193e-01,4.472135954999579277e-01,1.341640786499873839e+00,2.906888370749726391e+00,2.906888370749726391e+00,1.341640786499873839e+00,2.459674775249768519e+00,1.118033988749894903e+00,1.341640786499873839e+00,2.236067977499789805e+00,2.683281572999747677e+00,1.341640786499873839e+00,2.236067977499789805e+00,1.565247584249852775e+00,2.459674775249768519e+00,2.906888370749726391e+00,4.248529157249600452e+00,2.683281572999747677e+00,2.012461179749810647e+00,3.130495168499705549e+00,1.118033988749894903e+00,1.118033988749894903e+00,2.236067977499789805e+00,1.341640786499873839e+00,2.683281572999747677e+00,1.565247584249852775e+00,0.000000000000000000e+00,1.788854381999831711e+00,2.683281572999747677e+00,3.801315561749642136e+00,3.801315561749642136e+00,4.695742752749557880e+00,6.037383539249431941e+00,5.366563145999495354e+00,5.366563145999495354e+00,2.459674775249768519e+00,4.472135954999579277e-01,0.000000000000000000e+00
-2.459674775249768519e+00,-1.565247584249852775e+00,-6.708203932499369193e-01,-6.708203932499369193e-01,-1.341640786499873839e+00,-4.472135954999579277e-01,-4.472135954999579277e-01,-1.118033988749894903e+00,-8.944271909999158554e-01,0.000000000000000000e+00,1.565247584249852775e+00,1.341640786499873839e+00,2.683281572999747677e+00,2.012461179749810647e+00,2.906888370749726391e+00,1.565247584249852775e+00,2.012461179749810647e+00,2.236067977499789805e+00,2.459674775249768519e+00,5.366563145999495354e+00,5.590169943749473624e+00,6.708203932499368527e+00,8.049844718999242588e+00,7.826237921249263430e+00,7.602631123499284271e+00,7.155417527999326843e+00,5.813776741499452783e+00,3.577708763999663422e+00,3.577708763999663422e+00,1.788854381999831711e+00,2.683281572999747677e+00,3.354101966249684263e+00,3.130495168499705549e+00,3.354101966249684263e+00,4.024922359499621294e+00,5.366563145999495354e+00,4.695742752749557880e+00,5.366563145999495354e+00,5.590169943749473624e+00,4.472135954999579610e+00,5.142956348249516196e+00,6.931810730249347685e+00,6.931810730249347685e+00,6.484597134749389369e+00,7.155417527999326843e+00,5.366563145999495354e+00,4.695742752749557880e+00,4.024922359499621294e+00,3.801315561749642136e+00,3.801315561749642136e+00,2.906888370749726391e+00,-2.236067977499789639e-01,-6.708203932499369193e-01,-2.236067977499789639e-01,4.472135954999579277e-01,6.708203932499369193e-01,-8.944271909999158554e-01,-1.341640786499873839e+00,-2.236067977499789805e+00,-2.236067977499789639e-01,4.472135954999579277e-01,-4.472135954999579277e-01,-1.341640786499873839e+00,1.565247584249852775e+00,1.565247584249852775e+00,2.683281572999747677e+00,4.472135954999579610e+00,4.695742752749557880e+00,4.024922359499621294e+00,2.459674775249768519e+00,3.130495168499705549e+00,4.248529157249600452e+00,3.577708763999663422e+00,2.236067977499789805e+00,2.906888370749726391e+00,1.788854381999831711e+00,1.788854381999831711e+00,3.130495168499705549e+00,3.354101966249684263e+00,3.130495168499705549e+00,2.236067977499789805e+00,2.683281572999747677e+00,2.012461179749810647e+00,1.788854381999831711e+00,2.236067977499789805e+00,1.341640786499873839e+00,2.236067977499789805e+00,1.788854381999831711e+00,1.565247584249852775e+00,2.012461179749810647e+00,3.130495168499705549e+00,4.248529157249600452e+00,3.577708763999663422e+00,4.024922359499621294e+00,2.906888370749726391e+00,2.459674775249768519e+00,1.788854381999831711e+00,2.459674775249768519e+00,2.236067977499789805e+00,4.248529157249600452e+00,3.354101966249684263e+00,3.130495168499705549e+00,3.577708763999663422e+00,1.565247584249852775e+00,3.577708763999663422e+00,3.577708763999663422e+00,2.459674775249768519e+00,6.708203932499369193e-01,8.944271909999158554e-01,2.236067977499789639e-01,-2.236067977499789639e-01,4.472135954999579277e-01,0.000000000000000000e+00,-8.944271909999158554e-01,-8.944271909999158554e-01,-8.944271909999158554e-01,-3.801315561749642136e+00,-3.801315561749642136e+00,-4.024922359499621294e+00,-3.354101966249684263e+00,-3.577708763999663422e+00,-2.683281572999747677e+00,-2.459674775249768519e+00,-2.683281572999747677e+00,-2.459674775249768519e+00,-1.341640786499873839e+00,-1.341640786499873839e+00,-2.459674775249768519e+00,-2.683281572999747677e+00,-3.130495168499705549e+00,-1.565247584249852775e+00,-2.236067977499789805e+00,-2.459674775249768519e+00,-2.683281572999747677e+00,-2.236067977499789805e+00,-2.683281572999747677e+00,-2.459674775249768519e+00,-1.565247584249852775e+00,-1.341640786499873839e+00,-1.341640786499873839e+00,1.118033988749894903e+00,1.341640786499873839e+00,2.236067977499789805e+00,2.012461179749810647e+00,4.024922359499621294e+00,3.130495168499705549e+00,2.906888370749726391e+00,4.695742752749557880e+00,3.577708763999663422e+00,4.024922359499621294e+00,2.236067977499789805e+00,2.012461179749810647e+00,2.683281572999747677e+00,3.130495168499705549e+00,3.354101966249684263e+00,2.906888370749726391e+00,0.000000000000000000e+00,-2.236067977499789639e-01,-6.708203932499369193e-01,0.000000000000000000e+00,-4.472135954999579277e-01,-2.236067977499789639e-01,2.236067977499789639e-01,1.118033988749894903e+00,2.012461179749810647e+00,6.708203932499369193e-01,2.459674775249768519e+00,3.801315561749642136e+00,2.236067977499789805e+00,2.459674775249768519e+00,5.142956348249516196e+00,5.813776741499452783e+00,8.497058314499200904e+00,6.037383539249431941e+00,5.590169943749473624e+00,5.590169943749473624e+00,5.366563145999495354e+00,5.813776741499452783e+00,8.273451516749220858e+00,6.037383539249431941e+00,7.602631123499284271e+00,7.155417527999326843e+00,8.497058314499200904e+00,9.615092303249095806e+00,6.484597134749389369e+00,6.037383539249431941e+00,3.577708763999663422e+00,4.919349550499537038e+00,4.919349550499537038e+00,3.354101966249684263e+00,3.354101966249684263e+00,6.708203932499369193e-01,1.118033988749894903e+00,2.012461179749810647e+00,2.906888370749726391e+00,1.565247584249852775e+00,0.000000000000000000e+00,2.236067977499789639e-01,-2.236067977499789805e+00,-2.012461179749810647e+00,-2.236067977499789639e-01,8.944271909999158554e-01,2.683281572999747677e+00,5.142956348249516196e+00,3.130495168499705549e+00,2.236067977499789639e-01,-8.944271909999158554e-01,-1.341640786499873839e+00,-8.944271909999158554e-01,-2.012461179749810647e+00,-4.472135954999579277e-01,-1.118033988749894903e+00,-1.118033988749894903e+00,-8.944271909999158554e-01,0.000000000000000000e+00,2.236067977499789639e-01,-8.944271909999158554e-01,6.708203932499369193e-01,-4.472135954999579277e-01,0.000000000000000000e+00,2.236067977499789639e-01,-1.565247584249852775e+00,-2.236067977499789805e+00,-4.024922359499621294e+00,-5.813776741499452783e+00,-5.366563145999495354e+00,-3.354101966249684263e+00,-2.012461179749810647e+00,-2.236067977499789639e-01,-1.565247584249852775e+00,-8.944271909999158554e-01,-8.944271909999158554e-01,-2.236067977499789805e+00,-3.354101966249684263e+00,-3.354101966249684263e+00,-1.788854381999831711e+00,4.472135954999579277e-01,2.236067977499789639e-01,-6.708203932499369193e-01,-2.012461179749810647e+00,-1.565247584249852775e+00,-8.944271909999158554e-01,-6.708203932499369193e-01,6.708203932499369193e-01,2.236067977499789639e-01,2.236067977499789805e+00,3.130495168499705549e+00,2.683281572999747677e+00,-6.708203932499369193e-01,2.236067977499789639e-01,8.944271909999158554e-01,2.236067977499789805e+00,3.354101966249684263e+00,3.801315561749642136e+00,3.354101966249684263e+00,2.012461179749810647e+00,1.341640786499873839e+00,6.708203932499369193e-01,-2.012461179749810647e+00,-3.130495168499705549e+00,-4.919349550499537038e+00,-3.577708763999663422e+00,-2.906888370749726391e+00,-1.118033988749894903e+00,-1.788854381999831711e+00,-6.708203932499369193e-01,-4.472135954999579277e-01,-2.236067977499789805e+00,1.341640786499873839e+00,-2.236067977499789639e-01,-4.472135954999579277e-01,-1.118033988749894903e+00,-6.708203932499369193e-01,2.683281572999747677e+00,2.906888370749726391e+00,1.341640786499873839e+00,3.130495168499705549e+00,4.695742752749557880e+00,4.695742752749557880e+00,5.590169943749473624e+00,5.366563145999495354e+00,6.260990336999411099e+00,3.130495168499705549e+00,4.248529157249600452e+00,3.130495168499705549e+00,4.024922359499621294e+00,2.236067977499789805e+00,3.577708763999663422e+00,4.919349550499537038e+00,3.801315561749642136e+00,6.484597134749389369e+00,4.919349550499537038e+00,7.379024325749306001e+00,6.260990336999411099e+00,6.037383539249431941e+00,6.484597134749389369e+00,7.379024325749306001e+00,6.484597134749389369e+00,5.142956348249516196e+00,4.919349550499537038e+00,6.037383539249431941e+00,2.236067977499789805e+00,2.459674775249768519e+00,2.236067977499789805e+00,2.683281572999747677e+00,1.565247584249852775e+00,1.118033988749894903e+00,2.906888370749726391e+00,3.801315561749642136e+00,5.142956348249516196e+00,5.590169943749473624e+00,4.472135954999579610e+00,5.142956348249516196e+00,6.708203932499368527e+00,4.919349550499537038e+00,4.919349550499537038e+00,4.472135954999579610e+00,4.919349550499537038e+00,4.472135954999579610e+00,5.813776741499452783e+00,7.379024325749306001e+00,6.260990336999411099e+00,7.379024325749306001e+00,6.931810730249347685e+00,4.919349550499537038e+00,7.379024325749306001e+00,9.167878707749137490e+00,7.602631123499284271e+00,6.484597134749389369e+00,7.379024325749306001e+00,5.142956348249516196e+00,4.695742752749557880e+00,4.695742752749557880e+00,3.577708763999663422e+00,3.130495168499705549e+00,4.024922359499621294e+00,5.366563145999495354e+00,6.484597134749389369e+00,6.037383539249431941e+00,5.366563145999495354e+00,6.037383539249431941e+00,3.577708763999663422e+00,2.906888370749726391e+00,3.354101966249684263e+00,4.248529157249600452e+00,4.248529157249600452e+00,4.695742752749557880e+00,4.024922359499621294e+00,3.801315561749642136e+00,4.024922359499621294e+00,4.472135954999579610e+00,2.683281572999747677e+00,2.012461179749810647e+00,4.472135954999579277e-01,-1.341640786499873839e+00,6.708203932499369193e-01,0.000000000000000000e+00,-8.944271909999158554e-01,-1.341640786499873839e+00,-4.472135954999579277e-01,-4.472135954999579277e-01,-2.236067977499789639e-01,-1.565247584249852775e+00,4.472135954999579277e-01,8.944271909999158554e-01,6.708203932499369193e-01,2.236067977499789639e-01,2.236067977499789805e+00,2.012461179749810647e+00,3.130495168499705549e+00,4.024922359499621294e+00,5.590169943749473624e+00,4.248529157249600452e+00,5.142956348249516196e+00,6.037383539249431941e+00,6.708203932499368527e+00,6.484597134749389369e+00,6.708203932499368527e+00,6.037383539249431941e+00,5.590169943749473624e+00,5.142956348249516196e+00,6.037383539249431941e+00,6.484597134749389369e+00,5.590169943749473624e+00,5.366563145999495354e+00,5.366563145999495354e+00,5.366563145999495354e+00,4.919349550499537038e+00,5.590169943749473624e+00,2.683281572999747677e+00,1.788854381999831711e+00,3.130495168499705549e+00,3.130495168499705549e+00,2.012461179749810647e+00,1.788854381999831711e+00,6.708203932499369193e-01,2.459674775249768519e+00,4.024922359499621294e+00,5.142956348249516196e+00,5.366563145999495354e+00,3.354101966249684263e+00,4.248529157249600452e+00,1.341640786499873839e+00,6.708203932499369193e-01,1.118033988749894903e+00,2.236067977499789639e-01,8.944271909999158554e-01,-2.236067977499789805e+00,-3.577708763999663422e+00,-3.577708763999663422e+00,-2.906888370749726391e+00,-3.354101966249684263e+00,-3.130495168499705549e+00,-2.012461179749810647e+00,-1.788854381999831711e+00,-2.459674775249768519e+00,-1.788854381999831711e+00,-2.012461179749810647e+00,-2.236067977499789639e-01,-6.708203932499369193e-01,0.000000000000000000e+00,4.472135954999579277e-01,2.236067977499789639e-01,-2.683281572999747677e+00,4.472135954999579277e-01,4.472135954999579277e-01,1.565247584249852775e+00,4.472135954999579277e-01,4.472135954999579277e-01,8.944271909999158554e-01,2.459674775249768519e+00,1.788854381999831711e+00,2.012461179749810647e+00,1.118033988749894903e+00,1.341640786499873839e+00,8.944271909999158554e-01,2.459674775249768519e+00,8.944271909999158554e-01,2.236067977499789639e-01,6.708203932499369193e-01,6.708203932499369193e-01,2.236067977499789805e+00,4.472135954999579277e-01,-2.236067977499789639e-01,4.472135954999579277e-01,0.000000000000000000e+00,-2.236067977499789639e-01,2.236067977499789639e-01,2.236067977499789639e-01,1.118033988749894903e+00,4.024922359499621294e+00,2.683281572999747677e+00,4.695742752749557880e+00,2.906888370749726391e+00,4.024922359499621294e+00,2.683281572999747677e+00,1.788854381999831711e+00,-6.708203932499369193e-01,-4.472135954999579277e-01,-6.708203932499369193e-01,0.000000000000000000e+00,-4.472135954999579277e-01,1.118033988749894903e+00,-2.236067977499789639e-01,-4.472135954999579277e-01,2.236067977499789639e-01,-4.472135954999579277e-01,6.708203932499369193e-01,8.944271909999158554e-01,-2.236067977499789639e-01,-1.118033988749894903e+00,-1.118033988749894903e+00,-1.341640786499873839e+00,-1.788854381999831711e+00,-4.472135954999579277e-01,1.118033988749894903e+00,2.459674775249768519e+00,2.906888370749726391e+00,3.354101966249684263e+00,1.565247584249852775e+00,-2.236067977499789639e-01,4.472135954999579277e-01,1.788854381999831711e+00,2.012461179749810647e+00,2.012461179749810647e+00,1.788854381999831711e+00,2.683281572999747677e+00,4.695742752749557880e+00,4.695742752749557880e+00,4.919349550499537038e+00,4.919349550499537038e+00,5.366563145999495354e+00,4.472135954999579610e+00,2.459674775249768519e+00,6.708203932499369193e-01,2.683281572999747677e+00,2.683281572999747677e+00,3.577708763999663422e+00,3.354101966249684263e+00,4.919349550499537038e+00
2.012461179749810647e+00,2.012461179749810647e+00,1.341640786499873839e+00,6.708203932499369193e-01,0.000000000000000000e+00,-2.012461179749810647e+00,-1.565247584249852775e+00,-4.472135954999579277e-01,3.801315561749642136e+00,2.906888370749726391e+00,3.354101966249684263e+00,3.354101966249684263e+00,4.024922359499621294e+00,3.354101966249684263e+00,3.577708763999663422e+00,2.906888370749726391e+00,2.683281572999747677e+00,6.708203932499369193e-01,-8.944271909999158554e-01,-2.236067977499789639e-01,-1.118033988749894903e+00,-6.708203932499369193e-01,1.118033988749894903e+00,1.341640786499873839e+00,2.236067977499789639e-01,-2.236067977499789639e-01,-8.944271909999158554e-01,-8.944271909999158554e-01,-1.565247584249852775e+00,-1.565247584249852775e+00,-2.459674775249768519e+00,-1.788854381999831711e+00,4.472135954999579277e-01,2.012461179749810647e+00,1.118033988749894903e+00,8.944271909999158554e-01,4.472135954999579277e-01,1.341640786499873839e+00,2.683281572999747677e+00,3.354101966249684263e+00,2.906888370749726391e+00,3.801315561749642136e+00,1.788854381999831711e+00,1.565247584249852775e+00,1.118033988749894903e+00,6.708203932499369193e-01,1.788854381999831711e+00,1.118033988749894903e+00,2.236067977499789805e+00,2.683281572999747677e+00,8.944271909999158554e-01,8.944271909999158554e-01,1.788854381999831711e+00,1.788854381999831711e+00,2.683281572999747677e+00,1.788854381999831711e+00,8.944271909999158554e-01,2.236067977499789805e+00,6.708203932499369193e-01,6.708203932499369193e-01,2.236067977499789639e-01,1.565247584249852775e+00,2.906888370749726391e+00,2.906888370749726391e+00,4.472135954999579610e+00,7.155417527999326843e+00,6.260990336999411099e+00,4.695742752749557880e+00,5.142956348249516196e+00,3.577708763999663422e+00,3.577708763999663422e+00,4.695742752749557880e+00,3.354101966249684263e+00,8.944271909999158554e-01,-1.565247584249852775e+00,-3.577708763999663422e+00,-2.683281572999747677e+00,2.236067977499789639e-01,-2.012461179749810647e+00,-6.708203932499369193e-01,-2.012461179749810647e+00,-1.118033988749894903e+00,2.236067977499789639e-01,4.248529157249600452e+00,2.906888370749726391e+00,6.708203932499369193e-01,-6.708203932499369193e-01,-1.788854381999831711e+00,-1.565247584249852775e+00,-1.341640786499873839e+00,-1.788854381999831711e+00,-6.708203932499369193e-01,-4.472135954999579277e-01,-1.788854381999831711e+00,-2.236067977499789805e+00,-2.906888370749726391e+00,-2.459674775249768519e+00,-4.248529157249600452e+00,-4.024922359499621294e+00,-4.248529157249600452e+00,-3.577708763999663422e+00,-1.788854381999831711e+00,-2.683281572999747677e+00,-2.683281572999747677e+00,-3.130495168499705549e+00,-1.788854381999831711e+00,-1.788854381999831711e+00,-4.695742752749557880e+00,-5.366563145999495354e+00,-2.683281572999747677e+00,-3.354101966249684263e+00,-3.354101966249684263e+00,-4.248529157249600452e+00,-6.037383539249431941e+00,-3.577708763999663422e+00,-3.354101966249684263e+00,-2.459674775249768519e+00,0.000000000000000000e+00,1.788854381999831711e+00,1.341640786499873839e+00,-8.944271909999158554e-01,-2.236067977499789639e-01,-4.472135954999579277e-01,-6.708203932499369193e-01,-1.788854381999831711e+00,-2.012461179749810647e+00,-6.708203932499369193e-01,-4.472135954999579277e-01,2.236067977499789639e-01,2.236067977499789805e+00,1.341640786499873839e+00,1.565247584249852775e+00,3.801315561749642136e+00,4.695742752749557880e+00,4.695742752749557880e+00,5.813776741499452783e+00,6.708203932499368527e+00,6.708203932499368527e+00,7.155417527999326843e+00,5.590169943749473624e+00,5.590169943749473624e+00,5.590169943749473624e+00,6.708203932499368527e+00,5.590169943749473624e+00,6.708203932499368527e+00,5.366563145999495354e+00,4.695742752749557880e+00,2.683281572999747677e+00,2.236067977499789805e+00,1.341640786499873839e+00,1.118033988749894903e+00,8.944271909999158554e-01,6.708203932499369193e-01,2.906888370749726391e+00,1.788854381999831711e+00,4.472135954999579277e-01,-6.708203932499369193e-01,2.459674775249768519e+00,2.012461179749810647e+00,0.000000000000000000e+00,2.012461179749810647e+00,2.683281572999747677e+00,3.130495168499705549e+00,2.906888370749726391e+00,3.354101966249684263e+00,3.801315561749642136e+00,3.130495168499705549e+00,2.683281572999747677e+00,2.906888370749726391e+00,3.577708763999663422e+00,4.248529157249600452e+00,1.565247584249852775e+00,2.236067977499789639e-01,-4.472135954999579277e-01,6.708203932499369193e-01,4.472135954999579277e-01,-8.944271909999158554e-01,-1.788854381999831711e+00,-4.472135954999579277e-01,2.236067977499789639e-01,-4.472135954999579277e-01,-2.236067977499789805e+00,-1.788854381999831711e+00,-2.012461179749810647e+00,-4.472135954999579277e-01,-1.565247584249852775e+00,2.236067977499789639e-01,2.236067977499789639e-01,8.944271909999158554e-01,4.472135954999579277e-01,1.788854381999831711e+00,4.472135954999579277e-01,6.708203932499369193e-01,8.944271909999158554e-01,1.341640786499873839e+00,3.130495168499705549e+00,5.366563145999495354e+00,5.142956348249516196e+00,3.801315561749642136e+00,4.919349550499537038e+00,4.472135954999579610e+00,6.037383539249431941e+00,4.472135954999579610e+00,2.236067977499789805e+00,4.024922359499621294e+00,5.590169943749473624e+00,4.024922359499621294e+00,5.366563145999495354e+00,5.142956348249516196e+00,5.142956348249516196e+00,4.695742752749557880e+00,4.695742752749557880e+00,3.577708763999663422e+00,4.024922359499621294e+00,2.012461179749810647e+00,8.944271909999158554e-01,1.565247584249852775e+00,3.801315561749642136e+00,4.472135954999579610e+00,3.801315561749642136e+00,3.130495168499705549e+00,2.012461179749810647e+00,2.459674775249768519e+00,3.801315561749642136e+00,1.565247584249852775e+00,2.236067977499789805e+00,1.565247584249852775e+00,2.236067977499789639e-01,-1.118033988749894903e+00,0.000000000000000000e+00,-1.788854381999831711e+00,-2.459674775249768519e+00,-2.459674775249768519e+00,-2.236067977499789805e+00,-2.012461179749810647e+00,-1.565247584249852775e+00,-1.341640786499873839e+00,-1.341640786499873839e+00,-8.944271909999158554e-01,-1.341640786499873839e+00,-3.130495168499705549e+00,-2.012461179749810647e+00,-3.130495168499705549e+00,-4.024922359499621294e+00,-4.472135954999579610e+00,-6.931810730249347685e+00,-6.260990336999411099e+00,-6.484597134749389369e+00,-5.590169943749473624e+00,-4.024922359499621294e+00,-3.130495168499705549e+00,-2.236067977499789805e+00,-1.341640786499873839e+00,6.708203932499369193e-01,1.341640786499873839e+00,0.000000000000000000e+00,2.236067977499789639e-01,1.341640786499873839e+00,2.236067977499789805e+00,2.012461179749810647e+00,3.577708763999663422e+00,2.236067977499789805e+00,2.236067977499789805e+00,1.118033988749894903e+00,1.788854381999831711e+00,1.788854381999831711e+00,-1.341640786499873839e+00,-8.944271909999158554e-01,0.000000000000000000e+00,1.341640786499873839e+00,2.012461179749810647e+00,2.236067977499789805e+00,3.577708763999663422e+00,5.366563145999495354e+00,5.366563145999495354e+00,6.708203932499368527e+00,6.260990336999411099e+00,4.472135954999579610e+00,5.590169943749473624e+00,4.472135954999579610e+00,3.354101966249684263e+00,2.906888370749726391e+00,3.130495168499705549e+00,3.801315561749642136e+00,3.801315561749642136e+00,4.472135954999579610e+00,3.354101966249684263e+00,3.577708763999663422e+00,1.565247584249852775e+00,2.012461179749810647e+00,6.708203932499369193e-01,1.565247584249852775e+00,2.236067977499789805e+00,2.236067977499789805e+00,1.118033988749894903e+00,1.565247584249852775e+00,1.788854381999831711e+00,1.788854381999831711e+00,2.683281572999747677e+00,4.248529157249600452e+00,1.118033988749894903e+00,2.236067977499789639e-01,2.012461179749810647e+00,1.341640786499873839e+00,2.012461179749810647e+00,2.906888370749726391e+00,3.354101966249684263e+00,1.341640786499873839e+00,0.000000000000000000e+00,2.012461179749810647e+00,2.906888370749726391e+00,3.130495168499705549e+00,3.354101966249684263e+00,4.472135954999579610e+00,3.801315561749642136e+00,6.037383539249431941e+00,5.366563145999495354e+00,5.142956348249516196e+00,3.801315561749642136e+00,4.024922359499621294e+00,2.683281572999747677e+00,2.459674775249768519e+00,2.906888370749726391e+00,3.354101966249684263e+00,3.577708763999663422e+00,6.037383539249431941e+00,5.142956348249516196e+00,4.472135954999579610e+00,3.801315561749642136e+00,5.813776741499452783e+00,5.142956348249516196e+00,3.577708763999663422e+00,4.695742752749557880e+00,4.695742752749557880e+00,4.472135954999579610e+00,3.354101966249684263e+00,2.459674775249768519e+00,2.459674775249768519e+00,8.944271909999158554e-01,1.788854381999831711e+00,2.683281572999747677e+00,1.565247584249852775e+00,4.472135954999579277e-01,1.341640786499873839e+00,2.906888370749726391e+00,1.788854381999831711e+00,2.236067977499789805e+00,2.236067977499789639e-01,6.708203932499369193e-01,2.236067977499789639e-01,2.236067977499789639e-01,-2.236067977499789639e-01,1.118033988749894903e+00,1.788854381999831711e+00,1.565247584249852775e+00,3.354101966249684263e+00,4.919349550499537038e+00,4.024922359499621294e+00,1.118033988749894903e+00,1.565247584249852775e+00,1.788854381999831711e+00,3.130495168499705549e+00,4.695742752749557880e+00,4.024922359499621294e+00,5.366563145999495354e+00,5.366563145999495354e+00,4.695742752749557880e+00,4.024922359499621294e+00,2.459674775249768519e+00,1.565247584249852775e+00,2.236067977499789639e-01,-1.118033988749894903e+00,6.708203932499369193e-01,-4.472135954999579277e-01,-6.708203932499369193e-01,-2.236067977499789805e+00,0.000000000000000000e+00,-4.472135954999579277e-01,-1.788854381999831711e+00,-8.944271909999158554e-01,-1.118033988749894903e+00,-8.944271909999158554e-01,2.236067977499789639e-01,4.472135954999579277e-01,1.565247584249852775e+00,8.944271909999158554e-01,-1.118033988749894903e+00,-2.236067977499789805e+00,-1.788854381999831711e+00,-1.118033988749894903e+00,-1.565247584249852775e+00,8.944271909999158554e-01,3.130495168499705549e+00,3.130495168499705549e+00,1.788854381999831711e+00,3.130495168499705549e+00,0.000000000000000000e+00,8.944271909999158554e-01,-2.236067977499789639e-01,8.944271909999158554e-01,0.000000000000000000e+00,-4.472135954999579277e-01,4.472135954999579277e-01,-1.118033988749894903e+00,-6.708203932499369193e-01,-2.236067977499789639e-01,2.012461179749810647e+00,2.683281572999747677e+00,4.472135954999579277e-01,-4.472135954999579277e-01,-2.683281572999747677e+00,-4.695742752749557880e+00,-4.919349550499537038e+00,-6.037383539249431941e+00,-6.260990336999411099e+00,-5.813776741499452783e+00,-5.142956348249516196e+00,-4.695742752749557880e+00,-4.472135954999579610e+00,-4.695742752749557880e+00,-6.931810730249347685e+00,-7.379024325749306001e+00,-6.037383539249431941e+00,-7.602631123499284271e+00,-7.155417527999326843e+00,-6.931810730249347685e+00,-8.720665112249179174e+00,-6.708203932499368527e+00,-5.813776741499452783e+00,-6.037383539249431941e+00,-6.260990336999411099e+00,-6.037383539249431941e+00,-5.590169943749473624e+00,-6.037383539249431941e+00,-5.142956348249516196e+00,-4.472135954999579610e+00,-4.024922359499621294e+00,-4.919349550499537038e+00,-4.024922359499621294e+00,-5.142956348249516196e+00,-6.484597134749389369e+00,-5.813776741499452783e+00,-6.708203932499368527e+00,-6.037383539249431941e+00,-5.590169943749473624e+00,-5.813776741499452783e+00,-4.248529157249600452e+00,-5.142956348249516196e+00,-5.813776741499452783e+00,-6.484597134749389369e+00,-6.260990336999411099e+00,-6.484597134749389369e+00,-5.366563145999495354e+00,-6.037383539249431941e+00,-6.260990336999411099e+00,-7.379024325749306001e+00,-7.602631123499284271e+00,-7.379024325749306001e+00,-5.366563145999495354e+00,-5.366563145999495354e+00,-3.801315561749642136e+00,-6.708203932499369193e-01,-2.459674775249768519e+00,-2.236067977499789805e+00,-2.012461179749810647e+00,-2.459674775249768519e+00,-2.012461179749810647e+00,-2.906888370749726391e+00,-2.683281572999747677e+00,-2.906888370749726391e+00,-1.118033988749894903e+00,0.000000000000000000e+00,1.788854381999831711e+00,2.683281572999747677e+00,3.354101966249684263e+00,2.459674775249768519e+00,3.577708763999663422e+00,2.236067977499789805e+00,2.236067977499789639e-01,4.472135954999579277e-01,6.708203932499369193e-01,-2.236067977499789639e-01,-8.944271909999158554e-01,-3.354101966249684263e+00,-3.354101966249684263e+00,-4.472135954999579610e+00,-5.366563145999495354e+00,-5.142956348249516196e+00,-5.590169943749473624e+00,-4.695742752749557880e+00,-4.472135954999579610e+00,-3.577708763999663422e+00,-3.577708763999663422e+00,-3.354101966249684263e+00,-2.236067977499789805e+00,-2.683281572999747677e+00,-4.919349550499537038e+00,-4.919349550499537038e+00,-5.366563145999495354e+00,-2.012461179749810647e+00
1.341640786499873839e+00,0.000000000000000000e+00,-8.944271909999158554e-01,-8.944271909999158554e-01,1.118033988749894903e+00,-8.944271909999158554e-01,4.472135954999579277e-01,1.341640786499873839e+00,1.118033988749894903e+00,1.341640786499873839e+00,4.248529157249600452e+00,4.472135954999579610e+00,6.260990336999411099e+00,3.130495168499705549e+00,3.354101966249684263e+00,4.919349550499537038e+00,4.248529157249600452e+00,5.366563145999495354e+00,5.813776741499452783e+00,6.484597134749389369e+00,5.142956348249516196e+00,4.695742752749557880e+00,2.683281572999747677e+00,1.341640786499873839e+00,-6.708203932499369193e-01,-6.708203932499369193e-01,2.236067977499789639e-01,-4.472135954999579277e-01,-6.708203932499369193e-01,-6.708203932499369193e-01,-2.459674775249768519e+00,-5.590169943749473624e+00,-4.472135954999579610e+00,-2.906888370749726391e+00,-5.142956348249516196e+00,-6.708203932499368527e+00,-8.720665112249179174e+00,-8.497058314499200904e+00,-1.006230589874905235e+01,-8.944271909999159220e+00,-6.484597134749389369e+00,-6.708203932499368527e+00,-8.049844718999242588e+00,-6.931810730249347685e+00,-5.590169943749473624e+00,-6.708203932499368527e+00,-5.366563145999495354e+00,-5.366563145999495354e+00,-7.155417527999326843e+00,-7.602631123499284271e+00,-7.602631123499284271e+00,-5.366563145999495354e+00,-4.472135954999579610e+00,-2.683281572999747677e+00,-2.906888370749726391e+00,-4.024922359499621294e+00,-2.012461179749810647e+00,-8.944271909999158554e-01,0.000000000000000000e+00,0.000000000000000000e+00,1.118033988749894903e+00,2.459674775249768519e+00,1.788854381999831711e+00,1.565247584249852775e+00,6.708203932499369193e-01,1.565247584249852775e+00,3.354101966249684263e+00,4.024922359499621294e+00,2.459674775249768519e+00,1.341640786499873839e+00,1.341640786499873839e+00,8.944271909999158554e-01,2.906888370749726391e+00,4.472135954999579277e-01,-1.118033988749894903e+00,-8.944271909999158554e-01,-1.341640786499873839e+00,-1.118033988749894903e+00,-8.944271909999158554e-01,2.236067977499789639e-01,2.236067977499789639e-01,-6.708203932499369193e-01,-1.118033988749894903e+00,-2.236067977499789639e-01,0.000000000000000000e+00,1.118033988749894903e+00,1.788854381999831711e+00,2.236067977499789805e+00,2.459674775249768519e+00,-6.708203932499369193e-01,1.118033988749894903e+00,6.708203932499369193e-01,1.788854381999831711e+00,2.906888370749726391e+00,4.248529157249600452e+00,4.248529157249600452e+00,5.366563145999495354e+00,3.354101966249684263e+00,3.577708763999663422e+00,3.801315561749642136e+00,2.683281572999747677e+00,3.130495168499705549e+00,3.801315561749642136e+00,3.801315561749642136e+00,3.801315561749642136e+00,6.708203932499368527e+00,5.366563145999495354e+00,6.484597134749389369e+00,6.708203932499368527e+00,6.037383539249431941e+00,6.260990336999411099e+00,5.142956348249516196e+00,4.472135954999579610e+00,3.130495168499705549e+00,3.577708763999663422e+00,4.248529157249600452e+00,5.142956348249516196e+00,5.590169943749473624e+00,5.142956348249516196e+00,4.919349550499537038e+00,4.472135954999579610e+00,4.695742752749557880e+00,3.801315561749642136e+00,3.577708763999663422e+00,7.155417527999326843e+00,7.379024325749306001e+00,8.720665112249179174e+00,1.006230589874905235e+01,8.720665112249179174e+00,6.931810730249347685e+00,6.260990336999411099e+00,4.695742752749557880e+00,3.577708763999663422e+00,2.236067977499789805e+00,1.565247584249852775e+00,1.565247584249852775e+00,-8.944271909999158554e-01,-1.565247584249852775e+00,-3.354101966249684263e+00,-2.683281572999747677e+00,-3.354101966249684263e+00,-3.801315561749642136e+00,-1.788854381999831711e+00,-8.944271909999158554e-01,-1.341640786499873839e+00,-6.708203932499369193e-01,-3.577708763999663422e+00,-5.142956348249516196e+00,-4.695742752749557880e+00,-3.577708763999663422e+00,-3.130495168499705549e+00,-3.130495168499705549e+00,-2.459674775249768519e+00,-2.906888370749726391e+00,-2.459674775249768519e+00,-1.341640786499873839e+00,-2.236067977499789639e-01,-4.472135954999579277e-01,-4.472135954999579277e-01,-3.130495168499705549e+00,-4.472135954999579610e+00,-4.248529157249600452e+00,-4.472135954999579610e+00,-2.459674775249768519e+00,-1.118033988749894903e+00,-4.472135954999579277e-01,-4.472135954999579277e-01,-8.944271909999158554e-01,1.341640786499873839e+00,2.236067977499789639e-01,6.708203932499369193e-01,2.012461179749810647e+00,3.801315561749642136e+00,2.459674775249768519e+00,1.118033988749894903e+00,-1.341640786499873839e+00,-2.459674775249768519e+00,-6.708203932499369193e-01,4.472135954999579277e-01,-6.708203932499369193e-01,6.708203932499369193e-01,2.683281572999747677e+00,1.565247584249852775e+00,3.354101966249684263e+00,2.459674775249768519e+00,2.906888370749726391e+00,3.577708763999663422e+00,3.801315561749642136e+00,2.459674775249768519e+00,1.118033988749894903e+00,4.472135954999579277e-01,2.236067977499789639e-01,1.565247584249852775e+00,2.683281572999747677e+00,6.708203932499369193e-01,0.000000000000000000e+00,8.944271909999158554e-01,2.236067977499789639e-01,-2.236067977499789805e+00,-2.236067977499789805e+00,-2.683281572999747677e+00,-2.236067977499789639e-01,-1.788854381999831711e+00,-1.341640786499873839e+00,-3.577708763999663422e+00,-2.683281572999747677e+00,-2.236067977499789805e+00,1.118033988749894903e+00,1.118033988749894903e+00,-2.236067977499789639e-01,-8.944271909999158554e-01,-2.236067977499789805e+00,8.944271909999158554e-01,-1.788854381999831711e+00,-6.708203932499369193e-01,-1.118033988749894903e+00,-2.236067977499789639e-01,0.000000000000000000e+00,1.118033988749894903e+00,0.000000000000000000e+00,0.000000000000000000e+00,-1.118033988749894903e+00,-2.459674775249768519e+00,-1.788854381999831711e+00,-6.708203932499369193e-01,-2.236067977499789639e-01,-1.118033988749894903e+00,2.236067977499789639e-01,2.236067977499789639e-01,-1.341640786499873839e+00,-6.708203932499369193e-01,-8.944271909999158554e-01,-2.236067977499789805e+00,-2.236067977499789805e+00,-3.130495168499705549e+00,-2.906888370749726391e+00,-3.801315561749642136e+00,-8.944271909999158554e-01,1.118033988749894903e+00,6.708203932499369193e-01,-2.236067977499789805e+00,-2.459674775249768519e+00,-2.012461179749810647e+00,-2.012461179749810647e+00,-1.788854381999831711e+00,-1.118033988749894903e+00,-8.944271909999158554e-01,4.472135954999579277e-01,-4.472135954999579277e-01,1.788854381999831711e+00,-4.472135954999579277e-01,-2.236067977499789639e-01,8.944271909999158554e-01,2.236067977499789639e-01,6.708203932499369193e-01,-1.341640786499873839e+00,-1.341640786499873839e+00,-6.708203932499369193e-01,6.708203932499369193e-01,4.472135954999579277e-01,-1.341640786499873839e+00,-1.565247584249852775e+00,-4.472135954999579277e-01,2.236067977499789639e-01,2.012461179749810647e+00,2.236067977499789639e-01,1.788854381999831711e+00,-4.472135954999579277e-01,-1.341640786499873839e+00,-8.944271909999158554e-01,-2.236067977499789805e+00,-2.459674775249768519e+00,-3.130495168499705549e+00,-4.695742752749557880e+00,-4.024922359499621294e+00,-2.459674775249768519e+00,-2.236067977499789805e+00,-2.236067977499789805e+00,-2.012461179749810647e+00,-3.130495168499705549e+00,-3.801315561749642136e+00,-3.130495168499705549e+00,-1.565247584249852775e+00,-1.341640786499873839e+00,1.118033988749894903e+00,2.236067977499789639e-01,-2.236067977499789639e-01,2.459674775249768519e+00,2.459674775249768519e+00,3.130495168499705549e+00,2.906888370749726391e+00,3.577708763999663422e+00,3.130495168499705549e+00,2.012461179749810647e+00,1.118033988749894903e+00,1.565247584249852775e+00,2.683281572999747677e+00,3.577708763999663422e+00,2.906888370749726391e+00,2.236067977499789805e+00,3.354101966249684263e+00,5.813776741499452783e+00,6.037383539249431941e+00,4.024922359499621294e+00,4.919349550499537038e+00,3.130495168499705549e+00,2.459674775249768519e+00,0.000000000000000000e+00,1.341640786499873839e+00,8.944271909999158554e-01,1.788854381999831711e+00,2.236067977499789639e-01,2.236067977499789639e-01,-1.788854381999831711e+00,-1.341640786499873839e+00,-6.708203932499369193e-01,1.565247584249852775e+00,6.708203932499369193e-01,2.012461179749810647e+00,8.944271909999158554e-01,-2.236067977499789639e-01,-1.788854381999831711e+00,-3.354101966249684263e+00,-3.354101966249684263e+00,-3.130495168499705549e+00,-2.683281572999747677e+00,-2.236067977499789805e+00,-4.695742752749557880e+00,-2.012461179749810647e+00,-3.130495168499705549e+00,-3.354101966249684263e+00,-2.683281572999747677e+00,-2.236067977499789805e+00,4.472135954999579277e-01,0.000000000000000000e+00,4.472135954999579277e-01,1.565247584249852775e+00,6.708203932499369193e-01,2.236067977499789639e-01,0.000000000000000000e+00,1.118033988749894903e+00,8.944271909999158554e-01,1.118033988749894903e+00,1.341640786499873839e+00,-1.565247584249852775e+00,1.341640786499873839e+00,6.708203932499369193e-01,8.944271909999158554e-01,-8.944271909999158554e-01,-1.788854381999831711e+00,-2.683281572999747677e+00,-4.248529157249600452e+00,-1.788854381999831711e+00,-3.801315561749642136e+00,-4.248529157249600452e+00,-5.142956348249516196e+00,-6.260990336999411099e+00,-8.273451516749220858e+00,-4.919349550499537038e+00,-4.919349550499537038e+00,-3.801315561749642136e+00,-4.024922359499621294e+00,-3.577708763999663422e+00,-4.248529157249600452e+00,-2.683281572999747677e+00,-2.906888370749726391e+00,-4.024922359499621294e+00,-2.906888370749726391e+00,-6.708203932499369193e-01,-1.118033988749894903e+00,-2.683281572999747677e+00,-2.012461179749810647e+00,-3.354101966249684263e+00,-2.236067977499789805e+00,-2.683281572999747677e+00,-3.801315561749642136e+00,-2.906888370749726391e+00,-2.012461179749810647e+00,-3.354101966249684263e+00,-2.236067977499789805e+00,-1.565247584249852775e+00,2.236067977499789639e-01,1.118033988749894903e+00,2.236067977499789805e+00,2.012461179749810647e+00,2.012461179749810647e+00,8.944271909999158554e-01,6.708203932499369193e-01,1.565247584249852775e+00,2.236067977499789805e+00,2.012461179749810647e+00,-6.708203932499369193e-01,-2.236067977499789805e+00,-2.012461179749810647e+00,-2.236067977499789639e-01,0.000000000000000000e+00,-1.788854381999831711e+00,-2.236067977499789805e+00,-3.801315561749642136e+00,-4.695742752749557880e+00,-4.248529157249600452e+00,-3.130495168499705549e+00,-1.118033988749894903e+00,-2.236067977499789805e+00,-2.906888370749726391e+00,-1.788854381999831711e+00,-2.012461179749810647e+00,2.236067977499789639e-01,-2.236067977499789639e-01,2.683281572999747677e+00,3.577708763999663422e+00,4.248529157249600452e+00,3.130495168499705549e+00,1.341640786499873839e+00,1.565247584249852775e+00,1.118033988749894903e+00,3.801315561749642136e+00,2.683281572999747677e+00,3.801315561749642136e+00,3.354101966249684263e+00,5.813776741499452783e+00,4.024922359499621294e+00,4.472135954999579610e+00,4.248529157249600452e+00,5.142956348249516196e+00,4.919349550499537038e+00,2.906888370749726391e+00,1.788854381999831711e+00,2.236067977499789805e+00,2.683281572999747677e+00,3.130495168499705549e+00,1.565247584249852775e+00,4.248529157249600452e+00,3.354101966249684263e+00,3.354101966249684263e+00,3.801315561749642136e+00,3.130495168499705549e+00,5.366563145999495354e+00,5.813776741499452783e+00,5.142956348249516196e+00,4.472135954999579610e+00,3.577708763999663422e+00,3.354101966249684263e+00,3.354101966249684263e+00,4.024922359499621294e+00,1.788854381999831711e+00,1.118033988749894903e+00,-2.236067977499789639e-01,-2.459674775249768519e+00,-1.341640786499873839e+00,6.708203932499369193e-01,0.000000000000000000e+00,0.000000000000000000e+00,0.000000000000000000e+00,8.944271909999158554e-01,2.459674775249768519e+00,2.459674775249768519e+00,0.000000000000000000e+00,2.236067977499789639e-01,1.565247584249852775e+00,1.565247584249852775e+00,5.813776741499452783e+00,4.919349550499537038e+00,4.248529157249600452e+00,4.472135954999579610e+00,2.906888370749726391e+00,2.683281572999747677e+00,1.118033988749894903e+00,1.341640786499873839e+00,-6.708203932499369193e-01,1.788854381999831711e+00,4.248529157249600452e+00,2.906888370749726391e+00,5.142956348249516196e+00,3.801315561749642136e+00,2.906888370749726391e+00,2.683281572999747677e+00,3.577708763999663422e+00,3.801315561749642136e+00,2.683281572999747677e+00,2.236067977499789805e+00,3.354101966249684263e+00,1.788854381999831711e+00,8.944271909999158554e-01,4.472135954999579277e-01,0.000000000000000000e+00,1.788854381999831711e+00,1.341640786499873839e+00,1.788854381999831711e+00,2.906888370749726391e+00,3.801315561749642136e+00,3.577708763999663422e+00,3.577708763999663422e+00,4.472135954999579610e+00,2.683281572999747677e+00,2.012461179749810647e+00,2.683281572999747677e+00,4.248529157249600452e+00,5.142956348249516196e+00,4.248529157249600452e+00
-2.459674775249768519e+00,-1.118033988749894903e+00,2.459674775249768519e+00,1.565247584249852775e+00,2.683281572999747677e+00,1.118033988749894903e+00,3.577708763999663422e+00,2.906888370749726391e+00,2.683281572999747677e+00,1.118033988749894903e+00,1.788854381999831711e+00,1.341640786499873839e+00,2.236067977499789805e+00,2.459674775249768519e+00,2.683281572999747677e+00,1.788854381999831711e+00,1.118033988749894903e+00,2.236067977499789805e+00,-6.708203932499369193e-01,4.472135954999579277e-01,4.472135954999579277e-01,1.341640786499873839e+00,2.459674775249768519e+00,-2.236067977499789639e-01,1.788854381999831711e+00,1.788854381999831711e+00,8.944271909999158554e-01,6.708203932499369193e-01,-8.944271909999158554e-01,-2.012461179749810647e+00,-2.683281572999747677e+00,-5.142956348249516196e+00,-4.024922359499621294e+00,-4.695742752749557880e+00,-4.472135954999579610e+00,-4.024922359499621294e+00,-7.379024325749306001e+00,-6.037383539249431941e+00,-2.906888370749726391e+00,-3.354101966249684263e+00,-3.577708763999663422e+00,-3.130495168499705549e+00,-4.024922359499621294e+00,-4.248529157249600452e+00,-2.459674775249768519e+00,-2.683281572999747677e+00,-2.906888370749726391e+00,-4.024922359499621294e+00,-4.695742752749557880e+00,-2.459674775249768519e+00,-4.472135954999579277e-01,-4.024922359499621294e+00,-4.919349550499537038e+00,-3.577708763999663422e+00,-4.024922359499621294e+00,-6.260990336999411099e+00,-4.695742752749557880e+00,-3.577708763999663422e+00,-3.577708763999663422e+00,-2.683281572999747677e+00,-1.788854381999831711e+00,-2.683281572999747677e+00,-3.354101966249684263e+00,-3.577708763999663422e+00,-2.906888370749726391e+00,-4.024922359499621294e+00,-3.354101966249684263e+00,-2.906888370749726391e+00,-2.906888370749726391e+00,-2.012461179749810647e+00,-4.472135954999579277e-01,4.472135954999579277e-01,2.459674775249768519e+00,3.801315561749642136e+00,2.459674775249768519e+00,2.683281572999747677e+00,2.459674775249768519e+00,1.341640786499873839e+00,1.341640786499873839e+00,2.906888370749726391e+00,2.236067977499789805e+00,1.118033988749894903e+00,2.459674775249768519e+00,3.130495168499705549e+00,1.118033988749894903e+00,1.788854381999831711e+00,3.130495168499705549e+00,3.577708763999663422e+00,3.354101966249684263e+00,3.801315561749642136e+00,3.354101966249684263e+00,4.024922359499621294e+00,3.354101966249684263e+00,3.354101966249684263e+00,4.472135954999579610e+00,3.130495168499705549e+00,2.459674775249768519e+00,2.906888370749726391e+00,1.341640786499873839e+00,2.683281572999747677e+00,3.354101966249684263e+00,2.683281572999747677e+00,3.577708763999663422e+00,1.118033988749894903e+00,8.944271909999158554e-01,0.000000000000000000e+00,4.472135954999579277e-01,-1.341640786499873839e+00,-1.788854381999831711e+00,-4.472135954999579277e-01,-1.565247584249852775e+00,-1.341640786499873839e+00,-1.118033988749894903e+00,-8.944271909999158554e-01,0.000000000000000000e+00,-1.118033988749894903e+00,-2.236067977499789639e-01,1.118033988749894903e+00,0.000000000000000000e+00,2.012461179749810647e+00,2.459674775249768519e+00,6.708203932499369193e-01,-2.236067977499789639e-01,2.236067977499789639e-01,-6.708203932499369193e-01,-2.236067977499789805e+00,-3.130495168499705549e+00,-2.683281572999747677e+00,-2.012461179749810647e+00,-1.118033988749894903e+00,-1.565247584249852775e+00,-4.919349550499537038e+00,-4.248529157249600452e+00,-3.577708763999663422e+00,4.472135954999579277e-01,-8.944271909999158554e-01,-2.683281572999747677e+00,-6.037383539249431941e+00,-5.590169943749473624e+00,-6.260990336999411099e+00,-4.695742752749557880e+00,-4.919349550499537038e+00,-2.012461179749810647e+00,-1.565247584249852775e+00,0.000000000000000000e+00,8.944271909999158554e-01,1.341640786499873839e+00,2.236067977499789805e+00,1.788854381999831711e+00,2.236067977499789639e-01,-8.944271909999158554e-01,-1.788854381999831711e+00,-4.024922359499621294e+00,-4.248529157249600452e+00,-4.248529157249600452e+00,-3.354101966249684263e+00,-3.130495168499705549e+00,-4.695742752749557880e+00,-3.354101966249684263e+00,-2.459674775249768519e+00,-2.012461179749810647e+00,6.708203932499369193e-01,1.118033988749894903e+00,1.341640786499873839e+00,2.012461179749810647e+00,2.012461179749810647e+00,6.708203932499369193e-01,-1.118033988749894903e+00,-1.565247584249852775e+00,-1.565247584249852775e+00,-1.565247584249852775e+00,-1.565247584249852775e+00,-1.118033988749894903e+00,-2.236067977499789639e-01,-1.118033988749894903e+00,0.000000000000000000e+00,4.472135954999579277e-01,-2.236067977499789639e-01,0.000000000000000000e+00,-1.118033988749894903e+00,-6.708203932499369193e-01,4.472135954999579277e-01,0.000000000000000000e+00,1.565247584249852775e+00,3.354101966249684263e+00,3.577708763999663422e+00,4.024922359499621294e+00,2.906888370749726391e+00,2.012461179749810647e+00,2.683281572999747677e+00,4.919349550499537038e+00,6.037383539249431941e+00,4.695742752749557880e+00,4.695742752749557880e+00,5.366563145999495354e+00,6.037383539249431941e+00,5.590169943749473624e+00,5.590169943749473624e+00,7.826237921249263430e+00,9.391485505499115760e+00,7.826237921249263430e+00,8.944271909999159220e+00,6.931810730249347685e+00,8.944271909999159220e+00,8.944271909999159220e+00,6.931810730249347685e+00,6.484597134749389369e+00,6.931810730249347685e+00,6.931810730249347685e+00,7.379024325749306001e+00,6.484597134749389369e+00,4.472135954999579610e+00,4.248529157249600452e+00,5.142956348249516196e+00,6.037383539249431941e+00,6.260990336999411099e+00,5.366563145999495354e+00,3.801315561749642136e+00,5.813776741499452783e+00,4.024922359499621294e+00,5.590169943749473624e+00,4.919349550499537038e+00,6.931810730249347685e+00,6.037383539249431941e+00,7.155417527999326843e+00,8.720665112249179174e+00,7.826237921249263430e+00,7.826237921249263430e+00,9.167878707749137490e+00,9.391485505499115760e+00,1.050951949424901066e+01,1.073312629199899071e+01,9.167878707749137490e+00,8.944271909999159220e+00,1.006230589874905235e+01,1.006230589874905235e+01,8.720665112249179174e+00,7.155417527999326843e+00,8.944271909999159220e+00,1.095673308974896898e+01,1.006230589874905235e+01,7.826237921249263430e+00,6.708203932499368527e+00,4.695742752749557880e+00,5.142956348249516196e+00,4.472135954999579610e+00,3.577708763999663422e+00,1.565247584249852775e+00,1.341640786499873839e+00,3.354101966249684263e+00,2.683281572999747677e+00,-6.708203932499369193e-01,2.236067977499789639e-01,1.118033988749894903e+00,-1.118033988749894903e+00,-6.708203932499369193e-01,-4.472135954999579277e-01,2.236067977499789639e-01,1.341640786499873839e+00,2.012461179749810647e+00,1.788854381999831711e+00,-2.236067977499789639e-01,1.118033988749894903e+00,6.708203932499369193e-01,6.708203932499369193e-01,1.565247584249852775e+00,8.944271909999158554e-01,1.788854381999831711e+00,4.472135954999579610e+00,5.366563145999495354e+00,5.142956348249516196e+00,5.813776741499452783e+00,7.602631123499284271e+00,9.838699100999074076e+00,1.006230589874905235e+01,8.944271909999159220e+00,7.155417527999326843e+00,4.472135954999579610e+00,4.919349550499537038e+00,4.695742752749557880e+00,3.577708763999663422e+00,4.695742752749557880e+00,4.919349550499537038e+00,3.801315561749642136e+00,4.248529157249600452e+00,2.906888370749726391e+00,4.695742752749557880e+00,4.919349550499537038e+00,3.130495168499705549e+00,3.801315561749642136e+00,3.354101966249684263e+00,4.024922359499621294e+00,2.236067977499789805e+00,1.565247584249852775e+00,6.708203932499369193e-01,2.459674775249768519e+00,3.577708763999663422e+00,3.577708763999663422e+00,-2.236067977499789639e-01,1.118033988749894903e+00,-4.472135954999579277e-01,-2.236067977499789639e-01,-8.944271909999158554e-01,6.708203932499369193e-01,-8.944271909999158554e-01,-2.236067977499789639e-01,-2.683281572999747677e+00,-3.577708763999663422e+00,-3.577708763999663422e+00,-3.577708763999663422e+00,-3.801315561749642136e+00,-4.472135954999579610e+00,-5.590169943749473624e+00,-4.472135954999579610e+00,-2.459674775249768519e+00,-1.565247584249852775e+00,-2.906888370749726391e+00,-4.024922359499621294e+00,-4.472135954999579610e+00,-3.354101966249684263e+00,-2.906888370749726391e+00,-2.683281572999747677e+00,-2.236067977499789805e+00,-2.236067977499789805e+00,-1.565247584249852775e+00,-2.236067977499789805e+00,-1.788854381999831711e+00,-2.906888370749726391e+00,-2.683281572999747677e+00,-4.024922359499621294e+00,-2.236067977499789805e+00,-3.577708763999663422e+00,-8.944271909999158554e-01,-8.944271909999158554e-01,-2.012461179749810647e+00,-2.236067977499789805e+00,-1.118033988749894903e+00,-8.944271909999158554e-01,2.236067977499789639e-01,-4.472135954999579277e-01,-4.472135954999579277e-01,0.000000000000000000e+00,-2.236067977499789639e-01,-4.472135954999579277e-01,-6.708203932499369193e-01,-3.130495168499705549e+00,-1.341640786499873839e+00,0.000000000000000000e+00,8.944271909999158554e-01,1.341640786499873839e+00,-1.118033988749894903e+00,-1.565247584249852775e+00,-1.788854381999831711e+00,-3.130495168499705549e+00,-4.024922359499621294e+00,-1.341640786499873839e+00,-1.788854381999831711e+00,-1.565247584249852775e+00,-2.236067977499789805e+00,-1.118033988749894903e+00,-6.708203932499369193e-01,-2.236067977499789639e-01,1.341640786499873839e+00,2.683281572999747677e+00,3.130495168499705549e+00,4.472135954999579610e+00,4.919349550499537038e+00,4.919349550499537038e+00,5.590169943749473624e+00,6.484597134749389369e+00,6.037383539249431941e+00,6.484597134749389369e+00,5.590169943749473624e+00,3.577708763999663422e+00,3.130495168499705549e+00,2.683281572999747677e+00,1.341640786499873839e+00,1.341640786499873839e+00,1.118033988749894903e+00,2.012461179749810647e+00,3.130495168499705549e+00,1.788854381999831711e+00,1.118033988749894903e+00,0.000000000000000000e+00,-6.708203932499369193e-01,-8.944271909999158554e-01,-6.708203932499369193e-01,-6.708203932499369193e-01,-2.012461179749810647e+00,0.000000000000000000e+00,4.472135954999579277e-01,-4.472135954999579277e-01,-1.788854381999831711e+00,-1.565247584249852775e+00,-2.236067977499789639e-01,8.944271909999158554e-01,2.236067977499789805e+00,2.683281572999747677e+00,5.142956348249516196e+00,7.155417527999326843e+00,6.037383539249431941e+00,4.472135954999579610e+00,5.590169943749473624e+00,7.379024325749306001e+00,6.708203932499368527e+00,6.931810730249347685e+00,7.602631123499284271e+00,4.919349550499537038e+00,4.024922359499621294e+00,4.024922359499621294e+00,4.472135954999579610e+00,3.130495168499705549e+00,2.683281572999747677e+00,6.708203932499369193e-01,6.708203932499369193e-01,6.708203932499369193e-01,-8.944271909999158554e-01,-2.236067977499789805e+00,-1.118033988749894903e+00,-1.565247584249852775e+00,-1.788854381999831711e+00,-2.459674775249768519e+00,-2.459674775249768519e+00,-6.708203932499369193e-01,-2.236067977499789639e-01,-8.944271909999158554e-01,-2.236067977499789639e-01,-2.236067977499789639e-01,-2.012461179749810647e+00,-1.341640786499873839e+00,-2.012461179749810647e+00,-1.565247584249852775e+00,-2.236067977499789639e-01,-6.708203932499369193e-01,-2.012461179749810647e+00,-1.341640786499873839e+00,-1.118033988749894903e+00,-3.577708763999663422e+00,-3.354101966249684263e+00,-3.577708763999663422e+00,-1.788854381999831711e+00,-1.118033988749894903e+00,-6.708203932499369193e-01,8.944271909999158554e-01,1.341640786499873839e+00,1.565247584249852775e+00,2.236067977499789639e-01,0.000000000000000000e+00,-1.341640786499873839e+00,-2.906888370749726391e+00,-3.577708763999663422e+00,-2.906888370749726391e+00,-1.118033988749894903e+00,-2.459674775249768519e+00,-2.906888370749726391e+00,-3.354101966249684263e+00,-3.354101966249684263e+00,-3.130495168499705549e+00,-3.130495168499705549e+00,-2.459674775249768519e+00,-4.472135954999579277e-01,-2.236067977499789639e-01,1.118033988749894903e+00,1.788854381999831711e+00,3.577708763999663422e+00,1.788854381999831711e+00,1.341640786499873839e+00,6.708203932499369193e-01,2.236067977499789639e-01,1.565247584249852775e+00,6.708203932499369193e-01,1.341640786499873839e+00,2.236067977499789639e-01,-2.236067977499789639e-01,-1.565247584249852775e+00,-8.944271909999158554e-01,0.000000000000000000e+00,-4.472135954999579277e-01,-8.944271909999158554e-01,-1.118033988749894903e+00,-1.788854381999831711e+00,-1.118033988749894903e+00,1.118033988749894903e+00,4.472135954999579277e-01,8.944271909999158554e-01,0.000000000000000000e+00,-1.341640786499873839e+00,-2.236067977499789639e-01,-2.236067977499789639e-01,-2.236067977499789639e-01,-6.708203932499369193e-01,-6.708203932499369193e-01,4.472135954999579277e-01,2.459674775249768519e+00,1.341640786499873839e+00,-4.472135954999579277e-01,0.000000000000000000e+00,6.708203932499369193e-01,-1.341640786499873839e+00,-6.708203932499369193e-01
4.472135954999579277e-01,6.708203932499369193e-01,-6.708203932499369193e-01,-1.565247584249852775e+00,2.236067977499789639e-01,-1.565247584249852775e+00,-1.788854381999831711e+00,-2.012461179749810647e+00,-1.565247584249852775e+00,-2.683281572999747677e+00,-6.708203932499369193e-01,0.000000000000000000e+00,4.472135954999579277e-01,1.788854381999831711e+00,1.118033988749894903e+00,-6.708203932499369193e-01,-2.459674775249768519e+00,-2.012461179749810647e+00,-6.708203932499369193e-01,-2.236067977499789805e+00,-2.012461179749810647e+00,-2.012461179749810647e+00,-1.565247584249852775e+00,-1.788854381999831711e+00,6.708203932499369193e-01,8.944271909999158554e-01,1.118033988749894903e+00,1.565247584249852775e+00,2.683281572999747677e+00,2.683281572999747677e+00,1.565247584249852775e+00,8.944271909999158554e-01,1.118033988749894903e+00,-2.012461179749810647e+00,-1.788854381999831711e+00,-1.118033988749894903e+00,-4.472135954999579277e-01,-4.472135954999579277e-01,2.236067977499789639e-01,-4.472135954999579277e-01,2.012461179749810647e+00,6.708203932499369193e-01,2.236067977499789639e-01,2.236067977499789639e-01,-1.118033988749894903e+00,-1.341640786499873839e+00,-1.341640786499873839e+00,-3.130495168499705549e+00,-4.472135954999579277e-01,-1.118033988749894903e+00,-8.944271909999158554e-01,-1.788854381999831711e+00,-3.130495168499705549e+00,-3.577708763999663422e+00,-1.341640786499873839e+00,-1.341640786499873839e+00,-1.788854381999831711e+00,-4.472135954999579277e-01,-8.944271909999158554e-01,-1.788854381999831711e+00,-2.012461179749810647e+00,-1.565247584249852775e+00,-8.944271909999158554e-01,-8.944271909999158554e-01,-2.236067977499789639e-01,8.944271909999158554e-01,1.118033988749894903e+00,1.118033988749894903e+00,2.236067977499789805e+00,2.906888370749726391e+00,3.130495168499705549e+00,1.788854381999831711e+00,2.012461179749810647e+00,1.565247584249852775e+00,1.565247584249852775e+00,4.472135954999579277e-01,1.341640786499873839e+00,-4.472135954999579277e-01,-4.472135954999579277e-01,2.236067977499789639e-01,-2.459674775249768519e+00,-3.577708763999663422e+00,-2.236067977499789805e+00,-1.565247584249852775e+00,-3.130495168499705549e+00,-3.130495168499705549e+00,-4.248529157249600452e+00,-4.248529157249600452e+00,-3.354101966249684263e+00,-4.919349550499537038e+00,-4.248529157249600452e+00,-5.813776741499452783e+00,-6.260990336999411099e+00,-5.366563145999495354e+00,-5.142956348249516196e+00,-4.024922359499621294e+00,-3.801315561749642136e+00,-4.472135954999579610e+00,-2.459674775249768519e+00,-4.695742752749557880e+00,-3.354101966249684263e+00,-4.248529157249600452e+00,-4.024922359499621294e+00,-1.565247584249852775e+00,-1.788854381999831711e+00,0.000000000000000000e+00,1.788854381999831711e+00,4.472135954999579277e-01,2.236067977499789639e-01,-4.472135954999579277e-01,2.012461179749810647e+00,2.906888370749726391e+00,2.906888370749726391e+00,1.788854381999831711e+00,3.130495168499705549e+00,2.683281572999747677e+00,2.236067977499789805e+00,4.472135954999579277e-01,-4.472135954999579277e-01,-2.236067977499789805e+00,-2.906888370749726391e+00,-2.683281572999747677e+00,-2.236067977499789805e+00,-1.118033988749894903e+00,2.236067977499789639e-01,2.012461179749810647e+00,2.236067977499789805e+00,2.459674775249768519e+00,8.944271909999158554e-01,0.000000000000000000e+00,8.944271909999158554e-01,6.708203932499369193e-01,6.708203932499369193e-01,-2.236067977499789639e-01,-4.472135954999579277e-01,-6.708203932499369193e-01,8.944271909999158554e-01,-8.944271909999158554e-01,-1.565247584249852775e+00,-4.472135954999579277e-01,0.000000000000000000e+00,1.565247584249852775e+00,6.708203932499369193e-01,1.118033988749894903e+00,-4.472135954999579277e-01,1.341640786499873839e+00,1.118033988749894903e+00,-6.708203932499369193e-01,-2.012461179749810647e+00,-2.236067977499789639e-01,8.944271909999158554e-01,6.708203932499369193e-01,-2.236067977499789639e-01,8.944271909999158554e-01,4.472135954999579277e-01,1.341640786499873839e+00,8.944271909999158554e-01,-6.708203932499369193e-01,-6.708203932499369193e-01,-2.459674775249768519e+00,-2.236067977499789805e+00,-1.118033988749894903e+00,-2.012461179749810647e+00,-2.236067977499789805e+00,-3.801315561749642136e+00,-3.577708763999663422e+00,-4.695742752749557880e+00,-4.472135954999579610e+00,-3.577708763999663422e+00,-4.695742752749557880e+00,-4.024922359499621294e+00,-2.236067977499789805e+00,-2.459674775249768519e+00,-2.683281572999747677e+00,-2.236067977499789805e+00,-2.459674775249768519e+00,-3.577708763999663422e+00,-4.919349550499537038e+00,-6.260990336999411099e+00,-6.037383539249431941e+00,-5.590169943749473624e+00,-3.577708763999663422e+00,-4.024922359499621294e+00,-2.012461179749810647e+00,-2.012461179749810647e+00,-1.565247584249852775e+00,-2.459674775249768519e+00,-1.118033988749894903e+00,-1.341640786499873839e+00,-8.944271909999158554e-01,0.000000000000000000e+00,2.012461179749810647e+00,6.708203932499369193e-01,6.708203932499369193e-01,4.472135954999579277e-01,6.708203932499369193e-01,2.683281572999747677e+00,3.354101966249684263e+00,2.236067977499789805e+00,1.788854381999831711e+00,3.130495168499705549e+00,5.142956348249516196e+00,4.472135954999579610e+00,4.248529157249600452e+00,3.801315561749642136e+00,2.906888370749726391e+00,4.919349550499537038e+00,4.472135954999579610e+00,2.459674775249768519e+00,-1.118033988749894903e+00,-1.118033988749894903e+00,-2.459674775249768519e+00,-2.459674775249768519e+00,-2.012461179749810647e+00,-1.565247584249852775e+00,-1.788854381999831711e+00,-1.341640786499873839e+00,-1.565247584249852775e+00,-1.788854381999831711e+00,-1.118033988749894903e+00,-1.341640786499873839e+00,-1.341640786499873839e+00,-2.459674775249768519e+00,-2.012461179749810647e+00,-1.565247584249852775e+00,-2.906888370749726391e+00,-2.906888370749726391e+00,-4.919349550499537038e+00,-6.708203932499368527e+00,-6.708203932499368527e+00,-6.931810730249347685e+00,-7.379024325749306001e+00,-7.155417527999326843e+00,-6.260990336999411099e+00,-5.142956348249516196e+00,-4.248529157249600452e+00,-4.472135954999579610e+00,-4.919349550499537038e+00,-5.813776741499452783e+00,-4.248529157249600452e+00,-2.906888370749726391e+00,-2.683281572999747677e+00,-2.683281572999747677e+00,-1.341640786499873839e+00,-2.236067977499789639e-01,-1.118033988749894903e+00,-4.472135954999579277e-01,-2.459674775249768519e+00,-2.459674775249768519e+00,-1.565247584249852775e+00,-4.472135954999579277e-01,-8.944271909999158554e-01,2.236067977499789639e-01,6.708203932499369193e-01,2.459674775249768519e+00,1.565247584249852775e+00,8.944271909999158554e-01,2.683281572999747677e+00,3.130495168499705549e+00,5.142956348249516196e+00,5.590169943749473624e+00,6.037383539249431941e+00,6.260990336999411099e+00,6.484597134749389369e+00,5.590169943749473624e+00,4.695742752749557880e+00,7.826237921249263430e+00,6.260990336999411099e+00,4.024922359499621294e+00,4.024922359499621294e+00,2.906888370749726391e+00,1.341640786499873839e+00,8.944271909999158554e-01,4.472135954999579277e-01,4.472135954999579277e-01,-6.708203932499369193e-01,-2.012461179749810647e+00,-6.708203932499369193e-01,4.472135954999579277e-01,-2.236067977499789639e-01,6.708203932499369193e-01,1.788854381999831711e+00,2.012461179749810647e+00,2.236067977499789639e-01,8.944271909999158554e-01,2.906888370749726391e+00,2.459674775249768519e+00,2.683281572999747677e+00,3.354101966249684263e+00,5.590169943749473624e+00,6.037383539249431941e+00,6.260990336999411099e+00,3.354101966249684263e+00,1.565247584249852775e+00,1.341640786499873839e+00,1.788854381999831711e+00,3.130495168499705549e+00,1.565247584249852775e+00,4.024922359499621294e+00,2.683281572999747677e+00,3.130495168499705549e+00,4.919349550499537038e+00,5.142956348249516196e+00,3.354101966249684263e+00,1.788854381999831711e+00,2.459674775249768519e+00,1.118033988749894903e+00,-1.118033988749894903e+00,-2.012461179749810647e+00,-1.788854381999831711e+00,-3.130495168499705549e+00,-2.906888370749726391e+00,-2.012461179749810647e+00,-2.012461179749810647e+00,-2.236067977499789805e+00,-1.118033988749894903e+00,-2.236067977499789805e+00,-2.459674775249768519e+00,-1.565247584249852775e+00,6.708203932499369193e-01,1.565247584249852775e+00,6.708203932499369193e-01,2.236067977499789639e-01,-1.788854381999831711e+00,-6.708203932499369193e-01,2.236067977499789639e-01,1.565247584249852775e+00,3.801315561749642136e+00,3.577708763999663422e+00,3.577708763999663422e+00,2.906888370749726391e+00,2.236067977499789805e+00,1.118033988749894903e+00,1.341640786499873839e+00,2.236067977499789639e-01,-1.118033988749894903e+00,2.236067977499789639e-01,1.118033988749894903e+00,2.683281572999747677e+00,5.142956348249516196e+00,4.248529157249600452e+00,4.024922359499621294e+00,2.906888370749726391e+00,3.354101966249684263e+00,3.354101966249684263e+00,2.683281572999747677e+00,4.024922359499621294e+00,2.459674775249768519e+00,2.459674775249768519e+00,2.683281572999747677e+00,4.472135954999579277e-01,3.577708763999663422e+00,3.130495168499705549e+00,2.683281572999747677e+00,1.565247584249852775e+00,2.012461179749810647e+00,2.683281572999747677e+00,4.472135954999579610e+00,6.260990336999411099e+00,5.142956348249516196e+00,4.024922359499621294e+00,3.354101966249684263e+00,3.130495168499705549e+00,3.354101966249684263e+00,4.919349550499537038e+00,6.037383539249431941e+00,6.260990336999411099e+00,6.708203932499368527e+00,7.826237921249263430e+00,7.155417527999326843e+00,5.590169943749473624e+00,6.260990336999411099e+00,6.708203932499368527e+00,5.813776741499452783e+00,6.484597134749389369e+00,6.037383539249431941e+00,7.379024325749306001e+00,6.931810730249347685e+00,6.931810730249347685e+00,7.155417527999326843e+00,4.919349550499537038e+00,2.683281572999747677e+00,3.577708763999663422e+00,4.919349550499537038e+00,3.577708763999663422e+00,6.708203932499368527e+00,5.142956348249516196e+00,4.024922359499621294e+00,4.248529157249600452e+00,4.024922359499621294e+00,3.354101966249684263e+00,2.236067977499789805e+00,2.012461179749810647e+00,2.236067977499789639e-01,8.944271909999158554e-01,1.341640786499873839e+00,8.944271909999158554e-01,2.236067977499789805e+00,2.683281572999747677e+00,8.944271909999158554e-01,0.000000000000000000e+00,-2.236067977499789639e-01,-8.944271909999158554e-01,-3.130495168499705549e+00,-4.024922359499621294e+00,-4.248529157249600452e+00,-5.142956348249516196e+00,-4.695742752749557880e+00,-3.577708763999663422e+00,-2.459674775249768519e+00,-3.354101966249684263e+00,-3.130495168499705549e+00,-1.118033988749894903e+00,-2.236067977499789639e-01,8.944271909999158554e-01,1.341640786499873839e+00,-1.341640786499873839e+00,-1.565247584249852775e+00,-8.944271909999158554e-01,3.801315561749642136e+00,3.130495168499705549e+00,2.012461179749810647e+00,1.565247584249852775e+00,2.906888370749726391e+00,3.577708763999663422e+00,5.366563145999495354e+00,3.354101966249684263e+00,3.354101966249684263e+00,5.142956348249516196e+00,3.577708763999663422e+00,1.565247584249852775e+00,8.944271909999158554e-01,1.788854381999831711e+00,1.788854381999831711e+00,3.577708763999663422e+00,2.906888370749726391e+00,5.366563145999495354e+00,5.813776741499452783e+00,4.472135954999579610e+00,4.248529157249600452e+00,4.024922359499621294e+00,2.236067977499789805e+00,3.801315561749642136e+00,4.919349550499537038e+00,5.142956348249516196e+00,6.708203932499368527e+00,7.155417527999326843e+00,1.050951949424901066e+01,7.379024325749306001e+00,8.273451516749220858e+00,8.497058314499200904e+00,5.590169943749473624e+00,5.142956348249516196e+00,5.590169943749473624e+00,4.919349550499537038e+00,4.248529157249600452e+00,4.472135954999579277e-01,0.000000000000000000e+00,2.012461179749810647e+00,4.024922359499621294e+00,4.024922359499621294e+00,3.801315561749642136e+00,2.236067977499789805e+00,1.788854381999831711e+00,6.708203932499369193e-01,1.341640786499873839e+00,2.683281572999747677e+00,3.801315561749642136e+00,4.024922359499621294e+00,3.354101966249684263e+00,3.354101966249684263e+00,3.354101966249684263e+00,1.341640786499873839e+00,6.708203932499369193e-01,2.012461179749810647e+00,8.944271909999158554e-01,1.788854381999831711e+00,2.236067977499789805e+00,1.565247584249852775e+00,2.459674775249768519e+00,2.906888370749726391e+00,2.012461179749810647e+00,8.944271909999158554e-01,1.565247584249852775e+00,1.788854381999831711e+00,3.354101966249684263e+00,3.577708763999663422e+00,4.024922359499621294e+00,3.577708763999663422e+00,2.683281572999747677e+00,3.801315561749642136e+00,5.366563145999495354e+00,4.248529157249600452e+00,6.260990336999411099e+00,3.130495168499705549e+00,2.236067977499789805e+00,2.683281572999747677e+00,4.248529157249600452e+00,3.801315561749642136e+00,2.012461179749810647e+00
3.354101966249684263e+00,2.012461179749810647e+00,1.565247584249852775e+00,2.012461179749810647e+00,3.801315561749642136e+00,2.236067977499789805e+00,2.683281572999747677e+00,-8.944271909999158554e-01,-6.708203932499369193e-01,-1.788854381999831711e+00,-3.130495168499705549e+00,-2.683281572999747677e+00,-2.012461179749810647e+00,-1.565247584249852775e+00,-8.944271909999158554e-01,-1.565247584249852775e+00,-1.565247584249852775e+00,1.118033988749894903e+00,-6.708203932499369193e-01,-2.459674775249768519e+00,-2.236067977499789805e+00,-1.565247584249852775e+00,2.236067977499789639e-01,1.341640786499873839e+00,2.012461179749810647e+00,2.236067977499789639e-01,2.236067977499789639e-01,1.341640786499873839e+00,8.944271909999158554e-01,6.708203932499369193e-01,8.944271909999158554e-01,0.000000000000000000e+00,-4.472135954999579277e-01,0.000000000000000000e+00,-2.012461179749810647e+00,-2.683281572999747677e+00,-2.459674775249768519e+00,-8.944271909999158554e-01,6.708203932499369193e-01,1.788854381999831711e+00,-2.236067977499789639e-01,-1.565247584249852775e+00,-2.012461179749810647e+00,-8.944271909999158554e-01,-6.708203932499369193e-01,2.236067977499789639e-01,8.944271909999158554e-01,2.012461179749810647e+00,0.000000000000000000e+00,1.118033988749894903e+00,1.565247584249852775e+00,2.906888370749726391e+00,2.012461179749810647e+00,3.130495168499705549e+00,3.577708763999663422e+00,2.459674775249768519e+00,4.024922359499621294e+00,6.037383539249431941e+00,4.024922359499621294e+00,3.577708763999663422e+00,3.801315561749642136e+00,1.565247584249852775e+00,1.788854381999831711e+00,2.906888370749726391e+00,3.130495168499705549e+00,2.459674775249768519e+00,4.024922359499621294e+00,4.695742752749557880e+00,4.695742752749557880e+00,2.236067977499789805e+00,1.788854381999831711e+00,1.118033988749894903e+00,1.118033988749894903e+00,2.236067977499789639e-01,0.000000000000000000e+00,1.788854381999831711e+00,2.683281572999747677e+00,2.906888370749726391e+00,6.037383539249431941e+00,5.142956348249516196e+00,4.024922359499621294e+00,2.683281572999747677e+00,2.683281572999747677e+00,1.118033988749894903e+00,-8.944271909999158554e-01,-2.459674775249768519e+00,-1.341640786499873839e+00,4.472135954999579277e-01,0.000000000000000000e+00,0.000000000000000000e+00,0.000000000000000000e+00,2.236067977499789639e-01,-1.341640786499873839e+00,-2.236067977499789805e+00,-4.248529157249600452e+00,-5.813776741499452783e+00,-5.590169943749473624e+00,-5.142956348249516196e+00,-6.484597134749389369e+00,-2.459674775249768519e+00,-4.024922359499621294e+00,-4.695742752749557880e+00,-5.813776741499452783e+00,-4.919349550499537038e+00,-4.919349550499537038e+00,-4.695742752749557880e+00,-4.024922359499621294e+00,-1.341640786499873839e+00,-2.906888370749726391e+00,-2.906888370749726391e+00,-2.459674775249768519e+00,-6.708203932499369193e-01,-2.236067977499789639e-01,1.118033988749894903e+00,1.341640786499873839e+00,6.708203932499369193e-01,6.708203932499369193e-01,-1.341640786499873839e+00,-1.565247584249852775e+00,-1.788854381999831711e+00,-2.012461179749810647e+00,-2.683281572999747677e+00,-1.788854381999831711e+00,-1.565247584249852775e+00,0.000000000000000000e+00,-1.118033988749894903e+00,-1.788854381999831711e+00,-4.472135954999579277e-01,-8.944271909999158554e-01,2.236067977499789639e-01,-2.012461179749810647e+00,-1.341640786499873839e+00,1.341640786499873839e+00,3.130495168499705549e+00,2.459674775249768519e+00,2.459674775249768519e+00,8.944271909999158554e-01,-4.472135954999579277e-01,-1.118033988749894903e+00,-1.118033988749894903e+00,-1.341640786499873839e+00,-2.906888370749726391e+00,-2.906888370749726391e+00,-2.906888370749726391e+00,-1.565247584249852775e+00,2.236067977499789639e-01,-8.944271909999158554e-01,-1.565247584249852775e+00,-4.024922359499621294e+00,-3.801315561749642136e+00,-3.801315561749642136e+00,-2.906888370749726391e+00,-2.906888370749726391e+00,-3.801315561749642136e+00,-2.683281572999747677e+00,-1.788854381999831711e+00,-1.788854381999831711e+00,-2.906888370749726391e+00,-3.354101966249684263e+00,-2.683281572999747677e+00,-1.118033988749894903e+00,-1.341640786499873839e+00,-2.236067977499789639e-01,-2.012461179749810647e+00,-3.354101966249684263e+00,-3.577708763999663422e+00,-4.248529157249600452e+00,-3.354101966249684263e+00,-4.695742752749557880e+00,-4.024922359499621294e+00,-2.012461179749810647e+00,-3.130495168499705549e+00,-3.130495168499705549e+00,-1.565247584249852775e+00,2.236067977499789639e-01,-2.236067977499789639e-01,-8.944271909999158554e-01,-2.236067977499789639e-01,0.000000000000000000e+00,-4.472135954999579277e-01,4.472135954999579277e-01,2.236067977499789639e-01,-4.472135954999579277e-01,8.944271909999158554e-01,-1.788854381999831711e+00,-2.906888370749726391e+00,-3.801315561749642136e+00,-4.919349550499537038e+00,-6.037383539249431941e+00,-5.366563145999495354e+00,-6.708203932499368527e+00,-4.919349550499537038e+00,-5.366563145999495354e+00,-5.590169943749473624e+00,-4.024922359499621294e+00,-3.801315561749642136e+00,-3.801315561749642136e+00,-3.801315561749642136e+00,-4.472135954999579610e+00,-3.577708763999663422e+00,-4.472135954999579277e-01,-2.012461179749810647e+00,-1.341640786499873839e+00,-2.683281572999747677e+00,-1.788854381999831711e+00,-2.906888370749726391e+00,-3.354101966249684263e+00,-3.801315561749642136e+00,-4.024922359499621294e+00,-4.472135954999579610e+00,-4.248529157249600452e+00,-3.801315561749642136e+00,-3.354101966249684263e+00,-3.130495168499705549e+00,-3.130495168499705549e+00,-3.130495168499705549e+00,-8.944271909999158554e-01,-8.944271909999158554e-01,-4.472135954999579277e-01,4.472135954999579277e-01,-6.708203932499369193e-01,-2.906888370749726391e+00,-4.024922359499621294e+00,-3.130495168499705549e+00,-3.577708763999663422e+00,-1.788854381999831711e+00,-1.341640786499873839e+00,0.000000000000000000e+00,-1.341640786499873839e+00,-8.944271909999158554e-01,4.472135954999579277e-01,1.118033988749894903e+00,2.236067977499789805e+00,3.130495168499705549e+00,2.683281572999747677e+00,3.354101966249684263e+00,3.130495168499705549e+00,1.788854381999831711e+00,6.708203932499369193e-01,1.788854381999831711e+00,4.472135954999579277e-01,4.472135954999579277e-01,-4.472135954999579277e-01,8.944271909999158554e-01,-4.472135954999579277e-01,4.472135954999579277e-01,8.944271909999158554e-01,-1.118033988749894903e+00,-2.236067977499789639e-01,-1.341640786499873839e+00,4.472135954999579277e-01,0.000000000000000000e+00,-1.118033988749894903e+00,-1.788854381999831711e+00,-6.708203932499369193e-01,6.708203932499369193e-01,1.565247584249852775e+00,2.236067977499789805e+00,1.788854381999831711e+00,8.944271909999158554e-01,1.341640786499873839e+00,4.472135954999579277e-01,0.000000000000000000e+00,4.472135954999579277e-01,4.472135954999579277e-01,8.944271909999158554e-01,-8.944271909999158554e-01,2.236067977499789639e-01,-6.708203932499369193e-01,-2.236067977499789639e-01,-3.130495168499705549e+00,-1.118033988749894903e+00,0.000000000000000000e+00,2.236067977499789639e-01,6.708203932499369193e-01,2.236067977499789639e-01,8.944271909999158554e-01,8.944271909999158554e-01,8.944271909999158554e-01,1.565247584249852775e+00,3.801315561749642136e+00,1.341640786499873839e+00,4.024922359499621294e+00,1.788854381999831711e+00,4.024922359499621294e+00,3.354101966249684263e+00,3.577708763999663422e+00,4.919349550499537038e+00,4.472135954999579610e+00,3.801315561749642136e+00,3.577708763999663422e+00,2.459674775249768519e+00,2.012461179749810647e+00,2.459674775249768519e+00,8.944271909999158554e-01,2.236067977499789639e-01,-2.236067977499789639e-01,0.000000000000000000e+00,-6.708203932499369193e-01,-2.236067977499789639e-01,-2.236067977499789805e+00,-6.708203932499369193e-01,2.236067977499789639e-01,-4.472135954999579277e-01,-2.236067977499789639e-01,-1.565247584249852775e+00,-8.944271909999158554e-01,-4.472135954999579277e-01,-1.118033988749894903e+00,-6.708203932499369193e-01,-4.472135954999579277e-01,2.683281572999747677e+00,4.024922359499621294e+00,4.248529157249600452e+00,2.683281572999747677e+00,2.236067977499789805e+00,2.459674775249768519e+00,8.944271909999158554e-01,0.000000000000000000e+00,-2.236067977499789805e+00,-1.565247584249852775e+00,-1.118033988749894903e+00,-1.341640786499873839e+00,0.000000000000000000e+00,2.236067977499789639e-01,-6.708203932499369193e-01,-1.341640786499873839e+00,-1.788854381999831711e+00,4.472135954999579277e-01,2.236067977499789805e+00,2.683281572999747677e+00,2.012461179749810647e+00,2.459674775249768519e+00,2.236067977499789805e+00,1.118033988749894903e+00,0.000000000000000000e+00,-2.236067977499789639e-01,-1.565247584249852775e+00,-1.341640786499873839e+00,-2.906888370749726391e+00,-2.683281572999747677e+00,-4.919349550499537038e+00,-6.931810730249347685e+00,-5.366563145999495354e+00,-5.590169943749473624e+00,-6.931810730249347685e+00,-8.497058314499200904e+00,-8.497058314499200904e+00,-8.944271909999159220e+00,-6.931810730249347685e+00,-8.049844718999242588e+00,-8.720665112249179174e+00,-8.049844718999242588e+00,-7.826237921249263430e+00,-6.260990336999411099e+00,-6.037383539249431941e+00,-3.801315561749642136e+00,-3.577708763999663422e+00,-5.142956348249516196e+00,-5.590169943749473624e+00,-6.931810730249347685e+00,-5.813776741499452783e+00,-4.472135954999579610e+00,-4.024922359499621294e+00,-3.577708763999663422e+00,-4.472135954999579610e+00,-3.130495168499705549e+00,-2.683281572999747677e+00,-2.906888370749726391e+00,-2.459674775249768519e+00,-1.788854381999831711e+00,6.708203932499369193e-01,-1.565247584249852775e+00,-6.708203932499369193e-01,-2.236067977499789805e+00,4.472135954999579277e-01,-4.472135954999579277e-01,-4.472135954999579277e-01,-2.236067977499789639e-01,-8.944271909999158554e-01,-2.683281572999747677e+00,-1.118033988749894903e+00,-1.118033988749894903e+00,6.708203932499369193e-01,4.472135954999579277e-01,1.788854381999831711e+00,3.130495168499705549e+00,4.472135954999579610e+00,4.248529157249600452e+00,3.130495168499705549e+00,4.248529157249600452e+00,4.248529157249600452e+00,5.142956348249516196e+00,6.484597134749389369e+00,6.708203932499368527e+00,7.379024325749306001e+00,8.273451516749220858e+00,9.615092303249095806e+00,7.602631123499284271e+00,6.708203932499368527e+00,6.260990336999411099e+00,5.813776741499452783e+00,4.695742752749557880e+00,2.459674775249768519e+00,2.683281572999747677e+00,2.683281572999747677e+00,3.577708763999663422e+00,3.577708763999663422e+00,1.118033988749894903e+00,4.472135954999579277e-01,1.341640786499873839e+00,0.000000000000000000e+00,2.236067977499789639e-01,1.118033988749894903e+00,4.472135954999579277e-01,8.944271909999158554e-01,1.118033988749894903e+00,3.577708763999663422e+00,5.366563145999495354e+00,4.024922359499621294e+00,1.788854381999831711e+00,2.012461179749810647e+00,3.801315561749642136e+00,2.683281572999747677e+00,2.683281572999747677e+00,3.801315561749642136e+00,4.919349550499537038e+00,4.472135954999579610e+00,6.260990336999411099e+00,6.484597134749389369e+00,4.695742752749557880e+00,2.236067977499789805e+00,3.354101966249684263e+00,3.577708763999663422e+00,3.577708763999663422e+00,4.472135954999579610e+00,6.037383539249431941e+00,5.813776741499452783e+00,4.472135954999579610e+00,4.919349550499537038e+00,4.472135954999579610e+00,2.906888370749726391e+00,2.906888370749726391e+00,3.130495168499705549e+00,4.248529157249600452e+00,2.906888370749726391e+00,3.801315561749642136e+00,4.695742752749557880e+00,4.472135954999579610e+00,4.024922359499621294e+00,3.801315561749642136e+00,2.906888370749726391e+00,4.919349550499537038e+00,4.248529157249600452e+00,3.801315561749642136e+00,6.708203932499369193e-01,8.944271909999158554e-01,2.012461179749810647e+00,-4.472135954999579277e-01,-6.708203932499369193e-01,1.788854381999831711e+00,4.248529157249600452e+00,2.683281572999747677e+00,4.919349550499537038e+00,2.906888370749726391e+00,1.341640786499873839e+00,2.683281572999747677e+00,2.236067977499789639e-01,-4.472135954999579277e-01,6.708203932499369193e-01,1.565247584249852775e+00,-1.788854381999831711e+00,-2.236067977499789805e+00,-1.118033988749894903e+00,-1.118033988749894903e+00,-6.708203932499369193e-01,-2.683281572999747677e+00,-6.708203932499369193e-01,1.565247584249852775e+00,1.118033988749894903e+00,-4.472135954999579277e-01,-2.012461179749810647e+00,-1.788854381999831711e+00,-3.130495168499705549e+00,-3.130495168499705549e+00,-3.801315561749642136e+00,-2.012461179749810647e+00,-2.236067977499789805e+00,-5.590169943749473624e+00,-6.708203932499368527e+00,-6.260990336999411099e+00,-6.037383539249431941e+00,-6.708203932499368527e+00,-6.484597134749389369e+00,-6.260990336999411099e+00,-3.801315561749642136e+00,-4.248529157249600452e+00,-4.472135954999579610e+00,-4.919349550499537038e+00,-6.037383539249431941e+00
-1.341640786499873839e+00,-1.341640786499873839e+00,-1.118033988749894903e+00,-2.012461179749810647e+00,2.236067977499789639e-01,4.472135954999579277e-01,1.118033988749894903e+00,8.944271909999158554e-01,2.459674775249768519e+00,2.236067977499789805e+00,1.341640786499873839e+00,3.577708763999663422e+00,1.341640786499873839e+00,2.236067977499789805e+00,1.565247584249852775e+00,1.565247584249852775e+00,2.683281572999747677e+00,2.236067977499789805e+00,2.236067977499789639e-01,0.000000000000000000e+00,0.000000000000000000e+00,8.944271909999158554e-01,4.472135954999579277e-01,1.341640786499873839e+00,6.708203932499369193e-01,-6.708203932499369193e-01,-1.788854381999831711e+00,0.000000000000000000e+00,-2.236067977499789639e-01,-1.788854381999831711e+00,-2.906888370749726391e+00,-2.906888370749726391e+00,-2.459674775249768519e+00,-1.118033988749894903e+00,-3.354101966249684263e+00,-2.236067977499789805e+00,-2.459674775249768519e+00,-2.012461179749810647e+00,-1.118033988749894903e+00,-3.130495168499705549e+00,-3.130495168499705549e+00,-1.118033988749894903e+00,-2.906888370749726391e+00,-1.341640786499873839e+00,-2.012461179749810647e+00,-3.130495168499705549e+00,-4.248529157249600452e+00,-3.801315561749642136e+00,-1.788854381999831711e+00,-1.118033988749894903e+00,-8.944271909999158554e-01,-8.944271909999158554e-01,-1.788854381999831711e+00,-6.708203932499369193e-01,-1.118033988749894903e+00,-8.944271909999158554e-01,6.708203932499369193e-01,-8.944271909999158554e-01,-1.118033988749894903e+00,-2.236067977499789639e-01,-2.236067977499789805e+00,-1.565247584249852775e+00,0.000000000000000000e+00,-1.118033988749894903e+00,-3.354101966249684263e+00,-8.944271909999158554e-01,-1.118033988749894903e+00,-4.472135954999579277e-01,-2.236067977499789639e-01,-1.788854381999831711e+00,-2.459674775249768519e+00,-1.341640786499873839e+00,2.459674775249768519e+00,1.118033988749894903e+00,3.577708763999663422e+00,3.354101966249684263e+00,1.118033988749894903e+00,2.236067977499789805e+00,-8.944271909999158554e-01,-8.944271909999158554e-01,-2.683281572999747677e+00,-2.236067977499789805e+00,-4.248529157249600452e+00,-3.354101966249684263e+00,-2.012461179749810647e+00,-1.341640786499873839e+00,-2.236067977499789639e-01,-1.565247584249852775e+00,-1.788854381999831711e+00,1.341640786499873839e+00,2.236067977499789639e-01,1.565247584249852775e+00,1.565247584249852775e+00,2.236067977499789639e-01,-8.944271909999158554e-01,-1.341640786499873839e+00,-1.118033988749894903e+00,2.236067977499789805e+00,2.683281572999747677e+00,3.130495168499705549e+00,1.788854381999831711e+00,2.236067977499789805e+00,1.565247584249852775e+00,1.118033988749894903e+00,3.130495168499705549e+00,1.341640786499873839e+00,1.118033988749894903e+00,2.459674775249768519e+00,2.906888370749726391e+00,1.788854381999831711e+00,2.683281572999747677e+00,2.012461179749810647e+00,1.565247584249852775e+00,4.248529157249600452e+00,2.236067977499789805e+00,8.944271909999158554e-01,2.236067977499789639e-01,-2.012461179749810647e+00,-1.118033988749894903e+00,-1.341640786499873839e+00,6.708203932499369193e-01,-4.472135954999579277e-01,-4.472135954999579277e-01,-8.944271909999158554e-01,1.565247584249852775e+00,2.236067977499789805e+00,4.472135954999579610e+00,4.919349550499537038e+00,2.683281572999747677e+00,0.000000000000000000e+00,4.472135954999579277e-01,4.472135954999579277e-01,-4.472135954999579277e-01,4.472135954999579277e-01,6.708203932499369193e-01,1.565247584249852775e+00,1.118033988749894903e+00,-1.118033988749894903e+00,-1.788854381999831711e+00,-6.708203932499369193e-01,-2.236067977499789805e+00,-2.236067977499789805e+00,-3.577708763999663422e+00,-3.801315561749642136e+00,-3.354101966249684263e+00,-5.366563145999495354e+00,-5.590169943749473624e+00,-7.602631123499284271e+00,-9.167878707749137490e+00,-7.379024325749306001e+00,-6.708203932499368527e+00,-5.366563145999495354e+00,-4.472135954999579610e+00,-4.024922359499621294e+00,-2.683281572999747677e+00,-2.906888370749726391e+00,-3.801315561749642136e+00,-3.354101966249684263e+00,-3.354101966249684263e+00,-3.577708763999663422e+00,-4.248529157249600452e+00,-3.130495168499705549e+00,-2.236067977499789805e+00,-2.683281572999747677e+00,-8.944271909999158554e-01,4.472135954999579277e-01,-8.944271909999158554e-01,8.944271909999158554e-01,6.708203932499369193e-01,0.000000000000000000e+00,-2.236067977499789639e-01,8.944271909999158554e-01,2.236067977499789805e+00,3.354101966249684263e+00,2.459674775249768519e+00,2.012461179749810647e+00,2.236067977499789805e+00,-2.236067977499789639e-01,2.683281572999747677e+00,3.577708763999663422e+00,1.341640786499873839e+00,1.118033988749894903e+00,6.708203932499369193e-01,6.708203932499369193e-01,4.472135954999579277e-01,-2.012461179749810647e+00,-1.341640786499873839e+00,-1.565247584249852775e+00,-4.472135954999579277e-01,-4.472135954999579277e-01,2.236067977499789639e-01,2.906888370749726391e+00,2.459674775249768519e+00,1.565247584249852775e+00,2.236067977499789805e+00,2.012461179749810647e+00,3.130495168499705549e+00,1.118033988749894903e+00,1.341640786499873839e+00,1.565247584249852775e+00,1.788854381999831711e+00,1.118033988749894903e+00,2.683281572999747677e+00,2.683281572999747677e+00,2.906888370749726391e+00,3.130495168499705549e+00,3.354101966249684263e+00,2.683281572999747677e+00,2.236067977499789805e+00,2.236067977499789805e+00,1.341640786499873839e+00,1.788854381999831711e+00,2.906888370749726391e+00,3.577708763999663422e+00,3.577708763999663422e+00,3.577708763999663422e+00,4.472135954999579610e+00,4.472135954999579610e+00,3.130495168499705549e+00,2.459674775249768519e+00,4.024922359499621294e+00,4.248529157249600452e+00,4.024922359499621294e+00,2.906888370749726391e+00,2.012461179749810647e+00,0.000000000000000000e+00,-1.118033988749894903e+00,0.000000000000000000e+00,2.236067977499789639e-01,-1.788854381999831711e+00,-8.944271909999158554e-01,-1.565247584249852775e+00,-1.788854381999831711e+00,-6.708203932499369193e-01,-4.472135954999579277e-01,8.944271909999158554e-01,-6.708203932499369193e-01,1.341640786499873839e+00,1.341640786499873839e+00,1.788854381999831711e+00,1.788854381999831711e+00,2.012461179749810647e+00,2.236067977499789805e+00,1.565247584249852775e+00,1.788854381999831711e+00,8.944271909999158554e-01,1.341640786499873839e+00,1.341640786499873839e+00,1.788854381999831711e+00,3.577708763999663422e+00,3.801315561749642136e+00,2.012461179749810647e+00,1.788854381999831711e+00,2.906888370749726391e+00,3.577708763999663422e+00,4.024922359499621294e+00,4.919349550499537038e+00,5.142956348249516196e+00,2.459674775249768519e+00,1.788854381999831711e+00,8.944271909999158554e-01,4.472135954999579277e-01,6.708203932499369193e-01,2.236067977499789639e-01,-4.472135954999579277e-01,8.944271909999158554e-01,1.788854381999831711e+00,-6.708203932499369193e-01,-1.565247584249852775e+00,1.118033988749894903e+00,1.788854381999831711e+00,4.472135954999579277e-01,-6.708203932499369193e-01,-1.565247584249852775e+00,-1.341640786499873839e+00,-2.012461179749810647e+00,-3.577708763999663422e+00,-4.248529157249600452e+00,-4.472135954999579610e+00,-5.366563145999495354e+00,-3.801315561749642136e+00,-2.906888370749726391e+00,-4.024922359499621294e+00,-4.024922359499621294e+00,-3.354101966249684263e+00,-4.024922359499621294e+00,-4.024922359499621294e+00,-1.788854381999831711e+00,-1.341640786499873839e+00,0.000000000000000000e+00,2.236067977499789639e-01,2.236067977499789805e+00,1.565247584249852775e+00,6.708203932499369193e-01,0.000000000000000000e+00,-6.708203932499369193e-01,-1.341640786499873839e+00,-2.459674775249768519e+00,1.118033988749894903e+00,4.472135954999579277e-01,1.788854381999831711e+00,2.683281572999747677e+00,3.577708763999663422e+00,5.813776741499452783e+00,6.931810730249347685e+00,4.024922359499621294e+00,2.236067977499789805e+00,2.236067977499789639e-01,2.459674775249768519e+00,2.683281572999747677e+00,1.565247584249852775e+00,4.248529157249600452e+00,4.024922359499621294e+00,3.354101966249684263e+00,3.130495168499705549e+00,2.683281572999747677e+00,6.708203932499369193e-01,2.012461179749810647e+00,1.565247584249852775e+00,3.577708763999663422e+00,4.248529157249600452e+00,1.565247584249852775e+00,1.341640786499873839e+00,4.695742752749557880e+00,5.590169943749473624e+00,4.472135954999579610e+00,4.248529157249600452e+00,3.577708763999663422e+00,3.801315561749642136e+00,2.683281572999747677e+00,2.906888370749726391e+00,3.130495168499705549e+00,7.379024325749306001e+00,6.708203932499368527e+00,4.248529157249600452e+00,3.577708763999663422e+00,4.919349550499537038e+00,3.801315561749642136e+00,2.012461179749810647e+00,2.459674775249768519e+00,2.236067977499789805e+00,8.944271909999158554e-01,8.944271909999158554e-01,1.118033988749894903e+00,-4.472135954999579277e-01,-2.236067977499789639e-01,1.341640786499873839e+00,4.472135954999579277e-01,3.354101966249684263e+00,2.012461179749810647e+00,-2.236067977499789639e-01,0.000000000000000000e+00,-1.341640786499873839e+00,-4.472135954999579277e-01,-1.565247584249852775e+00,-1.341640786499873839e+00,-1.341640786499873839e+00,-1.788854381999831711e+00,-1.341640786499873839e+00,-2.683281572999747677e+00,-2.236067977499789805e+00,-4.472135954999579277e-01,-1.565247584249852775e+00,-1.788854381999831711e+00,-2.459674775249768519e+00,-1.788854381999831711e+00,-4.472135954999579277e-01,-4.472135954999579277e-01,2.236067977499789639e-01,1.118033988749894903e+00,0.000000000000000000e+00,-1.565247584249852775e+00,-8.944271909999158554e-01,-6.708203932499369193e-01,-6.708203932499369193e-01,1.118033988749894903e+00,-2.236067977499789639e-01,-1.341640786499873839e+00,-2.906888370749726391e+00,-4.472135954999579610e+00,-5.366563145999495354e+00,-4.248529157249600452e+00,-2.459674775249768519e+00,-8.944271909999158554e-01,-8.944271909999158554e-01,-8.944271909999158554e-01,-1.118033988749894903e+00,0.000000000000000000e+00,-6.708203932499369193e-01,4.472135954999579277e-01,0.000000000000000000e+00,2.236067977499789639e-01,-1.341640786499873839e+00,-2.906888370749726391e+00,-3.801315561749642136e+00,-2.012461179749810647e+00,-2.012461179749810647e+00,1.341640786499873839e+00,1.118033988749894903e+00,1.565247584249852775e+00,0.000000000000000000e+00,-1.341640786499873839e+00,4.472135954999579277e-01,4.472135954999579277e-01,4.472135954999579277e-01,1.565247584249852775e+00,4.024922359499621294e+00,2.459674775249768519e+00,1.565247584249852775e+00,1.565247584249852775e+00,1.565247584249852775e+00,8.944271909999158554e-01,0.000000000000000000e+00,2.236067977499789639e-01,0.000000000000000000e+00,-2.236067977499789639e-01,-1.341640786499873839e+00,0.000000000000000000e+00,-1.565247584249852775e+00,-4.695742752749557880e+00,-4.472135954999579610e+00,-3.354101966249684263e+00,-4.695742752749557880e+00,-4.695742752749557880e+00,-4.472135954999579610e+00,-5.142956348249516196e+00,-5.142956348249516196e+00,-6.037383539249431941e+00,-4.695742752749557880e+00,-4.472135954999579610e+00,-4.472135954999579610e+00,-3.130495168499705549e+00,-2.236067977499789805e+00,-2.459674775249768519e+00,-1.341640786499873839e+00,-1.341640786499873839e+00,-2.012461179749810647e+00,-3.354101966249684263e+00,-3.577708763999663422e+00,-5.142956348249516196e+00,-3.801315561749642136e+00,-1.788854381999831711e+00,-1.118033988749894903e+00,0.000000000000000000e+00,2.236067977499789639e-01,6.708203932499369193e-01,0.000000000000000000e+00,-1.788854381999831711e+00,-3.130495168499705549e+00,-4.472135954999579277e-01,-1.341640786499873839e+00,-1.118033988749894903e+00,-2.906888370749726391e+00,-4.024922359499621294e+00,-4.248529157249600452e+00,-3.577708763999663422e+00,-5.142956348249516196e+00,-3.801315561749642136e+00,-2.906888370749726391e+00,-4.248529157249600452e+00,-3.801315561749642136e+00,-4.248529157249600452e+00,-5.590169943749473624e+00,-8.049844718999242588e+00,-6.484597134749389369e+00,-4.024922359499621294e+00,-4.024922359499621294e+00,-3.801315561749642136e+00,-4.248529157249600452e+00,-4.248529157249600452e+00,-3.130495168499705549e+00,-3.130495168499705549e+00,-4.695742752749557880e+00,-3.801315561749642136e+00,-3.130495168499705549e+00,-1.118033988749894903e+00,-2.236067977499789805e+00,-3.801315561749642136e+00,-4.248529157249600452e+00,-4.024922359499621294e+00,-4.024922359499621294e+00,-2.012461179749810647e+00,-3.354101966249684263e+00,-3.577708763999663422e+00,-4.472135954999579610e+00,-3.577708763999663422e+00,-3.801315561749642136e+00,-1.565247584249852775e+00,-6.708203932499369193e-01,-2.236067977499789805e+00,-2.683281572999747677e+00,-1.565247584249852775e+00,-2.236067977499789805e+00,-1.341640786499873839e+00,-6.708203932499369193e-01,-3.130495168499705549e+00,-1.788854381999831711e+00,-1.565247584249852775e+00,-1.118033988749894903e+00,-1.341640786499873839e+00
-1.341640786499873839e+00,-1.788854381999831711e+00,-3.130495168499705549e+00,-2.236067977499789805e+00,-8.944271909999158554e-01,-6.708203932499369193e-01,2.236067977499789639e-01,-2.236067977499789639e-01,-6.708203932499369193e-01,1.565247584249852775e+00,2.683281572999747677e+00,1.341640786499873839e+00,1.788854381999831711e+00,2.012461179749810647e+00,3.354101966249684263e+00,4.472135954999579277e-01,1.788854381999831711e+00,4.024922359499621294e+00,5.366563145999495354e+00,6.708203932499368527e+00,4.472135954999579610e+00,3.577708763999663422e+00,3.577708763999663422e+00,3.577708763999663422e+00,2.459674775249768519e+00,2.236067977499789805e+00,2.459674775249768519e+00,2.236067977499789805e+00,6.708203932499369193e-01,2.683281572999747677e+00,0.000000000000000000e+00,4.472135954999579277e-01,-4.472135954999579277e-01,-4.472135954999579277e-01,-2.236067977499789639e-01,1.118033988749894903e+00,2.012461179749810647e+00,2.459674775249768519e+00,2.906888370749726391e+00,2.236067977499789805e+00,4.472135954999579610e+00,3.354101966249684263e+00,4.248529157249600452e+00,4.472135954999579610e+00,4.248529157249600452e+00,3.354101966249684263e+00,3.130495168499705549e+00,1.788854381999831711e+00,3.354101966249684263e+00,2.683281572999747677e+00,2.906888370749726391e+00,0.000000000000000000e+00,1.341640786499873839e+00,8.944271909999158554e-01,2.683281572999747677e+00,1.341640786499873839e+00,2.012461179749810647e+00,3.130495168499705549e+00,1.341640786499873839e+00,-1.118033988749894903e+00,-2.236067977499789639e-01,-2.236067977499789639e-01,-2.236067977499789805e+00,-3.354101966249684263e+00,-2.683281572999747677e+00,-2.012461179749810647e+00,-2.236067977499789805e+00,-2.012461179749810647e+00,-4.248529157249600452e+00,-4.248529157249600452e+00,-3.801315561749642136e+00,-3.801315561749642136e+00,-4.248529157249600452e+00,-4.695742752749557880e+00,-4.919349550499537038e+00,-4.695742752749557880e+00,-5.590169943749473624e+00,-4.024922359499621294e+00,-2.012461179749810647e+00,-3.354101966249684263e+00,-4.919349550499537038e+00,-4.024922359499621294e+00,-3.354101966249684263e+00,-3.801315561749642136e+00,-3.577708763999663422e+00,-3.577708763999663422e+00,-2.683281572999747677e+00,-5.142956348249516196e+00,-4.695742752749557880e+00,-4.248529157249600452e+00,-2.012461179749810647e+00,-2.683281572999747677e+00,-4.472135954999579277e-01,0.000000000000000000e+00,2.459674775249768519e+00,3.801315561749642136e+00,1.788854381999831711e+00,2.012461179749810647e+00,1.341640786499873839e+00,2.012461179749810647e+00,2.012461179749810647e+00,1.788854381999831711e+00,6.708203932499369193e-01,-4.472135954999579277e-01,2.236067977499789639e-01,1.118033988749894903e+00,1.118033988749894903e+00,-2.236067977499789639e-01,2.236067977499789639e-01,-1.341640786499873839e+00,-1.118033988749894903e+00,-2.683281572999747677e+00,-2.683281572999747677e+00,-3.577708763999663422e+00,-4.248529157249600452e+00,-4.248529157249600452e+00,-3.801315561749642136e+00,-5.366563145999495354e+00,-5.813776741499452783e+00,-7.602631123499284271e+00,-6.484597134749389369e+00,-6.708203932499368527e+00,-4.472135954999579610e+00,-4.024922359499621294e+00,-4.472135954999579610e+00,-3.577708763999663422e+00,-4.248529157249600452e+00,-3.354101966249684263e+00,-4.248529157249600452e+00,-5.366563145999495354e+00,-5.590169943749473624e+00,-5.813776741499452783e+00,-4.248529157249600452e+00,-5.590169943749473624e+00,-5.366563145999495354e+00,-4.919349550499537038e+00,-4.695742752749557880e+00,-5.142956348249516196e+00,-6.260990336999411099e+00,-6.484597134749389369e+00,-5.142956348249516196e+00,-2.012461179749810647e+00,-2.683281572999747677e+00,-4.472135954999579610e+00,-5.813776741499452783e+00,-8.273451516749220858e+00,-6.931810730249347685e+00,-8.720665112249179174e+00,-8.049844718999242588e+00,-7.155417527999326843e+00,-7.602631123499284271e+00,-5.813776741499452783e+00,-5.366563145999495354e+00,-6.484597134749389369e+00,-7.379024325749306001e+00,-4.919349550499537038e+00,-6.260990336999411099e+00,-5.813776741499452783e+00,-6.260990336999411099e+00,-4.024922359499621294e+00,-3.801315561749642136e+00,-3.577708763999663422e+00,-4.248529157249600452e+00,-3.354101966249684263e+00,-2.906888370749726391e+00,-2.683281572999747677e+00,-4.248529157249600452e+00,-2.459674775249768519e+00,-3.354101966249684263e+00,-4.248529157249600452e+00,-4.472135954999579610e+00,-5.142956348249516196e+00,-4.919349550499537038e+00,-4.695742752749557880e+00,-4.248529157249600452e+00,-3.577708763999663422e+00,-3.130495168499705549e+00,-3.354101966249684263e+00,-3.130495168499705549e+00,-1.788854381999831711e+00,-1.341640786499873839e+00,-8.944271909999158554e-01,-4.472135954999579277e-01,-6.708203932499369193e-01,2.236067977499789639e-01,6.708203932499369193e-01,1.565247584249852775e+00,3.130495168499705549e+00,2.683281572999747677e+00,2.236067977499789805e+00,3.130495168499705549e+00,3.130495168499705549e+00,3.801315561749642136e+00,4.248529157249600452e+00,4.472135954999579610e+00,2.012461179749810647e+00,2.683281572999747677e+00,1.788854381999831711e+00,6.708203932499369193e-01,4.472135954999579277e-01,-2.236067977499789639e-01,-2.906888370749726391e+00,-1.565247584249852775e+00,-2.236067977499789639e-01,-1.341640786499873839e+00,-1.788854381999831711e+00,-2.906888370749726391e+00,-2.236067977499789805e+00,-1.565247584249852775e+00,-1.341640786499873839e+00,-2.459674775249768519e+00,-1.118033988749894903e+00,-2.012461179749810647e+00,-6.708203932499369193e-01,2.236067977499789639e-01,2.236067977499789639e-01,0.000000000000000000e+00,1.565247584249852775e+00,1.565247584249852775e+00,2.236067977499789805e+00,2.906888370749726391e+00,4.248529157249600452e+00,3.801315561749642136e+00,4.695742752749557880e+00,5.813776741499452783e+00,5.142956348249516196e+00,3.801315561749642136e+00,2.012461179749810647e+00,1.788854381999831711e+00,4.695742752749557880e+00,4.919349550499537038e+00,4.695742752749557880e+00,4.024922359499621294e+00,2.236067977499789805e+00,3.354101966249684263e+00,5.142956348249516196e+00,4.024922359499621294e+00,3.801315561749642136e+00,1.118033988749894903e+00,2.459674775249768519e+00,2.012461179749810647e+00,2.012461179749810647e+00,2.012461179749810647e+00,4.248529157249600452e+00,2.236067977499789805e+00,2.012461179749810647e+00,2.012461179749810647e+00,2.236067977499789805e+00,1.341640786499873839e+00,2.459674775249768519e+00,2.012461179749810647e+00,2.236067977499789805e+00,2.236067977499789805e+00,2.236067977499789639e-01,-2.236067977499789639e-01,-1.341640786499873839e+00,-8.944271909999158554e-01,-6.708203932499369193e-01,2.236067977499789639e-01,1.565247584249852775e+00,1.565247584249852775e+00,1.118033988749894903e+00,8.944271909999158554e-01,2.236067977499789639e-01,-2.236067977499789639e-01,0.000000000000000000e+00,-6.708203932499369193e-01,8.944271909999158554e-01,2.236067977499789639e-01,1.565247584249852775e+00,8.944271909999158554e-01,6.708203932499369193e-01,-2.236067977499789639e-01,8.944271909999158554e-01,-1.118033988749894903e+00,-2.683281572999747677e+00,-2.906888370749726391e+00,-2.236067977499789805e+00,-2.459674775249768519e+00,-1.565247584249852775e+00,-2.236067977499789805e+00,-2.236067977499789805e+00,-4.695742752749557880e+00,-2.683281572999747677e+00,-6.708203932499369193e-01,-4.472135954999579277e-01,-8.944271909999158554e-01,0.000000000000000000e+00,1.565247584249852775e+00,3.577708763999663422e+00,4.695742752749557880e+00,4.695742752749557880e+00,4.919349550499537038e+00,4.248529157249600452e+00,2.012461179749810647e+00,4.472135954999579277e-01,2.236067977499789639e-01,-2.236067977499789639e-01,2.236067977499789805e+00,3.130495168499705549e+00,2.906888370749726391e+00,2.906888370749726391e+00,1.118033988749894903e+00,1.788854381999831711e+00,-6.708203932499369193e-01,-6.708203932499369193e-01,8.944271909999158554e-01,-6.708203932499369193e-01,-2.683281572999747677e+00,-2.906888370749726391e+00,-3.130495168499705549e+00,-4.024922359499621294e+00,-3.354101966249684263e+00,-3.130495168499705549e+00,-3.801315561749642136e+00,-4.024922359499621294e+00,-4.919349550499537038e+00,-3.354101966249684263e+00,-4.919349550499537038e+00,-3.354101966249684263e+00,-3.354101966249684263e+00,-3.130495168499705549e+00,-2.459674775249768519e+00,-1.565247584249852775e+00,-4.472135954999579277e-01,-8.944271909999158554e-01,-6.708203932499369193e-01,-1.788854381999831711e+00,-1.565247584249852775e+00,2.236067977499789639e-01,8.944271909999158554e-01,-6.708203932499369193e-01,4.472135954999579277e-01,0.000000000000000000e+00,-4.472135954999579277e-01,-1.341640786499873839e+00,-2.683281572999747677e+00,-1.788854381999831711e+00,-1.341640786499873839e+00,-1.118033988749894903e+00,-2.459674775249768519e+00,-2.459674775249768519e+00,-4.472135954999579277e-01,8.944271909999158554e-01,6.708203932499369193e-01,8.944271909999158554e-01,8.944271909999158554e-01,8.944271909999158554e-01,8.944271909999158554e-01,2.683281572999747677e+00,2.683281572999747677e+00,6.708203932499369193e-01,2.012461179749810647e+00,6.708203932499369193e-01,2.459674775249768519e+00,2.683281572999747677e+00,2.683281572999747677e+00,1.565247584249852775e+00,1.341640786499873839e+00,2.236067977499789805e+00,2.459674775249768519e+00,2.906888370749726391e+00,3.354101966249684263e+00,1.565247584249852775e+00,4.472135954999579277e-01,0.000000000000000000e+00,-4.472135954999579277e-01,-4.472135954999579277e-01,-4.472135954999579277e-01,0.000000000000000000e+00,-8.944271909999158554e-01,-8.944271909999158554e-01,0.000000000000000000e+00,-8.944271909999158554e-01,-2.012461179749810647e+00,-2.236067977499789639e-01,-1.341640786499873839e+00,-2.236067977499789805e+00,-3.577708763999663422e+00,-5.366563145999495354e+00,-3.577708763999663422e+00,-3.354101966249684263e+00,-2.012461179749810647e+00,-4.472135954999579277e-01,-1.118033988749894903e+00,-2.683281572999747677e+00,-2.459674775249768519e+00,-2.683281572999747677e+00,-3.354101966249684263e+00,-5.142956348249516196e+00,-5.142956348249516196e+00,-5.366563145999495354e+00,-6.037383539249431941e+00,-6.037383539249431941e+00,-7.826237921249263430e+00,-6.037383539249431941e+00,-6.037383539249431941e+00,-4.695742752749557880e+00,-5.366563145999495354e+00,-4.472135954999579610e+00,-4.024922359499621294e+00,-4.472135954999579610e+00,-4.695742752749557880e+00,-3.354101966249684263e+00,-2.236067977499789805e+00,-1.565247584249852775e+00,-6.708203932499369193e-01,-4.472135954999579277e-01,-1.341640786499873839e+00,4.472135954999579277e-01,6.708203932499369193e-01,0.000000000000000000e+00,1.118033988749894903e+00,-8.944271909999158554e-01,-6.708203932499369193e-01,4.472135954999579277e-01,8.944271909999158554e-01,1.565247584249852775e+00,2.906888370749726391e+00,2.236067977499789805e+00,2.459674775249768519e+00,3.577708763999663422e+00,3.801315561749642136e+00,3.354101966249684263e+00,4.248529157249600452e+00,3.577708763999663422e+00,4.472135954999579610e+00,1.565247584249852775e+00,2.236067977499789805e+00,3.354101966249684263e+00,3.354101966249684263e+00,8.944271909999158554e-01,2.012461179749810647e+00,2.012461179749810647e+00,2.683281572999747677e+00,3.130495168499705549e+00,3.354101966249684263e+00,3.577708763999663422e+00,3.130495168499705549e+00,4.024922359499621294e+00,2.459674775249768519e+00,1.788854381999831711e+00,1.565247584249852775e+00,2.683281572999747677e+00,2.012461179749810647e+00,2.236067977499789805e+00,2.906888370749726391e+00,6.708203932499369193e-01,8.944271909999158554e-01,2.236067977499789639e-01,-1.341640786499873839e+00,-1.118033988749894903e+00,-1.565247584249852775e+00,-8.944271909999158554e-01,-8.944271909999158554e-01,-1.565247584249852775e+00,-2.459674775249768519e+00,-1.118033988749894903e+00,-1.565247584249852775e+00,-2.906888370749726391e+00,-2.683281572999747677e+00,-3.354101966249684263e+00,-3.130495168499705549e+00,-4.024922359499621294e+00,-4.472135954999579610e+00,-2.683281572999747677e+00,-2.683281572999747677e+00,-1.565247584249852775e+00,-1.341640786499873839e+00,-3.130495168499705549e+00,-3.354101966249684263e+00,-2.012461179749810647e+00,-3.354101966249684263e+00,-2.236067977499789805e+00,-4.472135954999579277e-01,0.000000000000000000e+00,-8.944271909999158554e-01,2.236067977499789639e-01,-1.118033988749894903e+00,-1.341640786499873839e+00,-8.944271909999158554e-01,-1.341640786499873839e+00,2.236067977499789639e-01,8.944271909999158554e-01,1.565247584249852775e+00,2.906888370749726391e+00,2.459674775249768519e+00,2.236067977499789805e+00,1.118033988749894903e+00,-2.236067977499789639e-01,6.708203932499369193e-01,-4.472135954999579277e-01,1.118033988749894903e+00,1.118033988749894903e+00,2.906888370749726391e+00,2.459674775249768519e+00,4.695742752749557880e+00,3.354101966249684263e+00,2.683281572999747677e+00,2.683281572999747677e+00
-2.236067977499789639e-01,-8.944271909999158554e-01,0.000000000000000000e+00,6.708203932499369193e-01,1.341640786499873839e+00,6.708203932499369193e-01,2.236067977499789805e+00,2.012461179749810647e+00,2.906888370749726391e+00,4.024922359499621294e+00,4.024922359499621294e+00,8.944271909999158554e-01,4.472135954999579277e-01,-1.788854381999831711e+00,-2.459674775249768519e+00,-2.459674775249768519e+00,-4.248529157249600452e+00,-5.813776741499452783e+00,-4.472135954999579610e+00,-3.130495168499705549e+00,-4.472135954999579610e+00,-3.801315561749642136e+00,-3.577708763999663422e+00,-2.459674775249768519e+00,-3.577708763999663422e+00,-3.130495168499705549e+00,-1.788854381999831711e+00,-1.341640786499873839e+00,-1.788854381999831711e+00,-1.565247584249852775e+00,-1.788854381999831711e+00,-8.944271909999158554e-01,-2.236067977499789639e-01,4.472135954999579277e-01,2.236067977499789639e-01,8.944271909999158554e-01,2.459674775249768519e+00,3.130495168499705549e+00,4.024922359499621294e+00,4.472135954999579610e+00,3.577708763999663422e+00,4.472135954999579610e+00,5.142956348249516196e+00,4.919349550499537038e+00,5.813776741499452783e+00,4.695742752749557880e+00,3.577708763999663422e+00,4.024922359499621294e+00,1.788854381999831711e+00,2.906888370749726391e+00,2.012461179749810647e+00,2.236067977499789805e+00,1.788854381999831711e+00,1.341640786499873839e+00,2.906888370749726391e+00,6.708203932499369193e-01,4.472135954999579277e-01,1.341640786499873839e+00,3.354101966249684263e+00,2.459674775249768519e+00,8.944271909999158554e-01,-1.788854381999831711e+00,-1.118033988749894903e+00,-1.565247584249852775e+00,-8.944271909999158554e-01,-8.944271909999158554e-01,4.472135954999579277e-01,4.472135954999579277e-01,-2.459674775249768519e+00,-1.118033988749894903e+00,-2.236067977499789805e+00,-1.565247584249852775e+00,0.000000000000000000e+00,-2.236067977499789639e-01,8.944271909999158554e-01,4.472135954999579277e-01,8.944271909999158554e-01,2.012461179749810647e+00,1.118033988749894903e+00,6.708203932499369193e-01,-2.236067977499789639e-01,0.000000000000000000e+00,-4.472135954999579277e-01,-2.236067977499789639e-01,-8.944271909999158554e-01,-1.565247584249852775e+00,-8.944271909999158554e-01,4.472135954999579277e-01,1.341640786499873839e+00,6.708203932499369193e-01,-6.708203932499369193e-01,-1.341640786499873839e+00,-1.341640786499873839e+00,-2.906888370749726391e+00,-2.906888370749726391e+00,-2.683281572999747677e+00,-3.130495168499705549e+00,-2.906888370749726391e+00,-4.472135954999579610e+00,-4.024922359499621294e+00,-2.906888370749726391e+00,-1.118033988749894903e+00,-3.130495168499705549e+00,-2.906888370749726391e+00,-2.683281572999747677e+00,-2.459674775249768519e+00,-1.565247584249852775e+00,-3.801315561749642136e+00,-3.577708763999663422e+00,-2.012461179749810647e+00,-4.472135954999579277e-01,2.236067977499789639e-01,8.944271909999158554e-01,1.118033988749894903e+00,1.341640786499873839e+00,-6.708203932499369193e-01,-2.459674775249768519e+00,-1.118033988749894903e+00,-2.236067977499789805e+00,-3.130495168499705549e+00,-1.341640786499873839e+00,-1.341640786499873839e+00,-1.788854381999831711e+00,-1.341640786499873839e+00,-8.944271909999158554e-01,-1.565247584249852775e+00,-1.118033988749894903e+00,-2.236067977499789639e-01,-1.118033988749894903e+00,1.565247584249852775e+00,8.944271909999158554e-01,2.906888370749726391e+00,3.801315561749642136e+00,3.801315561749642136e+00,1.565247584249852775e+00,1.565247584249852775e+00,2.012461179749810647e+00,1.788854381999831711e+00,4.472135954999579277e-01,2.012461179749810647e+00,1.341640786499873839e+00,-8.944271909999158554e-01,4.472135954999579277e-01,1.788854381999831711e+00,1.565247584249852775e+00,1.788854381999831711e+00,2.683281572999747677e+00,2.906888370749726391e+00,3.130495168499705549e+00,2.236067977499789805e+00,3.801315561749642136e+00,3.354101966249684263e+00,3.801315561749642136e+00,4.472135954999579610e+00,5.366563145999495354e+00,5.142956348249516196e+00,4.024922359499621294e+00,4.024922359499621294e+00,2.012461179749810647e+00,1.341640786499873839e+00,2.236067977499789805e+00,4.248529157249600452e+00,2.906888370749726391e+00,2.683281572999747677e+00,2.236067977499789805e+00,6.708203932499369193e-01,-1.118033988749894903e+00,0.000000000000000000e+00,-1.341640786499873839e+00,-6.708203932499369193e-01,-6.708203932499369193e-01,-1.118033988749894903e+00,-2.683281572999747677e+00,-2.012461179749810647e+00,-2.683281572999747677e+00,-2.683281572999747677e+00,-2.683281572999747677e+00,-3.577708763999663422e+00,-2.012461179749810647e+00,-3.354101966249684263e+00,-5.813776741499452783e+00,-5.142956348249516196e+00,-7.155417527999326843e+00,-6.260990336999411099e+00,-5.142956348249516196e+00,-6.931810730249347685e+00,-5.813776741499452783e+00,-6.484597134749389369e+00,-6.484597134749389369e+00,-7.155417527999326843e+00,-5.813776741499452783e+00,-4.919349550499537038e+00,-3.577708763999663422e+00,-3.354101966249684263e+00,-1.788854381999831711e+00,-2.012461179749810647e+00,-1.118033988749894903e+00,0.000000000000000000e+00,4.472135954999579277e-01,2.012461179749810647e+00,2.012461179749810647e+00,2.012461179749810647e+00,1.788854381999831711e+00,2.683281572999747677e+00,4.248529157249600452e+00,5.813776741499452783e+00,5.590169943749473624e+00,6.037383539249431941e+00,4.472135954999579610e+00,5.366563145999495354e+00,4.472135954999579610e+00,3.577708763999663422e+00,2.236067977499789805e+00,2.459674775249768519e+00,3.801315561749642136e+00,4.695742752749557880e+00,5.142956348249516196e+00,2.683281572999747677e+00,2.236067977499789805e+00,3.130495168499705549e+00,1.565247584249852775e+00,1.118033988749894903e+00,1.341640786499873839e+00,1.788854381999831711e+00,3.130495168499705549e+00,4.248529157249600452e+00,5.142956348249516196e+00,6.260990336999411099e+00,6.484597134749389369e+00,5.366563145999495354e+00,6.037383539249431941e+00,3.354101966249684263e+00,2.683281572999747677e+00,2.459674775249768519e+00,2.683281572999747677e+00,3.577708763999663422e+00,4.248529157249600452e+00,2.906888370749726391e+00,3.801315561749642136e+00,3.801315561749642136e+00,1.565247584249852775e+00,-1.565247584249852775e+00,-2.906888370749726391e+00,-1.118033988749894903e+00,-2.459674775249768519e+00,-1.565247584249852775e+00,-4.248529157249600452e+00,-5.590169943749473624e+00,-4.919349550499537038e+00,-5.590169943749473624e+00,-5.813776741499452783e+00,-5.590169943749473624e+00,-5.813776741499452783e+00,-5.142956348249516196e+00,-4.024922359499621294e+00,-4.472135954999579610e+00,-3.354101966249684263e+00,-3.577708763999663422e+00,-2.683281572999747677e+00,-2.459674775249768519e+00,-4.472135954999579610e+00,-4.472135954999579610e+00,-4.248529157249600452e+00,-5.366563145999495354e+00,-5.366563145999495354e+00,-3.354101966249684263e+00,-4.248529157249600452e+00,-5.813776741499452783e+00,-5.813776741499452783e+00,-5.813776741499452783e+00,-4.248529157249600452e+00,-2.906888370749726391e+00,-3.130495168499705549e+00,-4.024922359499621294e+00,-4.472135954999579610e+00,-2.236067977499789805e+00,-8.944271909999158554e-01,-1.118033988749894903e+00,4.472135954999579277e-01,6.708203932499369193e-01,8.944271909999158554e-01,1.341640786499873839e+00,2.012461179749810647e+00,2.683281572999747677e+00,0.000000000000000000e+00,2.906888370749726391e+00,2.459674775249768519e+00,6.708203932499369193e-01,1.118033988749894903e+00,1.565247584249852775e+00,2.012461179749810647e+00,4.472135954999579610e+00,2.906888370749726391e+00,4.024922359499621294e+00,5.366563145999495354e+00,4.472135954999579610e+00,5.142956348249516196e+00,4.472135954999579610e+00,3.801315561749642136e+00,2.683281572999747677e+00,3.130495168499705549e+00,3.130495168499705549e+00,3.577708763999663422e+00,1.341640786499873839e+00,1.788854381999831711e+00,1.118033988749894903e+00,1.565247584249852775e+00,8.944271909999158554e-01,2.012461179749810647e+00,2.236067977499789805e+00,1.788854381999831711e+00,4.472135954999579277e-01,-4.472135954999579277e-01,0.000000000000000000e+00,-2.236067977499789639e-01,-1.565247584249852775e+00,-8.944271909999158554e-01,-8.944271909999158554e-01,-4.472135954999579277e-01,-1.341640786499873839e+00,-2.459674775249768519e+00,-8.944271909999158554e-01,4.472135954999579277e-01,2.012461179749810647e+00,6.708203932499369193e-01,-1.118033988749894903e+00,8.944271909999158554e-01,-4.472135954999579277e-01,-6.708203932499369193e-01,1.118033988749894903e+00,2.236067977499789639e-01,-6.708203932499369193e-01,-4.472135954999579277e-01,0.000000000000000000e+00,-8.944271909999158554e-01,-4.472135954999579277e-01,-6.708203932499369193e-01,4.472135954999579277e-01,2.236067977499789639e-01,-2.236067977499789639e-01,-6.708203932499369193e-01,1.118033988749894903e+00,4.472135954999579277e-01,2.236067977499789639e-01,2.236067977499789639e-01,8.944271909999158554e-01,-6.708203932499369193e-01,8.944271909999158554e-01,1.341640786499873839e+00,0.000000000000000000e+00,1.565247584249852775e+00,2.906888370749726391e+00,2.683281572999747677e+00,3.130495168499705549e+00,4.024922359499621294e+00,2.012461179749810647e+00,2.683281572999747677e+00,3.130495168499705549e+00,2.906888370749726391e+00,1.788854381999831711e+00,1.118033988749894903e+00,8.944271909999158554e-01,2.236067977499789639e-01,-2.012461179749810647e+00,-2.906888370749726391e+00,-2.459674775249768519e+00,-1.788854381999831711e+00,-4.024922359499621294e+00,-3.130495168499705549e+00,-1.118033988749894903e+00,-2.236067977499789805e+00,-2.012461179749810647e+00,2.236067977499789639e-01,-2.236067977499789639e-01,0.000000000000000000e+00,-1.788854381999831711e+00,-3.354101966249684263e+00,-3.801315561749642136e+00,-2.236067977499789805e+00,-3.130495168499705549e+00,-2.236067977499789805e+00,-6.708203932499369193e-01,-2.012461179749810647e+00,-1.788854381999831711e+00,-4.472135954999579277e-01,-2.236067977499789639e-01,2.236067977499789639e-01,-6.708203932499369193e-01,-2.236067977499789639e-01,2.236067977499789639e-01,1.565247584249852775e+00,1.565247584249852775e+00,0.000000000000000000e+00,-6.708203932499369193e-01,-6.708203932499369193e-01,2.236067977499789639e-01,1.565247584249852775e+00,1.565247584249852775e+00,0.000000000000000000e+00,4.472135954999579277e-01,2.236067977499789805e+00,2.236067977499789805e+00,2.236067977499789805e+00,8.944271909999158554e-01,8.944271909999158554e-01,3.577708763999663422e+00,1.565247584249852775e+00,2.012461179749810647e+00,3.577708763999663422e+00,4.919349550499537038e+00,4.248529157249600452e+00,3.801315561749642136e+00,2.236067977499789805e+00,1.341640786499873839e+00,1.118033988749894903e+00,2.012461179749810647e+00,8.944271909999158554e-01,1.341640786499873839e+00,6.708203932499369193e-01,6.708203932499369193e-01,8.944271909999158554e-01,-1.788854381999831711e+00,-2.683281572999747677e+00,-3.354101966249684263e+00,-2.236067977499789805e+00,-3.354101966249684263e+00,-2.906888370749726391e+00,-2.683281572999747677e+00,-3.354101966249684263e+00,-2.683281572999747677e+00,-2.459674775249768519e+00,-1.788854381999831711e+00,-1.565247584249852775e+00,-1.788854381999831711e+00,-1.788854381999831711e+00,-1.565247584249852775e+00,-8.944271909999158554e-01,1.565247584249852775e+00,2.459674775249768519e+00,1.788854381999831711e+00,2.236067977499789805e+00,2.236067977499789639e-01,-2.236067977499789639e-01,-2.236067977499789639e-01,1.565247584249852775e+00,1.118033988749894903e+00,3.801315561749642136e+00,3.130495168499705549e+00,2.683281572999747677e+00,2.459674775249768519e+00,2.459674775249768519e+00,4.472135954999579277e-01,1.341640786499873839e+00,2.236067977499789805e+00,6.708203932499369193e-01,0.000000000000000000e+00,-2.012461179749810647e+00,0.000000000000000000e+00,2.012461179749810647e+00,2.906888370749726391e+00,4.024922359499621294e+00,3.801315561749642136e+00,4.024922359499621294e+00,3.354101966249684263e+00,1.788854381999831711e+00,3.354101966249684263e+00,4.024922359499621294e+00,4.024922359499621294e+00,4.024922359499621294e+00,2.906888370749726391e+00,2.459674775249768519e+00,3.130495168499705549e+00,3.577708763999663422e+00,2.012461179749810647e+00,1.341640786499873839e+00,1.118033988749894903e+00,1.565247584249852775e+00,1.118033988749894903e+00,0.000000000000000000e+00,-1.118033988749894903e+00,-1.118033988749894903e+00,-2.236067977499789805e+00,-1.788854381999831711e+00,-1.788854381999831711e+00,-2.236067977499789639e-01,2.236067977499789639e-01,-1.118033988749894903e+00,-2.236067977499789805e+00,-2.012461179749810647e+00,-1.788854381999831711e+00,-4.472135954999579277e-01,-2.236067977499789805e+00,-1.788854381999831711e+00,-2.236067977499789805e+00,-1.788854381999831711e+00,-8.944271909999158554e-01,-1.118033988749894903e+00,-2.012461179749810647e+00,-1.565247584249852775e+00,-2.683281572999747677e+00
-6.708203932499369193e-01,-2.236067977499789639e-01,6.708203932499369193e-01,1.341640786499873839e+00,8.944271909999158554e-01,2.236067977499789639e-01,-6.708203932499369193e-01,-8.944271909999158554e-01,-6.708203932499369193e-01,-2.236067977499789805e+00,-2.906888370749726391e+00,-2.012461179749810647e+00,-2.459674775249768519e+00,-2.459674775249768519e+00,-3.577708763999663422e+00,-3.577708763999663422e+00,-2.683281572999747677e+00,-2.012461179749810647e+00,-2.459674775249768519e+00,-1.118033988749894903e+00,-1.341640786499873839e+00,8.944271909999158554e-01,3.577708763999663422e+00,1.788854381999831711e+00,2.683281572999747677e+00,2.012461179749810647e+00,2.012461179749810647e+00,4.024922359499621294e+00,2.012461179749810647e+00,3.130495168499705549e+00,1.341640786499873839e+00,8.944271909999158554e-01,1.565247584249852775e+00,2.012461179749810647e+00,2.906888370749726391e+00,2.012461179749810647e+00,3.130495168499705549e+00,3.577708763999663422e+00,2.459674775249768519e+00,0.000000000000000000e+00,-6.708203932499369193e-01,-1.788854381999831711e+00,-1.565247584249852775e+00,-2.236067977499789805e+00,-3.130495168499705549e+00,-2.459674775249768519e+00,-3.130495168499705549e+00,-2.683281572999747677e+00,-2.459674775249768519e+00,-4.919349550499537038e+00,-4.919349550499537038e+00,-5.813776741499452783e+00,-5.142956348249516196e+00,-4.248529157249600452e+00,-3.130495168499705549e+00,0.000000000000000000e+00,2.236067977499789639e-01,-6.708203932499369193e-01,-6.708203932499369193e-01,2.236067977499789639e-01,-8.944271909999158554e-01,-6.708203932499369193e-01,-2.236067977499789639e-01,-1.118033988749894903e+00,-2.459674775249768519e+00,-2.236067977499789805e+00,-6.708203932499369193e-01,-2.236067977499789639e-01,4.472135954999579277e-01,0.000000000000000000e+00,-4.472135954999579277e-01,-2.683281572999747677e+00,-2.236067977499789805e+00,-1.341640786499873839e+00,-3.354101966249684263e+00,-5.142956348249516196e+00,-3.801315561749642136e+00,-2.906888370749726391e+00,-3.130495168499705549e+00,-1.788854381999831711e+00,-8.944271909999158554e-01,-1.565247584249852775e+00,2.236067977499789639e-01,1.788854381999831711e+00,2.683281572999747677e+00,2.683281572999747677e+00,1.788854381999831711e+00,8.944271909999158554e-01,-4.472135954999579277e-01,-1.118033988749894903e+00,8.944271909999158554e-01,1.118033988749894903e+00,-6.708203932499369193e-01,-2.236067977499789805e+00,-8.944271909999158554e-01,-4.472135954999579277e-01,-2.236067977499789639e-01,-4.472135954999579277e-01,-1.118033988749894903e+00,-1.341640786499873839e+00,-1.341640786499873839e+00,-2.236067977499789805e+00,-4.472135954999579277e-01,-4.472135954999579277e-01,-1.788854381999831711e+00,-6.708203932499369193e-01,-1.565247584249852775e+00,-1.565247584249852775e+00,-2.459674775249768519e+00,-8.944271909999158554e-01,2.236067977499789639e-01,4.472135954999579277e-01,2.236067977499789639e-01,6.708203932499369193e-01,1.341640786499873839e+00,-2.236067977499789639e-01,-6.708203932499369193e-01,-1.788854381999831711e+00,-2.459674775249768519e+00,-2.683281572999747677e+00,-2.683281572999747677e+00,-1.118033988749894903e+00,-1.118033988749894903e+00,-2.012461179749810647e+00,-1.565247584249852775e+00,-3.577708763999663422e+00,-3.354101966249684263e+00,-3.354101966249684263e+00,-2.459674775249768519e+00,-2.236067977499789805e+00,-2.906888370749726391e+00,-2.459674775249768519e+00,-2.459674775249768519e+00,-2.459674775249768519e+00,-3.801315561749642136e+00,-5.590169943749473624e+00,-6.260990336999411099e+00,-7.379024325749306001e+00,-5.813776741499452783e+00,-6.037383539249431941e+00,-4.024922359499621294e+00,-3.354101966249684263e+00,-2.906888370749726391e+00,-4.695742752749557880e+00,-4.024922359499621294e+00,-1.788854381999831711e+00,-4.472135954999579277e-01,-1.565247584249852775e+00,-1.118033988749894903e+00,-8.944271909999158554e-01,-6.708203932499369193e-01,-1.118033988749894903e+00,-2.906888370749726391e+00,-3.130495168499705549e+00,-1.788854381999831711e+00,-1.788854381999831711e+00,-2.906888370749726391e+00,-4.472135954999579610e+00,-4.024922359499621294e+00,-2.012461179749810647e+00,-2.906888370749726391e+00,-1.118033988749894903e+00,-8.944271909999158554e-01,-8.944271909999158554e-01,-1.788854381999831711e+00,-1.341640786499873839e+00,-1.788854381999831711e+00,-2.236067977499789639e-01,-2.236067977499789805e+00,-1.565247584249852775e+00,-1.118033988749894903e+00,-1.341640786499873839e+00,-1.341640786499873839e+00,-4.472135954999579277e-01,-6.708203932499369193e-01,1.341640786499873839e+00,2.459674775249768519e+00,2.459674775249768519e+00,4.695742752749557880e+00,3.354101966249684263e+00,4.024922359499621294e+00,4.695742752749557880e+00,3.801315561749642136e+00,3.130495168499705549e+00,3.354101966249684263e+00,5.142956348249516196e+00,3.354101966249684263e+00,3.577708763999663422e+00,8.944271909999158554e-01,-1.788854381999831711e+00,-8.944271909999158554e-01,-2.236067977499789639e-01,1.565247584249852775e+00,-2.236067977499789639e-01,-4.472135954999579277e-01,-1.565247584249852775e+00,-1.565247584249852775e+00,0.000000000000000000e+00,-2.236067977499789639e-01,-2.236067977499789639e-01,-8.944271909999158554e-01,-6.708203932499369193e-01,-1.788854381999831711e+00,-2.459674775249768519e+00,-8.944271909999158554e-01,-6.708203932499369193e-01,0.000000000000000000e+00,0.000000000000000000e+00,-6.708203932499369193e-01,-2.236067977499789639e-01,1.118033988749894903e+00,1.118033988749894903e+00,6.708203932499369193e-01,1.788854381999831711e+00,6.708203932499369193e-01,1.341640786499873839e+00,2.012461179749810647e+00,2.236067977499789805e+00,1.565247584249852775e+00,2.012461179749810647e+00,2.012461179749810647e+00,8.944271909999158554e-01,4.472135954999579277e-01,6.708203932499369193e-01,1.788854381999831711e+00,6.708203932499369193e-01,1.565247584249852775e+00,2.236067977499789805e+00,1.788854381999831711e+00,1.341640786499873839e+00,0.000000000000000000e+00,4.472135954999579277e-01,1.118033988749894903e+00,0.000000000000000000e+00,-4.472135954999579277e-01,-2.236067977499789639e-01,-1.118033988749894903e+00,-2.236067977499789639e-01,-8.944271909999158554e-01,1.341640786499873839e+00,2.906888370749726391e+00,1.565247584249852775e+00,2.236067977499789639e-01,2.236067977499789639e-01,-6.708203932499369193e-01,-6.708203932499369193e-01,1.118033988749894903e+00,-6.708203932499369193e-01,-6.708203932499369193e-01,-4.472135954999579277e-01,1.341640786499873839e+00,1.565247584249852775e+00,2.236067977499789805e+00,3.130495168499705549e+00,1.118033988749894903e+00,1.118033988749894903e+00,2.236067977499789639e-01,-8.944271909999158554e-01,0.000000000000000000e+00,6.708203932499369193e-01,0.000000000000000000e+00,0.000000000000000000e+00,-6.708203932499369193e-01,8.944271909999158554e-01,2.236067977499789639e-01,-2.236067977499789639e-01,0.000000000000000000e+00,-2.236067977499789639e-01,1.118033988749894903e+00,8.944271909999158554e-01,6.708203932499369193e-01,1.788854381999831711e+00,2.236067977499789805e+00,-1.118033988749894903e+00,-1.788854381999831711e+00,-1.788854381999831711e+00,-2.012461179749810647e+00,-1.118033988749894903e+00,-2.236067977499789639e-01,-2.236067977499789639e-01,-6.708203932499369193e-01,-3.130495168499705549e+00,-2.683281572999747677e+00,-3.577708763999663422e+00,-2.012461179749810647e+00,-1.118033988749894903e+00,-1.788854381999831711e+00,-2.236067977499789805e+00,-2.906888370749726391e+00,-1.788854381999831711e+00,-2.012461179749810647e+00,-2.683281572999747677e+00,-6.708203932499369193e-01,-2.236067977499789639e-01,-4.472135954999579277e-01,0.000000000000000000e+00,-1.788854381999831711e+00,-1.565247584249852775e+00,-2.012461179749810647e+00,-1.341640786499873839e+00,-2.683281572999747677e+00,-2.012461179749810647e+00,-1.565247584249852775e+00,-2.459674775249768519e+00,-8.944271909999158554e-01,-1.341640786499873839e+00,-2.459674775249768519e+00,-3.577708763999663422e+00,-4.919349550499537038e+00,-5.366563145999495354e+00,-5.142956348249516196e+00,-5.142956348249516196e+00,-5.142956348249516196e+00,-5.366563145999495354e+00,-6.484597134749389369e+00,-6.708203932499368527e+00,-6.037383539249431941e+00,-3.354101966249684263e+00,-3.354101966249684263e+00,-3.130495168499705549e+00,-2.683281572999747677e+00,-2.683281572999747677e+00,-4.919349550499537038e+00,-2.906888370749726391e+00,-2.012461179749810647e+00,0.000000000000000000e+00,-6.708203932499369193e-01,-2.906888370749726391e+00,-4.472135954999579610e+00,-4.248529157249600452e+00,-3.801315561749642136e+00,-3.354101966249684263e+00,-4.248529157249600452e+00,-3.577708763999663422e+00,-2.236067977499789805e+00,-2.683281572999747677e+00,-2.683281572999747677e+00,-1.341640786499873839e+00,-2.012461179749810647e+00,-1.788854381999831711e+00,-1.788854381999831711e+00,-1.788854381999831711e+00,-8.944271909999158554e-01,0.000000000000000000e+00,8.944271909999158554e-01,-2.012461179749810647e+00,-1.788854381999831711e+00,-2.459674775249768519e+00,-2.236067977499789639e-01,-3.801315561749642136e+00,-2.683281572999747677e+00,-1.788854381999831711e+00,-2.683281572999747677e+00,-3.577708763999663422e+00,2.236067977499789639e-01,6.708203932499369193e-01,1.118033988749894903e+00,2.683281572999747677e+00,3.801315561749642136e+00,2.236067977499789805e+00,1.788854381999831711e+00,1.788854381999831711e+00,-2.236067977499789639e-01,-8.944271909999158554e-01,-1.565247584249852775e+00,-1.565247584249852775e+00,-3.577708763999663422e+00,-3.801315561749642136e+00,-4.472135954999579610e+00,-3.801315561749642136e+00,-4.695742752749557880e+00,-3.354101966249684263e+00,-2.012461179749810647e+00,-2.236067977499789805e+00,-2.459674775249768519e+00,-2.236067977499789805e+00,-2.906888370749726391e+00,-2.906888370749726391e+00,-3.577708763999663422e+00,-2.683281572999747677e+00,-1.118033988749894903e+00,-2.459674775249768519e+00,-2.012461179749810647e+00,-3.130495168499705549e+00,-3.801315561749642136e+00,-2.012461179749810647e+00,4.472135954999579277e-01,-4.472135954999579277e-01,-1.118033988749894903e+00,-2.236067977499789639e-01,-6.708203932499369193e-01,6.708203932499369193e-01,8.944271909999158554e-01,2.236067977499789639e-01,6.708203932499369193e-01,6.708203932499369193e-01,0.000000000000000000e+00,-2.236067977499789639e-01,-2.236067977499789639e-01,1.788854381999831711e+00,1.118033988749894903e+00,1.341640786499873839e+00,2.236067977499789805e+00,1.341640786499873839e+00,1.788854381999831711e+00,4.472135954999579277e-01,2.236067977499789639e-01,-6.708203932499369193e-01,-2.236067977499789639e-01,-6.708203932499369193e-01,-1.341640786499873839e+00,-3.577708763999663422e+00,-1.788854381999831711e+00,-1.118033988749894903e+00,-1.788854381999831711e+00,-1.565247584249852775e+00,-2.012461179749810647e+00,-3.354101966249684263e+00,-3.577708763999663422e+00,-4.472135954999579610e+00,-4.472135954999579610e+00,-3.577708763999663422e+00,-2.906888370749726391e+00,-2.459674775249768519e+00,-4.472135954999579277e-01,2.236067977499789639e-01,-2.012461179749810647e+00,-2.236067977499789805e+00,-1.341640786499873839e+00,-2.236067977499789639e-01,-6.708203932499369193e-01,-8.944271909999158554e-01,-6.708203932499369193e-01,-1.341640786499873839e+00,-2.683281572999747677e+00,-2.012461179749810647e+00,-2.012461179749810647e+00,-2.459674775249768519e+00,-1.788854381999831711e+00,8.944271909999158554e-01,6.708203932499369193e-01,1.118033988749894903e+00,3.801315561749642136e+00,2.012461179749810647e+00,1.118033988749894903e+00,1.565247584249852775e+00,2.906888370749726391e+00,2.459674775249768519e+00,1.341640786499873839e+00,2.459674775249768519e+00,2.683281572999747677e+00,2.012461179749810647e+00,2.459674775249768519e+00,2.683281572999747677e+00,1.341640786499873839e+00,-4.472135954999579277e-01,-1.565247584249852775e+00,-1.341640786499873839e+00,-2.236067977499789639e-01,2.236067977499789639e-01,-2.459674775249768519e+00,-1.565247584249852775e+00,-2.683281572999747677e+00,-2.012461179749810647e+00,-2.683281572999747677e+00,-3.577708763999663422e+00,-2.683281572999747677e+00,4.472135954999579277e-01,6.708203932499369193e-01,6.708203932499369193e-01,-2.236067977499789639e-01,-8.944271909999158554e-01,-3.130495168499705549e+00,-2.459674775249768519e+00,-2.683281572999747677e+00,-2.236067977499789805e+00,-4.472135954999579277e-01,0.000000000000000000e+00,-4.472135954999579277e-01,2.236067977499789639e-01,8.944271909999158554e-01,8.944271909999158554e-01,1.565247584249852775e+00,2.012461179749810647e+00,3.130495168499705549e+00,3.354101966249684263e+00,2.683281572999747677e+00,1.788854381999831711e+00,1.341640786499873839e+00,2.012461179749810647e+00,3.577708763999663422e+00,5.366563145999495354e+00,5.142956348249516196e+00,4.919349550499537038e+00,4.024922359499621294e+00,2.012461179749810647e+00,1.565247584249852775e+00,1.565247584249852775e+00,3.577708763999663422e+00,2.683281572999747677e+00
2.236067977499789805e+00,4.695742752749557880e+00,3.801315561749642136e+00,4.919349550499537038e+00,2.683281572999747677e+00,3.130495168499705549e+00,1.118033988749894903e+00,1.118033988749894903e+00,3.130495168499705549e+00,4.248529157249600452e+00,7.155417527999326843e+00,6.484597134749389369e+00,6.931810730249347685e+00,5.813776741499452783e+00,4.472135954999579610e+00,4.919349550499537038e+00,1.565247584249852775e+00,8.944271909999158554e-01,2.236067977499789639e-01,-6.708203932499369193e-01,-2.236067977499789805e+00,-2.683281572999747677e+00,-2.459674775249768519e+00,-1.565247584249852775e+00,-6.708203932499369193e-01,1.565247584249852775e+00,1.565247584249852775e+00,3.577708763999663422e+00,4.695742752749557880e+00,7.155417527999326843e+00,8.049844718999242588e+00,8.273451516749220858e+00,5.813776741499452783e+00,6.260990336999411099e+00,4.248529157249600452e+00,3.801315561749642136e+00,4.248529157249600452e+00,2.906888370749726391e+00,1.341640786499873839e+00,1.118033988749894903e+00,1.118033988749894903e+00,1.118033988749894903e+00,1.118033988749894903e+00,-1.341640786499873839e+00,-1.565247584249852775e+00,-3.130495168499705549e+00,-4.248529157249600452e+00,-5.590169943749473624e+00,-3.577708763999663422e+00,-3.354101966249684263e+00,-3.577708763999663422e+00,-3.577708763999663422e+00,-2.683281572999747677e+00,-3.130495168499705549e+00,-2.906888370749726391e+00,-2.012461179749810647e+00,-3.354101966249684263e+00,-3.577708763999663422e+00,-2.906888370749726391e+00,-3.801315561749642136e+00,-5.142956348249516196e+00,-4.248529157249600452e+00,-3.130495168499705549e+00,-6.708203932499369193e-01,4.472135954999579277e-01,-4.472135954999579277e-01,-2.683281572999747677e+00,-4.248529157249600452e+00,-4.919349550499537038e+00,-4.248529157249600452e+00,-4.248529157249600452e+00,-6.037383539249431941e+00,-6.037383539249431941e+00,-4.695742752749557880e+00,-4.695742752749557880e+00,-3.577708763999663422e+00,-3.354101966249684263e+00,-3.130495168499705549e+00,-2.906888370749726391e+00,-2.683281572999747677e+00,-2.236067977499789639e-01,-8.944271909999158554e-01,0.000000000000000000e+00,1.565247584249852775e+00,3.577708763999663422e+00,3.801315561749642136e+00,1.565247584249852775e+00,2.459674775249768519e+00,2.012461179749810647e+00,1.788854381999831711e+00,2.906888370749726391e+00,3.130495168499705549e+00,2.683281572999747677e+00,2.906888370749726391e+00,3.801315561749642136e+00,2.906888370749726391e+00,4.472135954999579277e-01,-2.459674775249768519e+00,-3.577708763999663422e+00,-3.130495168499705549e+00,-2.683281572999747677e+00,-3.130495168499705549e+00,-4.472135954999579277e-01,0.000000000000000000e+00,-2.236067977499789639e-01,-4.024922359499621294e+00,-3.354101966249684263e+00,-3.801315561749642136e+00,-4.248529157249600452e+00,-4.248529157249600452e+00,-4.024922359499621294e+00,-1.565247584249852775e+00,-4.472135954999579277e-01,-8.944271909999158554e-01,-2.236067977499789805e+00,-2.683281572999747677e+00,-3.801315561749642136e+00,-3.801315561749642136e+00,-2.906888370749726391e+00,-4.248529157249600452e+00,-6.708203932499368527e+00,-6.484597134749389369e+00,-6.708203932499368527e+00,-6.931810730249347685e+00,-5.813776741499452783e+00,-4.919349550499537038e+00,-5.142956348249516196e+00,-5.590169943749473624e+00,-4.248529157249600452e+00,-2.459674775249768519e+00,-2.906888370749726391e+00,-5.813776741499452783e+00,-6.931810730249347685e+00,-7.602631123499284271e+00,-6.708203932499368527e+00,-4.248529157249600452e+00,-5.142956348249516196e+00,-4.248529157249600452e+00,-6.260990336999411099e+00,-4.919349550499537038e+00,-5.590169943749473624e+00,-4.024922359499621294e+00,-2.683281572999747677e+00,-1.565247584249852775e+00,-1.341640786499873839e+00,-4.472135954999579277e-01,-8.944271909999158554e-01,1.118033988749894903e+00,1.341640786499873839e+00,6.708203932499369193e-01,1.565247584249852775e+00,3.130495168499705549e+00,2.906888370749726391e+00,3.801315561749642136e+00,3.354101966249684263e+00,2.459674775249768519e+00,2.459674775249768519e+00,1.788854381999831711e+00,2.012461179749810647e+00,1.341640786499873839e+00,1.118033988749894903e+00,2.906888370749726391e+00,2.459674775249768519e+00,1.341640786499873839e+00,1.788854381999831711e+00,1.788854381999831711e+00,-4.472135954999579277e-01,-6.708203932499369193e-01,-6.708203932499369193e-01,0.000000000000000000e+00,-4.472135954999579277e-01,-1.341640786499873839e+00,2.236067977499789639e-01,2.459674775249768519e+00,4.472135954999579277e-01,2.683281572999747677e+00,4.024922359499621294e+00,6.260990336999411099e+00,6.708203932499368527e+00,6.931810730249347685e+00,7.155417527999326843e+00,8.497058314499200904e+00,7.826237921249263430e+00,7.602631123499284271e+00,8.497058314499200904e+00,8.497058314499200904e+00,7.379024325749306001e+00,8.049844718999242588e+00,6.260990336999411099e+00,4.472135954999579610e+00,4.472135954999579610e+00,4.472135954999579610e+00,5.142956348249516196e+00,3.801315561749642136e+00,6.260990336999411099e+00,5.590169943749473624e+00,6.931810730249347685e+00,5.590169943749473624e+00,3.354101966249684263e+00,4.024922359499621294e+00,4.024922359499621294e+00,4.248529157249600452e+00,2.683281572999747677e+00,3.354101966249684263e+00,3.801315561749642136e+00,4.248529157249600452e+00,2.683281572999747677e+00,1.565247584249852775e+00,2.236067977499789639e-01,0.000000000000000000e+00,2.459674775249768519e+00,2.012461179749810647e+00,2.236067977499789805e+00,1.788854381999831711e+00,1.341640786499873839e+00,3.354101966249684263e+00,3.130495168499705549e+00,2.683281572999747677e+00,1.565247584249852775e+00,1.118033988749894903e+00,0.000000000000000000e+00,0.000000000000000000e+00,4.472135954999579277e-01,1.341640786499873839e+00,2.236067977499789805e+00,1.788854381999831711e+00,2.236067977499789805e+00,2.683281572999747677e+00,4.472135954999579277e-01,-4.472135954999579277e-01,-1.118033988749894903e+00,-1.341640786499873839e+00,-1.341640786499873839e+00,4.472135954999579277e-01,1.118033988749894903e+00,8.944271909999158554e-01,8.944271909999158554e-01,2.236067977499789639e-01,0.000000000000000000e+00,-2.683281572999747677e+00,2.236067977499789639e-01,8.944271909999158554e-01,-2.236067977499789639e-01,-8.944271909999158554e-01,-6.708203932499369193e-01,-1.118033988749894903e+00,6.708203932499369193e-01,-2.236067977499789639e-01,2.236067977499789639e-01,6.708203932499369193e-01,0.000000000000000000e+00,2.459674775249768519e+00,1.118033988749894903e+00,1.788854381999831711e+00,8.944271909999158554e-01,-2.236067977499789639e-01,6.708203932499369193e-01,8.944271909999158554e-01,6.708203932499369193e-01,1.788854381999831711e+00,2.236067977499789639e-01,-6.708203932499369193e-01,-1.565247584249852775e+00,-2.236067977499789805e+00,-2.906888370749726391e+00,-2.906888370749726391e+00,-1.341640786499873839e+00,-3.577708763999663422e+00,-4.695742752749557880e+00,-4.248529157249600452e+00,-1.788854381999831711e+00,-2.459674775249768519e+00,-1.565247584249852775e+00,-1.118033988749894903e+00,-1.565247584249852775e+00,-1.118033988749894903e+00,-1.118033988749894903e+00,-1.118033988749894903e+00,4.472135954999579277e-01,8.944271909999158554e-01,-6.708203932499369193e-01,4.472135954999579277e-01,6.708203932499369193e-01,2.683281572999747677e+00,2.906888370749726391e+00,3.354101966249684263e+00,-2.236067977499789639e-01,4.472135954999579277e-01,1.341640786499873839e+00,1.788854381999831711e+00,4.472135954999579277e-01,0.000000000000000000e+00,8.944271909999158554e-01,2.906888370749726391e+00,3.577708763999663422e+00,5.366563145999495354e+00,5.590169943749473624e+00,5.366563145999495354e+00,3.801315561749642136e+00,2.012461179749810647e+00,4.472135954999579277e-01,-4.472135954999579277e-01,-4.472135954999579277e-01,0.000000000000000000e+00,1.118033988749894903e+00,0.000000000000000000e+00,-8.944271909999158554e-01,-4.472135954999579277e-01,2.236067977499789639e-01,2.683281572999747677e+00,4.024922359499621294e+00,3.801315561749642136e+00,3.577708763999663422e+00,4.472135954999579610e+00,3.801315561749642136e+00,3.130495168499705549e+00,2.683281572999747677e+00,2.683281572999747677e+00,-1.118033988749894903e+00,-2.459674775249768519e+00,-2.012461179749810647e+00,-1.565247584249852775e+00,-4.472135954999579610e+00,-4.472135954999579610e+00,-4.695742752749557880e+00,-4.919349550499537038e+00,-3.577708763999663422e+00,-4.024922359499621294e+00,-3.801315561749642136e+00,-2.683281572999747677e+00,0.000000000000000000e+00,1.788854381999831711e+00,4.472135954999579277e-01,-1.565247584249852775e+00,-1.341640786499873839e+00,-3.354101966249684263e+00,-2.459674775249768519e+00,-1.341640786499873839e+00,-2.906888370749726391e+00,-2.906888370749726391e+00,-1.565247584249852775e+00,-4.472135954999579277e-01,-2.236067977499789639e-01,1.788854381999831711e+00,1.788854381999831711e+00,2.236067977499789805e+00,2.683281572999747677e+00,1.341640786499873839e+00,1.118033988749894903e+00,-2.236067977499789639e-01,4.472135954999579277e-01,-4.472135954999579277e-01,0.000000000000000000e+00,-4.472135954999579277e-01,2.236067977499789639e-01,8.944271909999158554e-01,4.472135954999579277e-01,-4.472135954999579277e-01,-1.788854381999831711e+00,-2.459674775249768519e+00,-2.683281572999747677e+00,-3.130495168499705549e+00,-2.012461179749810647e+00,-1.118033988749894903e+00,-2.236067977499789805e+00,-2.236067977499789805e+00,-3.130495168499705549e+00,-2.459674775249768519e+00,-1.788854381999831711e+00,2.236067977499789639e-01,2.906888370749726391e+00,3.577708763999663422e+00,3.801315561749642136e+00,4.248529157249600452e+00,2.906888370749726391e+00,3.130495168499705549e+00,4.919349550499537038e+00,4.472135954999579610e+00,4.919349550499537038e+00,4.472135954999579610e+00,4.472135954999579610e+00,5.590169943749473624e+00,6.037383539249431941e+00,4.472135954999579610e+00,5.813776741499452783e+00,4.024922359499621294e+00,4.695742752749557880e+00,4.695742752749557880e+00,6.708203932499368527e+00,6.708203932499368527e+00,5.590169943749473624e+00,6.931810730249347685e+00,3.354101966249684263e+00,2.012461179749810647e+00,3.354101966249684263e+00,3.354101966249684263e+00,3.130495168499705549e+00,1.341640786499873839e+00,1.565247584249852775e+00,-6.708203932499369193e-01,-4.472135954999579277e-01,1.788854381999831711e+00,1.118033988749894903e+00,4.472135954999579277e-01,4.472135954999579277e-01,2.012461179749810647e+00,2.012461179749810647e+00,4.472135954999579610e+00,1.565247584249852775e+00,2.906888370749726391e+00,5.142956348249516196e+00,3.801315561749642136e+00,2.459674775249768519e+00,3.577708763999663422e+00,4.024922359499621294e+00,3.577708763999663422e+00,3.577708763999663422e+00,3.130495168499705549e+00,4.472135954999579610e+00,4.248529157249600452e+00,3.130495168499705549e+00,3.354101966249684263e+00,3.130495168499705549e+00,2.236067977499789805e+00,2.459674775249768519e+00,1.341640786499873839e+00,4.248529157249600452e+00,3.577708763999663422e+00,3.577708763999663422e+00,5.590169943749473624e+00,5.590169943749473624e+00,5.366563145999495354e+00,6.708203932499368527e+00,6.484597134749389369e+00,9.167878707749137490e+00,1.073312629199899071e+01,9.838699100999074076e+00,9.391485505499115760e+00,7.155417527999326843e+00,7.379024325749306001e+00,4.919349550499537038e+00,4.919349550499537038e+00,3.801315561749642136e+00,2.459674775249768519e+00,2.683281572999747677e+00,2.236067977499789805e+00,0.000000000000000000e+00,-4.472135954999579277e-01,-6.708203932499369193e-01,-4.472135954999579277e-01,4.472135954999579277e-01,-1.118033988749894903e+00,-1.565247584249852775e+00,-6.708203932499369193e-01,1.565247584249852775e+00,1.788854381999831711e+00,2.236067977499789805e+00,3.801315561749642136e+00,3.130495168499705549e+00,5.366563145999495354e+00,6.260990336999411099e+00,6.484597134749389369e+00,4.695742752749557880e+00,4.472135954999579610e+00,4.695742752749557880e+00,5.142956348249516196e+00,4.919349550499537038e+00,5.590169943749473624e+00,6.484597134749389369e+00,3.130495168499705549e+00,4.695742752749557880e+00,5.590169943749473624e+00,4.472135954999579610e+00,7.602631123499284271e+00,6.931810730249347685e+00,5.142956348249516196e+00,5.142956348249516196e+00,4.248529157249600452e+00,3.130495168499705549e+00,3.577708763999663422e+00,4.024922359499621294e+00,2.683281572999747677e+00,2.236067977499789805e+00,1.565247584249852775e+00,1.118033988749894903e+00,0.000000000000000000e+00,2.236067977499789639e-01,-1.341640786499873839e+00,-3.130495168499705549e+00,-3.577708763999663422e+00,-4.919349550499537038e+00,-4.472135954999579610e+00,-4.472135954999579610e+00,-4.919349550499537038e+00,-4.472135954999579610e+00,-4.024922359499621294e+00,-3.130495168499705549e+00,-4.248529157249600452e+00,-2.683281572999747677e+00,-1.788854381999831711e+00
-2.906888370749726391e+00,-2.236067977499789805e+00,-2.459674775249768519e+00,-4.695742752749557880e+00,-2.906888370749726391e+00,-1.788854381999831711e+00,-2.459674775249768519e+00,-3.354101966249684263e+00,-2.459674775249768519e+00,-3.801315561749642136e+00,-3.577708763999663422e+00,-3.354101966249684263e+00,-4.248529157249600452e+00,-3.577708763999663422e+00,-1.788854381999831711e+00,-1.341640786499873839e+00,-2.683281572999747677e+00,-4.472135954999579610e+00,-5.366563145999495354e+00,-4.024922359499621294e+00,-6.260990336999411099e+00,-5.590169943749473624e+00,-6.037383539249431941e+00,-5.142956348249516196e+00,-6.260990336999411099e+00,-7.826237921249263430e+00,-1.006230589874905235e+01,-9.167878707749137490e+00,-9.615092303249095806e+00,-9.167878707749137490e+00,-8.944271909999159220e+00,-1.185116028074888561e+01,-1.118033988749894725e+01,-9.391485505499115760e+00,-8.049844718999242588e+00,-8.049844718999242588e+00,-6.484597134749389369e+00,-8.273451516749220858e+00,-7.155417527999326843e+00,-8.273451516749220858e+00,-7.826237921249263430e+00,-8.049844718999242588e+00,-7.602631123499284271e+00,-9.391485505499115760e+00,-8.944271909999159220e+00,-7.826237921249263430e+00,-7.379024325749306001e+00,-8.497058314499200904e+00,-9.391485505499115760e+00,-6.484597134749389369e+00,-5.142956348249516196e+00,-3.801315561749642136e+00,-5.142956348249516196e+00,-3.577708763999663422e+00,-3.130495168499705549e+00,-2.012461179749810647e+00,-1.788854381999831711e+00,-8.944271909999158554e-01,-1.341640786499873839e+00,4.472135954999579277e-01,2.236067977499789639e-01,1.788854381999831711e+00,1.341640786499873839e+00,1.788854381999831711e+00,4.248529157249600452e+00,4.472135954999579610e+00,4.024922359499621294e+00,4.472135954999579610e+00,4.472135954999579610e+00,3.577708763999663422e+00,2.236067977499789805e+00,2.236067977499789805e+00,2.012461179749810647e+00,1.788854381999831711e+00,6.708203932499369193e-01,-4.472135954999579277e-01,-8.944271909999158554e-01,0.000000000000000000e+00,-4.472135954999579277e-01,4.472135954999579277e-01,2.236067977499789805e+00,4.472135954999579277e-01,-1.565247584249852775e+00,-3.577708763999663422e+00,-2.459674775249768519e+00,-2.683281572999747677e+00,-4.472135954999579610e+00,-4.248529157249600452e+00,-3.130495168499705549e+00,-3.801315561749642136e+00,-2.683281572999747677e+00,-2.683281572999747677e+00,-3.130495168499705549e+00,-5.142956348249516196e+00,-4.024922359499621294e+00,-2.906888370749726391e+00,-4.695742752749557880e+00,-4.248529157249600452e+00,-3.801315561749642136e+00,-2.459674775249768519e+00,-2.459674775249768519e+00,-2.683281572999747677e+00,-4.695742752749557880e+00,-3.130495168499705549e+00,-2.012461179749810647e+00,0.000000000000000000e+00,-1.118033988749894903e+00,-2.459674775249768519e+00,-2.236067977499789805e+00,0.000000000000000000e+00,-8.944271909999158554e-01,-2.012461179749810647e+00,-8.944271909999158554e-01,6.708203932499369193e-01,1.118033988749894903e+00,-1.565247584249852775e+00,-2.683281572999747677e+00,-2.683281572999747677e+00,-1.341640786499873839e+00,-2.683281572999747677e+00,-2.906888370749726391e+00,-1.565247584249852775e+00,-3.577708763999663422e+00,-4.024922359499621294e+00,-4.024922359499621294e+00,-2.683281572999747677e+00,-1.565247584249852775e+00,-6.708203932499369193e-01,-2.236067977499789805e+00,0.000000000000000000e+00,0.000000000000000000e+00,1.118033988749894903e+00,2.236067977499789805e+00,3.801315561749642136e+00,6.260990336999411099e+00,5.366563145999495354e+00,2.236067977499789805e+00,1.341640786499873839e+00,2.459674775249768519e+00,1.565247584249852775e+00,2.906888370749726391e+00,6.708203932499369193e-01,2.012461179749810647e+00,4.472135954999579277e-01,1.118033988749894903e+00,-2.236067977499789639e-01,-8.944271909999158554e-01,-6.708203932499369193e-01,-1.565247584249852775e+00,-2.012461179749810647e+00,-1.565247584249852775e+00,-3.354101966249684263e+00,-1.565247584249852775e+00,-3.130495168499705549e+00,-2.012461179749810647e+00,-3.130495168499705549e+00,-2.906888370749726391e+00,-1.788854381999831711e+00,-1.341640786499873839e+00,4.472135954999579277e-01,4.472135954999579277e-01,2.236067977499789639e-01,4.472135954999579277e-01,2.236067977499789639e-01,-1.118033988749894903e+00,0.000000000000000000e+00,1.341640786499873839e+00,3.801315561749642136e+00,5.142956348249516196e+00,2.906888370749726391e+00,2.459674775249768519e+00,2.683281572999747677e+00,5.142956348249516196e+00,7.602631123499284271e+00,9.167878707749137490e+00,6.708203932499368527e+00,6.484597134749389369e+00,7.379024325749306001e+00,6.037383539249431941e+00,3.801315561749642136e+00,3.801315561749642136e+00,3.801315561749642136e+00,3.801315561749642136e+00,5.813776741499452783e+00,4.695742752749557880e+00,3.801315561749642136e+00,3.130495168499705549e+00,2.459674775249768519e+00,1.788854381999831711e+00,0.000000000000000000e+00,-2.236067977499789639e-01,-4.472135954999579277e-01,2.236067977499789639e-01,-4.472135954999579277e-01,-2.236067977499789639e-01,1.341640786499873839e+00,4.472135954999579277e-01,1.565247584249852775e+00,-4.472135954999579277e-01,-6.708203932499369193e-01,8.944271909999158554e-01,-8.944271909999158554e-01,-6.708203932499369193e-01,-6.708203932499369193e-01,-4.472135954999579277e-01,-4.472135954999579277e-01,-1.788854381999831711e+00,-3.130495168499705549e+00,-3.354101966249684263e+00,-4.695742752749557880e+00,-6.037383539249431941e+00,-7.379024325749306001e+00,-6.708203932499368527e+00,-5.142956348249516196e+00,-5.142956348249516196e+00,-5.142956348249516196e+00,-4.248529157249600452e+00,-3.801315561749642136e+00,-4.472135954999579610e+00,-3.577708763999663422e+00,-1.341640786499873839e+00,0.000000000000000000e+00,-1.341640786499873839e+00,-1.341640786499873839e+00,-1.341640786499873839e+00,-1.565247584249852775e+00,-1.788854381999831711e+00,-2.683281572999747677e+00,-4.248529157249600452e+00,-3.801315561749642136e+00,-3.130495168499705549e+00,-2.683281572999747677e+00,-2.683281572999747677e+00,-2.236067977499789639e-01,-8.944271909999158554e-01,-1.118033988749894903e+00,1.341640786499873839e+00,2.236067977499789639e-01,-1.341640786499873839e+00,-1.788854381999831711e+00,-3.130495168499705549e+00,-1.565247584249852775e+00,-1.118033988749894903e+00,-2.012461179749810647e+00,-1.788854381999831711e+00,-1.565247584249852775e+00,-3.577708763999663422e+00,-2.906888370749726391e+00,-4.024922359499621294e+00,-5.366563145999495354e+00,-6.260990336999411099e+00,-4.024922359499621294e+00,-6.260990336999411099e+00,-7.155417527999326843e+00,-7.826237921249263430e+00,-9.167878707749137490e+00,-8.273451516749220858e+00,-6.708203932499368527e+00,-6.037383539249431941e+00,-6.708203932499368527e+00,-7.826237921249263430e+00,-8.497058314499200904e+00,-8.497058314499200904e+00,-7.826237921249263430e+00,-8.273451516749220858e+00,-8.273451516749220858e+00,-8.273451516749220858e+00,-6.260990336999411099e+00,-5.142956348249516196e+00,-4.024922359499621294e+00,-4.919349550499537038e+00,-3.354101966249684263e+00,-1.788854381999831711e+00,-2.012461179749810647e+00,-8.944271909999158554e-01,1.341640786499873839e+00,1.341640786499873839e+00,-4.472135954999579277e-01,-4.472135954999579277e-01,-1.118033988749894903e+00,-6.708203932499369193e-01,-2.236067977499789639e-01,-2.236067977499789639e-01,-2.012461179749810647e+00,-2.906888370749726391e+00,-3.577708763999663422e+00,-2.683281572999747677e+00,-2.236067977499789639e-01,2.236067977499789639e-01,-1.565247584249852775e+00,-2.906888370749726391e+00,-3.130495168499705549e+00,-2.236067977499789805e+00,-1.118033988749894903e+00,-1.565247584249852775e+00,-4.472135954999579277e-01,-8.944271909999158554e-01,-1.118033988749894903e+00,4.472135954999579277e-01,-1.118033988749894903e+00,-2.236067977499789805e+00,-2.236067977499789805e+00,-4.472135954999579277e-01,-4.472135954999579277e-01,-3.130495168499705549e+00,-5.590169943749473624e+00,-6.484597134749389369e+00,-6.708203932499368527e+00,-6.708203932499368527e+00,-7.602631123499284271e+00,-7.379024325749306001e+00,-5.142956348249516196e+00,-4.695742752749557880e+00,-4.695742752749557880e+00,-4.919349550499537038e+00,-3.577708763999663422e+00,-5.590169943749473624e+00,-4.248529157249600452e+00,-7.826237921249263430e+00,-5.813776741499452783e+00,-7.155417527999326843e+00,-8.273451516749220858e+00,-8.944271909999159220e+00,-9.615092303249095806e+00,-8.720665112249179174e+00,-9.167878707749137490e+00,-7.155417527999326843e+00,-5.590169943749473624e+00,-7.379024325749306001e+00,-5.366563145999495354e+00,-6.037383539249431941e+00,-6.708203932499368527e+00,-4.472135954999579610e+00,-3.801315561749642136e+00,-4.472135954999579610e+00,-5.813776741499452783e+00,-4.472135954999579610e+00,-5.813776741499452783e+00,-5.142956348249516196e+00,-3.801315561749642136e+00,-2.906888370749726391e+00,-3.130495168499705549e+00,-2.683281572999747677e+00,-2.012461179749810647e+00,-1.788854381999831711e+00,0.000000000000000000e+00,1.788854381999831711e+00,3.130495168499705549e+00,3.130495168499705549e+00,1.788854381999831711e+00,2.236067977499789639e-01,1.118033988749894903e+00,1.565247584249852775e+00,1.788854381999831711e+00,1.118033988749894903e+00,1.341640786499873839e+00,6.708203932499369193e-01,-2.236067977499789639e-01,6.708203932499369193e-01,2.012461179749810647e+00,8.944271909999158554e-01,-2.236067977499789639e-01,6.708203932499369193e-01,-2.236067977499789639e-01,-4.472135954999579277e-01,-2.459674775249768519e+00,-3.354101966249684263e+00,-2.683281572999747677e+00,-1.788854381999831711e+00,-4.695742752749557880e+00,-3.354101966249684263e+00,-4.024922359499621294e+00,-5.366563145999495354e+00,-4.248529157249600452e+00,-4.472135954999579610e+00,-5.590169943749473624e+00,-4.919349550499537038e+00,-3.130495168499705549e+00,-3.354101966249684263e+00,-4.248529157249600452e+00,-2.906888370749726391e+00,-2.683281572999747677e+00,-2.236067977499789805e+00,-2.459674775249768519e+00,-2.236067977499789805e+00,-2.683281572999747677e+00,6.708203932499369193e-01,1.788854381999831711e+00,1.788854381999831711e+00,1.341640786499873839e+00,1.565247584249852775e+00,3.130495168499705549e+00,1.565247584249852775e+00,1.118033988749894903e+00,1.565247584249852775e+00,2.683281572999747677e+00,4.024922359499621294e+00,3.801315561749642136e+00,1.118033988749894903e+00,1.118033988749894903e+00,4.472135954999579277e-01,-1.565247584249852775e+00,-1.341640786499873839e+00,-2.236067977499789639e-01,-1.565247584249852775e+00,-1.788854381999831711e+00,-3.130495168499705549e+00,-4.024922359499621294e+00,-4.919349550499537038e+00,-5.142956348249516196e+00,-5.366563145999495354e+00,-5.142956348249516196e+00,-4.695742752749557880e+00,-4.695742752749557880e+00,-4.695742752749557880e+00,-4.472135954999579610e+00,-2.683281572999747677e+00,-3.354101966249684263e+00,-4.024922359499621294e+00,-4.248529157249600452e+00,-4.248529157249600452e+00,-3.130495168499705549e+00,-4.024922359499621294e+00,-3.801315561749642136e+00,-3.801315561749642136e+00,-3.577708763999663422e+00,-4.024922359499621294e+00,-5.142956348249516196e+00,-5.590169943749473624e+00,-5.142956348249516196e+00,-2.906888370749726391e+00,-3.354101966249684263e+00,-2.459674775249768519e+00,-3.130495168499705549e+00,-4.472135954999579277e-01,-4.472135954999579277e-01,0.000000000000000000e+00,2.236067977499789805e+00,2.459674775249768519e+00,8.944271909999158554e-01,1.565247584249852775e+00,2.236067977499789805e+00,2.683281572999747677e+00,2.683281572999747677e+00,2.012461179749810647e+00,1.788854381999831711e+00,-6.708203932499369193e-01,0.000000000000000000e+00,6.708203932499369193e-01,2.236067977499789639e-01,0.000000000000000000e+00,-2.236067977499789805e+00,-2.683281572999747677e+00,-2.236067977499789805e+00,-4.024922359499621294e+00,-4.472135954999579610e+00,-4.248529157249600452e+00,-6.484597134749389369e+00,-6.260990336999411099e+00,-7.602631123499284271e+00,-8.497058314499200904e+00,-8.273451516749220858e+00,-8.720665112249179174e+00,-7.602631123499284271e+00,-8.720665112249179174e+00,-7.155417527999326843e+00,-6.484597134749389369e+00,-5.813776741499452783e+00,-5.142956348249516196e+00,-4.472135954999579610e+00,-4.472135954999579610e+00,-5.590169943749473624e+00,-5.142956348249516196e+00,-3.130495168499705549e+00,-2.236067977499789805e+00,-3.801315561749642136e+00,-5.366563145999495354e+00,-4.919349550499537038e+00,-4.248529157249600452e+00,-2.906888370749726391e+00,-8.944271909999158554e-01,-2.906888370749726391e+00,-4.024922359499621294e+00,-1.565247584249852775e+00,2.236067977499789639e-01,6.708203932499369193e-01,4.472135954999579277e-01,-4.472135954999579277e-01,2.236067977499789639e-01,8.944271909999158554e-01,-2.236067977499789639e-01,-6.708203932499369193e-01,1.118033988749894903e+00,8.944271909999158554e-01,2.683281572999747677e+00,2.459674775249768519e+00,3.354101966249684263e+00,4.024922359499621294e+00,5.590169943749473624e+00,5.366563145999495354e+00
-3.354101966249684263e+00,-4.024922359499621294e+00,-5.142956348249516196e+00,-5.142956348249516196e+00,-4.919349550499537038e+00,-4.248529157249600452e+00,-4.472135954999579610e+00,-5.590169943749473624e+00,-4.024922359499621294e+00,-3.130495168499705549e+00,-1.565247584249852775e+00,-2.012461179749810647e+00,-4.472135954999579277e-01,-1.565247584249852775e+00,-6.708203932499369193e-01,6.708203932499369193e-01,1.788854381999831711e+00,4.472135954999579277e-01,-6.708203932499369193e-01,-2.459674775249768519e+00,-4.472135954999579277e-01,2.236067977499789639e-01,-2.236067977499789639e-01,4.472135954999579277e-01,1.565247584249852775e+00,2.012461179749810647e+00,1.118033988749894903e+00,4.472135954999579277e-01,-1.341640786499873839e+00,-6.708203932499369193e-01,2.236067977499789639e-01,2.236067977499789805e+00,1.341640786499873839e+00,2.906888370749726391e+00,2.012461179749810647e+00,1.341640786499873839e+00,2.236067977499789805e+00,3.354101966249684263e+00,3.130495168499705549e+00,2.012461179749810647e+00,4.248529157249600452e+00,3.354101966249684263e+00,2.906888370749726391e+00,1.341640786499873839e+00,4.472135954999579277e-01,0.000000000000000000e+00,-2.236067977499789639e-01,-1.341640786499873839e+00,-2.236067977499789805e+00,-2.236067977499789639e-01,8.944271909999158554e-01,1.565247584249852775e+00,2.683281572999747677e+00,3.801315561749642136e+00,5.142956348249516196e+00,6.484597134749389369e+00,4.472135954999579610e+00,2.906888370749726391e+00,4.248529157249600452e+00,3.354101966249684263e+00,2.906888370749726391e+00,3.130495168499705549e+00,1.565247584249852775e+00,6.708203932499369193e-01,6.708203932499369193e-01,2.236067977499789639e-01,0.000000000000000000e+00,1.341640786499873839e+00,1.341640786499873839e+00,6.708203932499369193e-01,-2.012461179749810647e+00,-3.130495168499705549e+00,-3.354101966249684263e+00,-2.459674775249768519e+00,-2.683281572999747677e+00,-3.130495168499705549e+00,-3.354101966249684263e+00,-4.024922359499621294e+00,-4.695742752749557880e+00,-4.024922359499621294e+00,-2.906888370749726391e+00,-1.565247584249852775e+00,-1.118033988749894903e+00,-1.788854381999831711e+00,-4.248529157249600452e+00,-4.472135954999579610e+00,-3.577708763999663422e+00,-3.130495168499705549e+00,-3.354101966249684263e+00,-3.577708763999663422e+00,-2.906888370749726391e+00,-2.012461179749810647e+00,-8.944271909999158554e-01,-3.354101966249684263e+00,-5.142956348249516196e+00,-3.801315561749642136e+00,-4.024922359499621294e+00,-4.248529157249600452e+00,-3.130495168499705549e+00,-2.683281572999747677e+00,-3.354101966249684263e+00,-4.472135954999579610e+00,-5.142956348249516196e+00,-4.695742752749557880e+00,-5.813776741499452783e+00,-5.142956348249516196e+00,-2.236067977499789805e+00,4.472135954999579277e-01,6.708203932499369193e-01,2.236067977499789639e-01,1.341640786499873839e+00,2.236067977499789639e-01,1.788854381999831711e+00,1.788854381999831711e+00,2.012461179749810647e+00,2.459674775249768519e+00,2.683281572999747677e+00,4.248529157249600452e+00,4.695742752749557880e+00,4.472135954999579610e+00,3.130495168499705549e+00,3.577708763999663422e+00,4.024922359499621294e+00,6.037383539249431941e+00,4.919349550499537038e+00,4.248529157249600452e+00,3.801315561749642136e+00,3.577708763999663422e+00,4.919349550499537038e+00,4.472135954999579610e+00,3.130495168499705549e+00,2.683281572999747677e+00,1.788854381999831711e+00,2.236067977499789805e+00,1.565247584249852775e+00,4.472135954999579277e-01,-2.236067977499789639e-01,-2.236067977499789639e-01,-8.944271909999158554e-01,0.000000000000000000e+00,1.118033988749894903e+00,2.236067977499789805e+00,-2.236067977499789639e-01,1.118033988749894903e+00,1.565247584249852775e+00,8.944271909999158554e-01,1.788854381999831711e+00,1.341640786499873839e+00,1.341640786499873839e+00,2.906888370749726391e+00,2.906888370749726391e+00,3.354101966249684263e+00,2.236067977499789805e+00,1.341640786499873839e+00,1.788854381999831711e+00,6.708203932499369193e-01,2.236067977499789639e-01,-2.236067977499789805e+00,-1.118033988749894903e+00,-6.708203932499369193e-01,2.236067977499789639e-01,1.565247584249852775e+00,1.341640786499873839e+00,6.708203932499369193e-01,0.000000000000000000e+00,-1.788854381999831711e+00,-1.565247584249852775e+00,-2.236067977499789805e+00,-3.354101966249684263e+00,-2.906888370749726391e+00,-2.459674775249768519e+00,-3.577708763999663422e+00,-4.248529157249600452e+00,-4.024922359499621294e+00,-4.024922359499621294e+00,-3.801315561749642136e+00,-3.354101966249684263e+00,-2.236067977499789805e+00,-1.788854381999831711e+00,-8.944271909999158554e-01,1.118033988749894903e+00,1.341640786499873839e+00,1.565247584249852775e+00,1.341640786499873839e+00,3.577708763999663422e+00,2.236067977499789805e+00,4.472135954999579277e-01,-1.341640786499873839e+00,-8.944271909999158554e-01,2.236067977499789639e-01,6.708203932499369193e-01,2.459674775249768519e+00,4.472135954999579277e-01,0.000000000000000000e+00,-1.788854381999831711e+00,-2.906888370749726391e+00,-1.788854381999831711e+00,-2.236067977499789639e-01,0.000000000000000000e+00,8.944271909999158554e-01,2.236067977499789639e-01,8.944271909999158554e-01,6.708203932499369193e-01,6.708203932499369193e-01,-6.708203932499369193e-01,8.944271909999158554e-01,-8.944271909999158554e-01,-1.341640786499873839e+00,-6.708203932499369193e-01,-4.472135954999579277e-01,-2.906888370749726391e+00,-4.248529157249600452e+00,-3.577708763999663422e+00,-5.590169943749473624e+00,-7.602631123499284271e+00,-8.273451516749220858e+00,-9.838699100999074076e+00,-8.049844718999242588e+00,-8.049844718999242588e+00,-8.273451516749220858e+00,-7.155417527999326843e+00,-7.826237921249263430e+00,-9.167878707749137490e+00,-6.484597134749389369e+00,-5.142956348249516196e+00,-4.248529157249600452e+00,-3.577708763999663422e+00,-2.683281572999747677e+00,-1.118033988749894903e+00,-2.012461179749810647e+00,-3.130495168499705549e+00,2.236067977499789639e-01,0.000000000000000000e+00,-2.012461179749810647e+00,-2.012461179749810647e+00,-2.012461179749810647e+00,-2.012461179749810647e+00,-3.130495168499705549e+00,-3.130495168499705549e+00,-3.130495168499705549e+00,-3.354101966249684263e+00,-2.906888370749726391e+00,-4.695742752749557880e+00,-3.130495168499705549e+00,-1.788854381999831711e+00,-2.236067977499789639e-01,-8.944271909999158554e-01,-6.708203932499369193e-01,-1.341640786499873839e+00,-2.459674775249768519e+00,-4.695742752749557880e+00,-3.801315561749642136e+00,-3.577708763999663422e+00,-3.354101966249684263e+00,-4.248529157249600452e+00,-4.695742752749557880e+00,-5.366563145999495354e+00,-3.130495168499705549e+00,-1.341640786499873839e+00,-2.459674775249768519e+00,-4.472135954999579277e-01,-2.906888370749726391e+00,-4.695742752749557880e+00,-4.695742752749557880e+00,-5.813776741499452783e+00,-6.484597134749389369e+00,-6.484597134749389369e+00,-6.931810730249347685e+00,-7.155417527999326843e+00,-3.130495168499705549e+00,-2.906888370749726391e+00,-2.459674775249768519e+00,-1.341640786499873839e+00,-1.118033988749894903e+00,-2.906888370749726391e+00,-3.577708763999663422e+00,-2.683281572999747677e+00,-4.695742752749557880e+00,-4.024922359499621294e+00,-5.590169943749473624e+00,-8.273451516749220858e+00,-7.826237921249263430e+00,-8.049844718999242588e+00,-6.037383539249431941e+00,-4.472135954999579610e+00,-2.906888370749726391e+00,-1.788854381999831711e+00,-2.236067977499789639e-01,8.944271909999158554e-01,4.472135954999579277e-01,-8.944271909999158554e-01,-6.708203932499369193e-01,-2.236067977499789639e-01,4.472135954999579277e-01,0.000000000000000000e+00,0.000000000000000000e+00,4.472135954999579277e-01,1.565247584249852775e+00,1.118033988749894903e+00,2.236067977499789805e+00,1.341640786499873839e+00,4.472135954999579277e-01,-4.472135954999579277e-01,6.708203932499369193e-01,-4.472135954999579277e-01,-1.788854381999831711e+00,-1.118033988749894903e+00,-2.236067977499789805e+00,-3.354101966249684263e+00,-2.683281572999747677e+00,-2.236067977499789805e+00,-2.459674775249768519e+00,-2.459674775249768519e+00,-3.130495168499705549e+00,-4.695742752749557880e+00,-5.813776741499452783e+00,-3.354101966249684263e+00,-2.683281572999747677e+00,-2.683281572999747677e+00,-3.801315561749642136e+00,-5.142956348249516196e+00,-5.813776741499452783e+00,-4.472135954999579610e+00,-2.459674775249768519e+00,-3.354101966249684263e+00,-4.472135954999579277e-01,-4.472135954999579277e-01,-1.565247584249852775e+00,-8.944271909999158554e-01,-2.683281572999747677e+00,-2.459674775249768519e+00,-2.906888370749726391e+00,-1.341640786499873839e+00,-3.801315561749642136e+00,-4.695742752749557880e+00,-4.472135954999579610e+00,-5.142956348249516196e+00,-3.577708763999663422e+00,-6.708203932499369193e-01,8.944271909999158554e-01,-8.944271909999158554e-01,-1.565247584249852775e+00,-2.236067977499789805e+00,-1.118033988749894903e+00,-3.130495168499705549e+00,-2.012461179749810647e+00,-4.472135954999579610e+00,-3.577708763999663422e+00,-3.354101966249684263e+00,-3.801315561749642136e+00,-3.354101966249684263e+00,-3.577708763999663422e+00,-4.024922359499621294e+00,-3.354101966249684263e+00,-3.801315561749642136e+00,-5.366563145999495354e+00,-6.037383539249431941e+00,-5.142956348249516196e+00,-6.037383539249431941e+00,-4.472135954999579610e+00,-6.037383539249431941e+00,-5.366563145999495354e+00,-6.260990336999411099e+00,-5.366563145999495354e+00,-4.472135954999579610e+00,-4.248529157249600452e+00,-5.590169943749473624e+00,-6.037383539249431941e+00,-5.813776741499452783e+00,-6.484597134749389369e+00,-7.602631123499284271e+00,-6.037383539249431941e+00,-6.260990336999411099e+00,-6.708203932499368527e+00,-6.484597134749389369e+00,-5.813776741499452783e+00,-4.919349550499537038e+00,-4.024922359499621294e+00,-4.248529157249600452e+00,-3.130495168499705549e+00,-3.354101966249684263e+00,-3.801315561749642136e+00,-4.919349550499537038e+00,-4.248529157249600452e+00,-4.024922359499621294e+00,-2.683281572999747677e+00,-2.683281572999747677e+00,-3.577708763999663422e+00,-4.472135954999579610e+00,-3.130495168499705549e+00,-2.459674775249768519e+00,-2.906888370749726391e+00,-5.142956348249516196e+00,-4.695742752749557880e+00,-8.944271909999158554e-01,2.236067977499789639e-01,8.944271909999158554e-01,4.472135954999579277e-01,1.565247584249852775e+00,1.118033988749894903e+00,2.012461179749810647e+00,3.354101966249684263e+00,3.354101966249684263e+00,2.459674775249768519e+00,1.788854381999831711e+00,2.906888370749726391e+00,3.130495168499705549e+00,4.695742752749557880e+00,3.130495168499705549e+00,8.944271909999158554e-01,2.236067977499789805e+00,2.012461179749810647e+00,2.459674775249768519e+00,1.565247584249852775e+00,4.472135954999579277e-01,2.236067977499789639e-01,2.236067977499789805e+00,1.565247584249852775e+00,4.472135954999579610e+00,5.590169943749473624e+00,5.142956348249516196e+00,4.695742752749557880e+00,4.472135954999579610e+00,2.683281572999747677e+00,-8.944271909999158554e-01,-3.577708763999663422e+00,-2.459674775249768519e+00,-5.366563145999495354e+00,-5.366563145999495354e+00,-4.695742752749557880e+00,-4.248529157249600452e+00,-4.472135954999579610e+00,-3.801315561749642136e+00,-4.919349550499537038e+00,-6.484597134749389369e+00,-5.813776741499452783e+00,-5.142956348249516196e+00,-5.366563145999495354e+00,-6.037383539249431941e+00,-4.695742752749557880e+00,-7.155417527999326843e+00,-7.826237921249263430e+00,-6.484597134749389369e+00,-6.708203932499368527e+00,-5.813776741499452783e+00,-6.484597134749389369e+00,-7.379024325749306001e+00,-5.813776741499452783e+00,-4.919349550499537038e+00,-8.720665112249179174e+00,-9.615092303249095806e+00,-9.838699100999074076e+00,-1.207476707849886388e+01,-1.229837387624884215e+01,-1.185116028074888561e+01,-1.073312629199899071e+01,-9.167878707749137490e+00,-9.167878707749137490e+00,-9.167878707749137490e+00,-8.497058314499200904e+00,-8.497058314499200904e+00,-8.944271909999159220e+00,-9.167878707749137490e+00,-1.050951949424901066e+01,-1.140394668524892730e+01,-1.050951949424901066e+01,-8.944271909999159220e+00,-8.944271909999159220e+00,-7.602631123499284271e+00,-6.037383539249431941e+00,-4.472135954999579610e+00,-3.801315561749642136e+00,-3.354101966249684263e+00,-1.565247584249852775e+00,-2.012461179749810647e+00,-1.788854381999831711e+00,2.236067977499789639e-01,1.788854381999831711e+00,2.012461179749810647e+00,4.472135954999579610e+00,4.248529157249600452e+00,3.130495168499705549e+00,4.472135954999579277e-01,-6.708203932499369193e-01,2.236067977499789639e-01,4.472135954999579277e-01,1.565247584249852775e+00,8.944271909999158554e-01,2.683281572999747677e+00,3.130495168499705549e+00,3.130495168499705549e+00,1.788854381999831711e+00,4.024922359499621294e+00,3.130495168499705549e+00,4.248529157249600452e+00,2.683281572999747677e+00,3.130495168499705549e+00,3.577708763999663422e+00,5.142956348249516196e+00,6.037383539249431941e+00
-2.683281572999747677e+00,-1.788854381999831711e+00,2.236067977499789639e-01,6.708203932499369193e-01,1.118033988749894903e+00,2.683281572999747677e+00,1.788854381999831711e+00,3.354101966249684263e+00,3.577708763999663422e+00,1.341640786499873839e+00,1.788854381999831711e+00,1.788854381999831711e+00,2.236067977499789639e-01,2.683281572999747677e+00,2.906888370749726391e+00,1.341640786499873839e+00,2.012461179749810647e+00,1.118033988749894903e+00,8.944271909999158554e-01,2.236067977499789639e-01,-6.708203932499369193e-01,-4.472135954999579277e-01,2.236067977499789639e-01,-2.012461179749810647e+00,-1.341640786499873839e+00,-8.944271909999158554e-01,8.944271909999158554e-01,0.000000000000000000e+00,-6.708203932499369193e-01,-2.236067977499789805e+00,-1.341640786499873839e+00,0.000000000000000000e+00,1.788854381999831711e+00,-2.236067977499789639e-01,4.472135954999579277e-01,-2.236067977499789639e-01,-6.708203932499369193e-01,-2.236067977499789639e-01,2.236067977499789639e-01,2.236067977499789639e-01,-1.788854381999831711e+00,0.000000000000000000e+00,-4.472135954999579277e-01,-6.708203932499369193e-01,0.000000000000000000e+00,2.906888370749726391e+00,2.012461179749810647e+00,1.565247584249852775e+00,8.944271909999158554e-01,-4.472135954999579277e-01,4.472135954999579277e-01,-4.472135954999579277e-01,4.472135954999579277e-01,-1.341640786499873839e+00,-2.906888370749726391e+00,-2.683281572999747677e+00,-2.683281572999747677e+00,-1.341640786499873839e+00,-4.472135954999579277e-01,1.788854381999831711e+00,2.012461179749810647e+00,4.472135954999579277e-01,2.459674775249768519e+00,2.459674775249768519e+00,3.130495168499705549e+00,1.788854381999831711e+00,1.565247584249852775e+00,6.708203932499369193e-01,4.472135954999579277e-01,8.944271909999158554e-01,4.472135954999579277e-01,-1.788854381999831711e+00,-2.236067977499789805e+00,-2.236067977499789639e-01,-6.708203932499369193e-01,-8.944271909999158554e-01,-2.683281572999747677e+00,-2.906888370749726391e+00,-3.801315561749642136e+00,-3.801315561749642136e+00,-3.130495168499705549e+00,-2.459674775249768519e+00,-3.130495168499705549e+00,-3.130495168499705549e+00,-2.683281572999747677e+00,-2.236067977499789805e+00,-3.354101966249684263e+00,-2.459674775249768519e+00,-2.683281572999747677e+00,-2.683281572999747677e+00,-2.236067977499789805e+00,-3.577708763999663422e+00,-4.472135954999579610e+00,-6.037383539249431941e+00,-4.472135954999579610e+00,-4.472135954999579610e+00,-5.366563145999495354e+00,-4.919349550499537038e+00,-4.919349550499537038e+00,-3.801315561749642136e+00,-3.354101966249684263e+00,-2.906888370749726391e+00,-2.012461179749810647e+00,-3.130495168499705549e+00,-3.577708763999663422e+00,-4.248529157249600452e+00,-3.801315561749642136e+00,-4.024922359499621294e+00,-3.354101966249684263e+00,-3.354101966249684263e+00,-3.130495168499705549e+00,-2.683281572999747677e+00,-4.024922359499621294e+00,-3.354101966249684263e+00,-2.236067977499789805e+00,-8.944271909999158554e-01,-6.708203932499369193e-01,1.118033988749894903e+00,3.130495168499705549e+00,3.801315561749642136e+00,8.944271909999158554e-01,2.236067977499789639e-01,1.341640786499873839e+00,2.236067977499789805e+00,2.236067977499789805e+00,1.341640786499873839e+00,2.012461179749810647e+00,2.236067977499789805e+00,8.944271909999158554e-01,1.565247584249852775e+00,1.118033988749894903e+00,1.118033988749894903e+00,2.236067977499789639e-01,-4.472135954999579277e-01,-8.944271909999158554e-01,2.236067977499789639e-01,0.000000000000000000e+00,-2.683281572999747677e+00,-3.801315561749642136e+00,-2.906888370749726391e+00,-2.683281572999747677e+00,-2.683281572999747677e+00,-1.788854381999831711e+00,-6.708203932499369193e-01,-1.565247584249852775e+00,-3.130495168499705549e+00,-2.906888370749726391e+00,-2.459674775249768519e+00,-3.801315561749642136e+00,-5.813776741499452783e+00,-5.142956348249516196e+00,-2.459674775249768519e+00,-8.944271909999158554e-01,4.472135954999579277e-01,-4.472135954999579277e-01,1.118033988749894903e+00,-8.944271909999158554e-01,-2.236067977499789639e-01,4.472135954999579277e-01,1.118033988749894903e+00,1.788854381999831711e+00,2.012461179749810647e+00,6.708203932499369193e-01,-2.236067977499789639e-01,-2.236067977499789639e-01,1.341640786499873839e+00,1.118033988749894903e+00,2.236067977499789639e-01,1.565247584249852775e+00,1.788854381999831711e+00,-2.236067977499789639e-01,4.472135954999579277e-01,2.236067977499789639e-01,4.472135954999579277e-01,6.708203932499369193e-01,0.000000000000000000e+00,1.341640786499873839e+00,2.683281572999747677e+00,3.801315561749642136e+00,4.248529157249600452e+00,5.142956348249516196e+00,5.142956348249516196e+00,4.695742752749557880e+00,2.459674775249768519e+00,4.024922359499621294e+00,2.236067977499789805e+00,2.683281572999747677e+00,2.683281572999747677e+00,3.577708763999663422e+00,2.236067977499789805e+00,3.130495168499705549e+00,2.012461179749810647e+00,6.708203932499369193e-01,-8.944271909999158554e-01,1.118033988749894903e+00,3.130495168499705549e+00,1.118033988749894903e+00,1.788854381999831711e+00,1.118033988749894903e+00,4.472135954999579277e-01,-6.708203932499369193e-01,-1.118033988749894903e+00,-4.472135954999579277e-01,-6.708203932499369193e-01,0.000000000000000000e+00,-4.472135954999579277e-01,1.118033988749894903e+00,-1.788854381999831711e+00,-2.236067977499789805e+00,-6.708203932499369193e-01,-2.236067977499789805e+00,-2.012461179749810647e+00,-2.459674775249768519e+00,-2.236067977499789805e+00,-4.248529157249600452e+00,-2.906888370749726391e+00,-4.919349550499537038e+00,-4.919349550499537038e+00,-4.248529157249600452e+00,-4.695742752749557880e+00,-3.801315561749642136e+00,-4.472135954999579610e+00,-4.024922359499621294e+00,-3.801315561749642136e+00,-4.024922359499621294e+00,-4.248529157249600452e+00,-3.577708763999663422e+00,-3.801315561749642136e+00,-3.801315561749642136e+00,-1.565247584249852775e+00,-4.472135954999579277e-01,4.472135954999579277e-01,-2.236067977499789639e-01,1.565247584249852775e+00,6.708203932499369193e-01,2.236067977499789639e-01,-6.708203932499369193e-01,-4.472135954999579277e-01,1.565247584249852775e+00,2.459674775249768519e+00,2.906888370749726391e+00,4.248529157249600452e+00,7.155417527999326843e+00,7.155417527999326843e+00,4.919349550499537038e+00,4.919349550499537038e+00,4.695742752749557880e+00,4.695742752749557880e+00,7.379024325749306001e+00,8.049844718999242588e+00,7.602631123499284271e+00,7.826237921249263430e+00,8.497058314499200904e+00,5.813776741499452783e+00,3.354101966249684263e+00,2.012461179749810647e+00,1.788854381999831711e+00,3.130495168499705549e+00,2.683281572999747677e+00,2.683281572999747677e+00,1.788854381999831711e+00,8.944271909999158554e-01,1.788854381999831711e+00,3.130495168499705549e+00,4.919349550499537038e+00,2.683281572999747677e+00,4.024922359499621294e+00,2.236067977499789805e+00,2.906888370749726391e+00,3.130495168499705549e+00,3.354101966249684263e+00,1.341640786499873839e+00,2.459674775249768519e+00,-2.236067977499789639e-01,-2.012461179749810647e+00,-4.472135954999579610e+00,-3.801315561749642136e+00,-4.695742752749557880e+00,-4.919349550499537038e+00,-5.366563145999495354e+00,-3.354101966249684263e+00,-4.472135954999579610e+00,-4.695742752749557880e+00,-4.919349550499537038e+00,-6.260990336999411099e+00,-3.801315561749642136e+00,-3.801315561749642136e+00,-2.683281572999747677e+00,-3.130495168499705549e+00,-2.906888370749726391e+00,-2.459674775249768519e+00,-3.577708763999663422e+00,-4.248529157249600452e+00,-2.012461179749810647e+00,-6.708203932499369193e-01,1.341640786499873839e+00,1.788854381999831711e+00,6.708203932499369193e-01,6.708203932499369193e-01,2.012461179749810647e+00,2.906888370749726391e+00,4.472135954999579610e+00,4.695742752749557880e+00,3.354101966249684263e+00,3.577708763999663422e+00,5.366563145999495354e+00,5.813776741499452783e+00,4.695742752749557880e+00,6.484597134749389369e+00,5.813776741499452783e+00,4.919349550499537038e+00,3.354101966249684263e+00,3.577708763999663422e+00,3.801315561749642136e+00,2.012461179749810647e+00,8.944271909999158554e-01,2.236067977499789639e-01,-1.118033988749894903e+00,-4.472135954999579277e-01,1.341640786499873839e+00,2.236067977499789639e-01,-2.236067977499789639e-01,-1.565247584249852775e+00,-3.354101966249684263e+00,-3.130495168499705549e+00,-2.236067977499789805e+00,-2.012461179749810647e+00,-2.012461179749810647e+00,-2.459674775249768519e+00,-2.906888370749726391e+00,-3.354101966249684263e+00,-3.577708763999663422e+00,-8.944271909999158554e-01,-1.788854381999831711e+00,-3.130495168499705549e+00,-3.354101966249684263e+00,-2.459674775249768519e+00,-2.906888370749726391e+00,-3.130495168499705549e+00,-4.695742752749557880e+00,-5.813776741499452783e+00,-4.248529157249600452e+00,-4.248529157249600452e+00,-5.813776741499452783e+00,-4.248529157249600452e+00,-2.906888370749726391e+00,-2.906888370749726391e+00,-2.683281572999747677e+00,-1.565247584249852775e+00,-3.130495168499705549e+00,-4.024922359499621294e+00,-1.788854381999831711e+00,-1.565247584249852775e+00,-2.236067977499789639e-01,1.341640786499873839e+00,2.683281572999747677e+00,2.459674775249768519e+00,4.919349550499537038e+00,4.472135954999579610e+00,4.248529157249600452e+00,3.801315561749642136e+00,4.472135954999579610e+00,2.236067977499789805e+00,2.683281572999747677e+00,1.118033988749894903e+00,-1.565247584249852775e+00,-1.118033988749894903e+00,-8.944271909999158554e-01,0.000000000000000000e+00,0.000000000000000000e+00,8.944271909999158554e-01,2.236067977499789805e+00,8.944271909999158554e-01,1.788854381999831711e+00,2.236067977499789639e-01,-4.472135954999579277e-01,8.944271909999158554e-01,2.012461179749810647e+00,-2.236067977499789639e-01,2.236067977499789639e-01,2.236067977499789639e-01,-1.341640786499873839e+00,-3.577708763999663422e+00,-3.130495168499705549e+00,-1.788854381999831711e+00,-8.944271909999158554e-01,-4.472135954999579277e-01,1.118033988749894903e+00,6.708203932499369193e-01,1.788854381999831711e+00,8.944271909999158554e-01,2.236067977499789639e-01,6.708203932499369193e-01,2.012461179749810647e+00,2.012461179749810647e+00,2.012461179749810647e+00,2.012461179749810647e+00,3.354101966249684263e+00,2.683281572999747677e+00,2.236067977499789805e+00,1.341640786499873839e+00,2.236067977499789639e-01,2.683281572999747677e+00,2.236067977499789805e+00,1.341640786499873839e+00,1.788854381999831711e+00,6.708203932499369193e-01,-8.944271909999158554e-01,-1.788854381999831711e+00,-3.354101966249684263e+00,-3.577708763999663422e+00,-4.248529157249600452e+00,-4.472135954999579610e+00,-4.695742752749557880e+00,-5.366563145999495354e+00,-4.919349550499537038e+00,-4.248529157249600452e+00,-6.037383539249431941e+00,-2.906888370749726391e+00,-3.130495168499705549e+00,-2.236067977499789805e+00,-1.788854381999831711e+00,-4.472135954999579277e-01,6.708203932499369193e-01,2.012461179749810647e+00,3.801315561749642136e+00,3.354101966249684263e+00,2.906888370749726391e+00,2.906888370749726391e+00,1.118033988749894903e+00,2.012461179749810647e+00,1.341640786499873839e+00,2.012461179749810647e+00,2.236067977499789639e-01,-2.012461179749810647e+00,-2.906888370749726391e+00,-2.012461179749810647e+00,-2.459674775249768519e+00,-3.801315561749642136e+00,-6.708203932499368527e+00,-5.366563145999495354e+00,-5.366563145999495354e+00,-4.248529157249600452e+00,-3.354101966249684263e+00,-4.695742752749557880e+00,-4.472135954999579610e+00,-3.577708763999663422e+00,-4.472135954999579610e+00,-4.024922359499621294e+00,-4.248529157249600452e+00,-4.024922359499621294e+00,-4.472135954999579610e+00,-4.248529157249600452e+00,-2.459674775249768519e+00,-2.012461179749810647e+00,-1.118033988749894903e+00,-2.012461179749810647e+00,-2.236067977499789805e+00,-2.012461179749810647e+00,-1.118033988749894903e+00,-1.788854381999831711e+00,-2.459674775249768519e+00,-2.683281572999747677e+00,-3.801315561749642136e+00,-3.801315561749642136e+00,-4.248529157249600452e+00,-6.037383539249431941e+00,-6.931810730249347685e+00,-5.813776741499452783e+00,-4.024922359499621294e+00,-3.577708763999663422e+00,-1.788854381999831711e+00,4.472135954999579277e-01,1.341640786499873839e+00,2.012461179749810647e+00,2.906888370749726391e+00,2.906888370749726391e+00,2.683281572999747677e+00,3.354101966249684263e+00,3.801315561749642136e+00,3.130495168499705549e+00,6.708203932499369193e-01,8.944271909999158554e-01,1.565247584249852775e+00,2.012461179749810647e+00,1.118033988749894903e+00,6.708203932499369193e-01,8.944271909999158554e-01,3.354101966249684263e+00,2.012461179749810647e+00,6.708203932499369193e-01,8.944271909999158554e-01,2.012461179749810647e+00,1.118033988749894903e+00,8.944271909999158554e-01,1.565247584249852775e+00,-6.708203932499369193e-01,-1.341640786499873839e+00,-8.944271909999158554e-01,1.341640786499873839e+00
-1.565247584249852775e+00,-4.472135954999579277e-01,-1.118033988749894903e+00,-3.130495168499705549e+00,-4.695742752749557880e+00,-4.919349550499537038e+00,-4.919349550499537038e+00,-3.354101966249684263e+00,-2.236067977499789805e+00,-2.906888370749726391e+00,-3.354101966249684263e+00,-2.683281572999747677e+00,-2.236067977499789805e+00,-2.683281572999747677e+00,-3.354101966249684263e+00,-2.459674775249768519e+00,-1.565247584249852775e+00,-2.012461179749810647e+00,-3.577708763999663422e+00,-4.024922359499621294e+00,-4.472135954999579610e+00,-2.459674775249768519e+00,-2.906888370749726391e+00,-3.354101966249684263e+00,-4.024922359499621294e+00,-4.695742752749557880e+00,-4.024922359499621294e+00,-2.012461179749810647e+00,-2.012461179749810647e+00,-2.459674775249768519e+00,-8.944271909999158554e-01,-1.565247584249852775e+00,-4.472135954999579610e+00,-2.906888370749726391e+00,-2.012461179749810647e+00,2.683281572999747677e+00,2.236067977499789805e+00,2.236067977499789805e+00,3.577708763999663422e+00,1.565247584249852775e+00,6.708203932499369193e-01,1.565247584249852775e+00,4.695742752749557880e+00,4.024922359499621294e+00,3.801315561749642136e+00,2.906888370749726391e+00,5.142956348249516196e+00,1.788854381999831711e+00,1.788854381999831711e+00,1.565247584249852775e+00,1.341640786499873839e+00,1.788854381999831711e+00,6.708203932499369193e-01,2.683281572999747677e+00,3.354101966249684263e+00,2.236067977499789805e+00,2.012461179749810647e+00,-2.236067977499789639e-01,-8.944271909999158554e-01,-4.472135954999579277e-01,-4.472135954999579277e-01,-2.236067977499789639e-01,-2.012461179749810647e+00,-8.944271909999158554e-01,0.000000000000000000e+00,1.788854381999831711e+00,2.236067977499789639e-01,4.472135954999579277e-01,1.565247584249852775e+00,1.118033988749894903e+00,1.341640786499873839e+00,3.130495168499705549e+00,2.683281572999747677e+00,1.788854381999831711e+00,2.459674775249768519e+00,1.341640786499873839e+00,0.000000000000000000e+00,2.236067977499789639e-01,4.472135954999579277e-01,-6.708203932499369193e-01,-2.012461179749810647e+00,-2.906888370749726391e+00,-3.354101966249684263e+00,-3.354101966249684263e+00,-3.577708763999663422e+00,-3.354101966249684263e+00,-4.248529157249600452e+00,-5.142956348249516196e+00,-5.142956348249516196e+00,-6.931810730249347685e+00,-6.708203932499368527e+00,-6.484597134749389369e+00,-5.813776741499452783e+00,-6.708203932499368527e+00,-6.708203932499368527e+00,-6.484597134749389369e+00,-7.379024325749306001e+00,-5.813776741499452783e+00,-4.024922359499621294e+00,-2.683281572999747677e+00,-2.236067977499789805e+00,-1.118033988749894903e+00,-4.024922359499621294e+00,-2.683281572999747677e+00,-3.801315561749642136e+00,-3.130495168499705549e+00,-3.130495168499705549e+00,-3.130495168499705549e+00,-3.801315561749642136e+00,-6.484597134749389369e+00,-7.826237921249263430e+00,-8.497058314499200904e+00,-5.813776741499452783e+00,-5.813776741499452783e+00,-4.024922359499621294e+00,-3.130495168499705549e+00,-4.248529157249600452e+00,-4.919349550499537038e+00,-3.801315561749642136e+00,-3.801315561749642136e+00,-2.236067977499789639e-01,8.944271909999158554e-01,2.906888370749726391e+00,2.906888370749726391e+00,2.012461179749810647e+00,1.118033988749894903e+00,8.944271909999158554e-01,4.472135954999579277e-01,-6.708203932499369193e-01,-1.565247584249852775e+00,-3.354101966249684263e+00,-3.130495168499705549e+00,-2.236067977499789805e+00,-4.248529157249600452e+00,-3.130495168499705549e+00,-2.236067977499789805e+00,-3.130495168499705549e+00,-3.130495168499705549e+00,-2.906888370749726391e+00,-2.459674775249768519e+00,-2.459674775249768519e+00,-1.565247584249852775e+00,-1.341640786499873839e+00,-1.788854381999831711e+00,-6.708203932499369193e-01,0.000000000000000000e+00,-1.788854381999831711e+00,6.708203932499369193e-01,6.708203932499369193e-01,2.683281572999747677e+00,3.130495168499705549e+00,4.248529157249600452e+00,4.472135954999579610e+00,3.577708763999663422e+00,4.695742752749557880e+00,4.024922359499621294e+00,3.577708763999663422e+00,2.683281572999747677e+00,2.012461179749810647e+00,3.577708763999663422e+00,3.130495168499705549e+00,1.788854381999831711e+00,1.565247584249852775e+00,1.341640786499873839e+00,1.788854381999831711e+00,1.118033988749894903e+00,2.012461179749810647e+00,2.236067977499789639e-01,1.341640786499873839e+00,2.236067977499789639e-01,2.236067977499789639e-01,-6.708203932499369193e-01,-2.012461179749810647e+00,-1.341640786499873839e+00,-1.341640786499873839e+00,-2.012461179749810647e+00,-2.459674775249768519e+00,-3.801315561749642136e+00,-4.472135954999579610e+00,-2.683281572999747677e+00,-2.012461179749810647e+00,-1.118033988749894903e+00,-8.944271909999158554e-01,-3.354101966249684263e+00,-2.906888370749726391e+00,-2.459674775249768519e+00,-1.565247584249852775e+00,-2.906888370749726391e+00,-4.472135954999579610e+00,-5.366563145999495354e+00,-3.801315561749642136e+00,-3.354101966249684263e+00,-2.459674775249768519e+00,-2.012461179749810647e+00,-1.788854381999831711e+00,-2.906888370749726391e+00,-1.565247584249852775e+00,-8.944271909999158554e-01,4.472135954999579277e-01,3.354101966249684263e+00,2.459674775249768519e+00,3.354101966249684263e+00,2.236067977499789805e+00,1.118033988749894903e+00,4.472135954999579277e-01,6.708203932499369193e-01,-4.472135954999579277e-01,1.118033988749894903e+00,2.236067977499789639e-01,-1.565247584249852775e+00,-2.906888370749726391e+00,-1.118033988749894903e+00,-1.788854381999831711e+00,-1.341640786499873839e+00,-2.459674775249768519e+00,-3.130495168499705549e+00,-4.472135954999579277e-01,-2.906888370749726391e+00,-2.906888370749726391e+00,-2.683281572999747677e+00,-3.130495168499705549e+00,-2.236067977499789805e+00,-4.472135954999579610e+00,-5.366563145999495354e+00,-5.590169943749473624e+00,-6.037383539249431941e+00,-4.024922359499621294e+00,-3.130495168499705549e+00,-2.683281572999747677e+00,-1.788854381999831711e+00,-2.906888370749726391e+00,-4.695742752749557880e+00,-4.248529157249600452e+00,-2.906888370749726391e+00,-2.012461179749810647e+00,-2.236067977499789805e+00,-2.459674775249768519e+00,-3.354101966249684263e+00,-3.577708763999663422e+00,-2.683281572999747677e+00,0.000000000000000000e+00,2.012461179749810647e+00,2.459674775249768519e+00,-8.944271909999158554e-01,6.708203932499369193e-01,-2.236067977499789639e-01,-4.472135954999579277e-01,-2.012461179749810647e+00,-2.906888370749726391e+00,-1.341640786499873839e+00,-2.236067977499789639e-01,-1.341640786499873839e+00,-2.236067977499789805e+00,-1.788854381999831711e+00,-1.118033988749894903e+00,4.472135954999579277e-01,4.472135954999579277e-01,6.708203932499369193e-01,1.118033988749894903e+00,-6.708203932499369193e-01,0.000000000000000000e+00,4.472135954999579277e-01,2.236067977499789639e-01,2.236067977499789805e+00,1.565247584249852775e+00,8.944271909999158554e-01,6.708203932499369193e-01,0.000000000000000000e+00,-1.565247584249852775e+00,-2.012461179749810647e+00,-2.459674775249768519e+00,-3.354101966249684263e+00,-3.801315561749642136e+00,-2.683281572999747677e+00,-2.012461179749810647e+00,-1.118033988749894903e+00,-3.130495168499705549e+00,-2.683281572999747677e+00,-1.565247584249852775e+00,-3.130495168499705549e+00,-4.695742752749557880e+00,-3.801315561749642136e+00,-5.813776741499452783e+00,-4.919349550499537038e+00,-2.906888370749726391e+00,-4.024922359499621294e+00,-4.024922359499621294e+00,-3.354101966249684263e+00,-4.248529157249600452e+00,-3.130495168499705549e+00,-3.130495168499705549e+00,-1.341640786499873839e+00,-4.024922359499621294e+00,-3.354101966249684263e+00,-2.683281572999747677e+00,-2.459674775249768519e+00,6.708203932499369193e-01,1.341640786499873839e+00,2.236067977499789805e+00,8.944271909999158554e-01,6.708203932499369193e-01,-2.236067977499789639e-01,-6.708203932499369193e-01,2.236067977499789639e-01,-1.341640786499873839e+00,-6.708203932499369193e-01,0.000000000000000000e+00,-4.472135954999579277e-01,2.236067977499789639e-01,-2.236067977499789639e-01,-4.472135954999579277e-01,-8.944271909999158554e-01,0.000000000000000000e+00,-2.236067977499789639e-01,8.944271909999158554e-01,2.236067977499789639e-01,6.708203932499369193e-01,1.118033988749894903e+00,2.459674775249768519e+00,2.236067977499789639e-01,0.000000000000000000e+00,0.000000000000000000e+00,0.000000000000000000e+00,-4.472135954999579277e-01,-1.118033988749894903e+00,-1.788854381999831711e+00,-2.236067977499789639e-01,2.012461179749810647e+00,3.354101966249684263e+00,4.024922359499621294e+00,3.801315561749642136e+00,3.801315561749642136e+00,4.695742752749557880e+00,3.130495168499705549e+00,2.683281572999747677e+00,4.024922359499621294e+00,4.024922359499621294e+00,6.037383539249431941e+00,4.695742752749557880e+00,6.931810730249347685e+00,6.260990336999411099e+00,4.472135954999579610e+00,2.012461179749810647e+00,2.012461179749810647e+00,0.000000000000000000e+00,-2.236067977499789639e-01,-4.472135954999579277e-01,8.944271909999158554e-01,-2.236067977499789639e-01,0.000000000000000000e+00,8.944271909999158554e-01,1.788854381999831711e+00,2.236067977499789805e+00,2.459674775249768519e+00,3.354101966249684263e+00,2.459674775249768519e+00,2.683281572999747677e+00,8.944271909999158554e-01,2.459674775249768519e+00,3.354101966249684263e+00,2.906888370749726391e+00,2.459674775249768519e+00,2.906888370749726391e+00,3.130495168499705549e+00,2.906888370749726391e+00,2.906888370749726391e+00,2.236067977499789805e+00,-2.236067977499789639e-01,8.944271909999158554e-01,-2.236067977499789639e-01,1.118033988749894903e+00,2.236067977499789639e-01,1.341640786499873839e+00,1.118033988749894903e+00,8.944271909999158554e-01,2.012461179749810647e+00,2.459674775249768519e+00,3.577708763999663422e+00,3.130495168499705549e+00,2.012461179749810647e+00,3.577708763999663422e+00,2.459674775249768519e+00,2.012461179749810647e+00,3.577708763999663422e+00,4.919349550499537038e+00,4.248529157249600452e+00,4.248529157249600452e+00,6.708203932499368527e+00,5.590169943749473624e+00,3.577708763999663422e+00,3.577708763999663422e+00,4.248529157249600452e+00,1.341640786499873839e+00,0.000000000000000000e+00,-1.341640786499873839e+00,-1.118033988749894903e+00,-1.788854381999831711e+00,-6.708203932499369193e-01,2.236067977499789639e-01,8.944271909999158554e-01,1.341640786499873839e+00,2.683281572999747677e+00,1.788854381999831711e+00,2.459674775249768519e+00,2.459674775249768519e+00,3.577708763999663422e+00,4.472135954999579610e+00,3.130495168499705549e+00,1.341640786499873839e+00,8.944271909999158554e-01,1.341640786499873839e+00,-2.236067977499789639e-01,1.341640786499873839e+00,1.341640786499873839e+00,2.683281572999747677e+00,2.459674775249768519e+00,1.341640786499873839e+00,1.341640786499873839e+00,2.236067977499789805e+00,2.683281572999747677e+00,3.577708763999663422e+00,3.801315561749642136e+00,6.484597134749389369e+00,5.813776741499452783e+00,6.037383539249431941e+00,6.484597134749389369e+00,6.708203932499368527e+00,8.497058314499200904e+00,8.497058314499200904e+00,8.273451516749220858e+00,6.484597134749389369e+00,7.379024325749306001e+00,7.602631123499284271e+00,5.590169943749473624e+00,4.472135954999579610e+00,5.142956348249516196e+00,5.366563145999495354e+00,5.590169943749473624e+00,4.695742752749557880e+00,3.577708763999663422e+00,2.683281572999747677e+00,4.472135954999579610e+00,4.248529157249600452e+00,4.248529157249600452e+00,6.260990336999411099e+00,4.472135954999579610e+00,4.472135954999579610e+00,4.472135954999579610e+00,3.130495168499705549e+00,4.024922359499621294e+00,4.248529157249600452e+00,4.695742752749557880e+00,6.708203932499368527e+00,6.484597134749389369e+00,4.024922359499621294e+00,4.024922359499621294e+00,2.236067977499789805e+00,3.801315561749642136e+00,3.577708763999663422e+00,5.142956348249516196e+00,4.024922359499621294e+00,8.944271909999158554e-01,6.708203932499369193e-01,6.708203932499369193e-01,-6.708203932499369193e-01,-1.118033988749894903e+00,6.708203932499369193e-01,2.236067977499789639e-01,1.118033988749894903e+00,1.565247584249852775e+00,3.577708763999663422e+00,2.683281572999747677e+00,2.012461179749810647e+00,1.788854381999831711e+00,1.788854381999831711e+00,3.130495168499705549e+00,1.565247584249852775e+00,6.708203932499369193e-01,1.118033988749894903e+00,2.012461179749810647e+00,2.459674775249768519e+00,2.459674775249768519e+00,1.565247584249852775e+00,3.130495168499705549e+00,2.683281572999747677e+00,2.906888370749726391e+00,3.354101966249684263e+00,2.459674775249768519e+00,3.577708763999663422e+00,3.577708763999663422e+00,5.142956348249516196e+00,3.577708763999663422e+00,8.944271909999158554e-01,1.788854381999831711e+00,1.788854381999831711e+00,8.944271909999158554e-01,1.341640786499873839e+00,4.472135954999579277e-01,-2.236067977499789639e-01,6.708203932499369193e-01
-1.341640786499873839e+00,4.472135954999579277e-01,-1.341640786499873839e+00,-4.472135954999579277e-01,-8.944271909999158554e-01,-4.472135954999579277e-01,-2.236067977499789805e+00,-2.683281572999747677e+00,-2.683281572999747677e+00,-2.236067977499789639e-01,-3.354101966249684263e+00,-3.801315561749642136e+00,-4.248529157249600452e+00,-2.906888370749726391e+00,-1.565247584249852775e+00,-2.236067977499789805e+00,-3.801315561749642136e+00,-4.472135954999579610e+00,-4.024922359499621294e+00,-4.248529157249600452e+00,-4.024922359499621294e+00,-4.695742752749557880e+00,-6.708203932499368527e+00,-6.260990336999411099e+00,-8.049844718999242588e+00,-8.720665112249179174e+00,-8.497058314499200904e+00,-7.602631123499284271e+00,-6.037383539249431941e+00,-6.260990336999411099e+00,-5.813776741499452783e+00,-4.248529157249600452e+00,-1.565247584249852775e+00,-1.788854381999831711e+00,-1.118033988749894903e+00,-6.708203932499369193e-01,-8.944271909999158554e-01,2.236067977499789639e-01,2.683281572999747677e+00,3.577708763999663422e+00,3.354101966249684263e+00,2.459674775249768519e+00,3.801315561749642136e+00,2.906888370749726391e+00,4.695742752749557880e+00,6.931810730249347685e+00,6.931810730249347685e+00,7.826237921249263430e+00,7.155417527999326843e+00,5.813776741499452783e+00,5.142956348249516196e+00,5.142956348249516196e+00,3.130495168499705549e+00,2.906888370749726391e+00,2.236067977499789639e-01,2.236067977499789639e-01,4.472135954999579277e-01,1.118033988749894903e+00,-8.944271909999158554e-01,6.708203932499369193e-01,1.118033988749894903e+00,2.906888370749726391e+00,8.944271909999158554e-01,2.683281572999747677e+00,3.577708763999663422e+00,8.944271909999158554e-01,-8.944271909999158554e-01,-4.472135954999579277e-01,-8.944271909999158554e-01,-1.341640786499873839e+00,-1.341640786499873839e+00,2.236067977499789639e-01,1.118033988749894903e+00,6.708203932499369193e-01,-4.472135954999579277e-01,-6.708203932499369193e-01,0.000000000000000000e+00,-8.944271909999158554e-01,0.000000000000000000e+00,2.236067977499789639e-01,-4.472135954999579277e-01,-3.801315561749642136e+00,-4.695742752749557880e+00,-6.037383539249431941e+00,-7.379024325749306001e+00,-8.497058314499200904e+00,-8.273451516749220858e+00,-8.273451516749220858e+00,-7.602631123499284271e+00,-6.931810730249347685e+00,-8.049844718999242588e+00,-7.379024325749306001e+00,-5.813776741499452783e+00,-5.813776741499452783e+00,-5.366563145999495354e+00,-6.708203932499368527e+00,-5.366563145999495354e+00,-4.695742752749557880e+00,-4.248529157249600452e+00,-3.801315561749642136e+00,-3.801315561749642136e+00,-3.577708763999663422e+00,-3.801315561749642136e+00,-5.142956348249516196e+00,-4.919349550499537038e+00,-4.919349550499537038e+00,-4.919349550499537038e+00,-5.142956348249516196e+00,-4.695742752749557880e+00,-5.142956348249516196e+00,-6.037383539249431941e+00,-7.602631123499284271e+00,-6.260990336999411099e+00,-5.590169943749473624e+00,-6.037383539249431941e+00,-5.366563145999495354e+00,-5.590169943749473624e+00,-4.695742752749557880e+00,-6.037383539249431941e+00,-3.577708763999663422e+00,-2.906888370749726391e+00,-4.472135954999579610e+00,-3.577708763999663422e+00,-4.472135954999579610e+00,-3.577708763999663422e+00,-4.248529157249600452e+00,-3.354101966249684263e+00,-3.354101966249684263e+00,-4.024922359499621294e+00,-3.577708763999663422e+00,-4.695742752749557880e+00,-4.248529157249600452e+00,-4.919349550499537038e+00,-4.695742752749557880e+00,-3.801315561749642136e+00,-1.341640786499873839e+00,-4.472135954999579277e-01,-1.341640786499873839e+00,-3.577708763999663422e+00,-3.130495168499705549e+00,-1.565247584249852775e+00,-1.788854381999831711e+00,-2.906888370749726391e+00,-2.459674775249768519e+00,-4.919349550499537038e+00,-3.801315561749642136e+00,-1.788854381999831711e+00,-3.354101966249684263e+00,-8.944271909999158554e-01,-2.236067977499789639e-01,1.118033988749894903e+00,6.708203932499369193e-01,1.788854381999831711e+00,2.459674775249768519e+00,1.565247584249852775e+00,1.565247584249852775e+00,2.012461179749810647e+00,1.565247584249852775e+00,1.788854381999831711e+00,2.683281572999747677e+00,2.683281572999747677e+00,1.788854381999831711e+00,1.565247584249852775e+00,2.236067977499789639e-01,0.000000000000000000e+00,1.341640786499873839e+00,-1.565247584249852775e+00,1.565247584249852775e+00,4.919349550499537038e+00,5.813776741499452783e+00,5.142956348249516196e+00,6.260990336999411099e+00,5.813776741499452783e+00,5.366563145999495354e+00,5.590169943749473624e+00,6.931810730249347685e+00,6.708203932499368527e+00,6.260990336999411099e+00,6.260990336999411099e+00,6.708203932499368527e+00,5.366563145999495354e+00,4.919349550499537038e+00,5.142956348249516196e+00,4.695742752749557880e+00,4.024922359499621294e+00,4.248529157249600452e+00,4.695742752749557880e+00,2.683281572999747677e+00,3.577708763999663422e+00,3.801315561749642136e+00,4.472135954999579610e+00,3.801315561749642136e+00,2.906888370749726391e+00,3.130495168499705549e+00,3.130495168499705549e+00,2.906888370749726391e+00,4.472135954999579610e+00,3.577708763999663422e+00,2.906888370749726391e+00,5.590169943749473624e+00,3.354101966249684263e+00,3.801315561749642136e+00,2.683281572999747677e+00,6.708203932499369193e-01,1.118033988749894903e+00,2.236067977499789639e-01,2.236067977499789639e-01,-2.012461179749810647e+00,-8.944271909999158554e-01,-8.944271909999158554e-01,-6.708203932499369193e-01,1.118033988749894903e+00,4.472135954999579277e-01,6.708203932499369193e-01,2.236067977499789639e-01,2.236067977499789639e-01,1.118033988749894903e+00,1.788854381999831711e+00,1.565247584249852775e+00,2.236067977499789805e+00,1.788854381999831711e+00,2.459674775249768519e+00,2.236067977499789805e+00,3.577708763999663422e+00,2.012461179749810647e+00,1.788854381999831711e+00,2.459674775249768519e+00,4.472135954999579277e-01,-4.472135954999579277e-01,-1.118033988749894903e+00,1.565247584249852775e+00,1.341640786499873839e+00,6.708203932499369193e-01,2.236067977499789639e-01,2.236067977499789639e-01,-3.130495168499705549e+00,-3.130495168499705549e+00,-4.024922359499621294e+00,-3.577708763999663422e+00,-2.683281572999747677e+00,-2.459674775249768519e+00,-2.236067977499789805e+00,-3.130495168499705549e+00,-2.459674775249768519e+00,-3.577708763999663422e+00,-3.354101966249684263e+00,-5.142956348249516196e+00,-4.472135954999579610e+00,-4.248529157249600452e+00,-4.472135954999579610e+00,-2.683281572999747677e+00,-2.459674775249768519e+00,-2.236067977499789805e+00,-2.906888370749726391e+00,-1.565247584249852775e+00,-2.459674775249768519e+00,-6.708203932499369193e-01,0.000000000000000000e+00,1.118033988749894903e+00,2.012461179749810647e+00,1.565247584249852775e+00,1.118033988749894903e+00,1.341640786499873839e+00,2.459674775249768519e+00,1.788854381999831711e+00,2.012461179749810647e+00,1.565247584249852775e+00,1.788854381999831711e+00,1.341640786499873839e+00,2.236067977499789639e-01,2.236067977499789639e-01,2.012461179749810647e+00,2.906888370749726391e+00,2.683281572999747677e+00,1.565247584249852775e+00,-4.472135954999579277e-01,2.236067977499789639e-01,6.708203932499369193e-01,-1.565247584249852775e+00,-4.472135954999579277e-01,0.000000000000000000e+00,1.565247584249852775e+00,1.341640786499873839e+00,6.708203932499369193e-01,2.683281572999747677e+00,-6.708203932499369193e-01,-1.341640786499873839e+00,-2.236067977499789805e+00,2.236067977499789639e-01,6.708203932499369193e-01,6.708203932499369193e-01,1.565247584249852775e+00,8.944271909999158554e-01,-1.118033988749894903e+00,-6.708203932499369193e-01,-1.118033988749894903e+00,-6.708203932499369193e-01,-1.118033988749894903e+00,-1.341640786499873839e+00,-1.341640786499873839e+00,-2.906888370749726391e+00,-2.459674775249768519e+00,-6.708203932499369193e-01,-6.708203932499369193e-01,0.000000000000000000e+00,1.788854381999831711e+00,8.944271909999158554e-01,1.118033988749894903e+00,2.236067977499789639e-01,2.236067977499789639e-01,4.472135954999579277e-01,-2.236067977499789639e-01,-6.708203932499369193e-01,-1.565247584249852775e+00,-2.236067977499789639e-01,-2.236067977499789639e-01,0.000000000000000000e+00,-8.944271909999158554e-01,-2.236067977499789639e-01,1.341640786499873839e+00,-2.236067977499789639e-01,4.472135954999579277e-01,4.472135954999579277e-01,-8.944271909999158554e-01,-2.683281572999747677e+00,-2.459674775249768519e+00,8.944271909999158554e-01,2.906888370749726391e+00,3.801315561749642136e+00,2.683281572999747677e+00,2.906888370749726391e+00,2.459674775249768519e+00,1.788854381999831711e+00,3.354101966249684263e+00,2.683281572999747677e+00,1.788854381999831711e+00,-2.236067977499789639e-01,-1.118033988749894903e+00,4.472135954999579277e-01,-1.788854381999831711e+00,-1.788854381999831711e+00,-6.708203932499369193e-01,-1.788854381999831711e+00,-3.577708763999663422e+00,-4.248529157249600452e+00,-3.801315561749642136e+00,-1.788854381999831711e+00,-8.944271909999158554e-01,-4.472135954999579277e-01,4.472135954999579277e-01,-4.472135954999579277e-01,-1.565247584249852775e+00,-4.024922359499621294e+00,-5.590169943749473624e+00,-5.590169943749473624e+00,-6.260990336999411099e+00,-5.590169943749473624e+00,-5.590169943749473624e+00,-5.813776741499452783e+00,-6.037383539249431941e+00,-2.906888370749726391e+00,-3.577708763999663422e+00,-2.236067977499789805e+00,-1.118033988749894903e+00,8.944271909999158554e-01,-6.708203932499369193e-01,1.341640786499873839e+00,4.472135954999579277e-01,2.012461179749810647e+00,5.142956348249516196e+00,5.590169943749473624e+00,4.248529157249600452e+00,5.590169943749473624e+00,6.708203932499368527e+00,5.142956348249516196e+00,5.366563145999495354e+00,6.931810730249347685e+00,5.590169943749473624e+00,6.708203932499368527e+00,4.248529157249600452e+00,4.919349550499537038e+00,3.801315561749642136e+00,2.459674775249768519e+00,1.118033988749894903e+00,8.944271909999158554e-01,1.341640786499873839e+00,2.906888370749726391e+00,2.459674775249768519e+00,2.459674775249768519e+00,1.788854381999831711e+00,3.577708763999663422e+00,4.695742752749557880e+00,3.577708763999663422e+00,1.565247584249852775e+00,4.024922359499621294e+00,4.919349550499537038e+00,4.472135954999579610e+00,2.683281572999747677e+00,2.236067977499789639e-01,1.341640786499873839e+00,1.341640786499873839e+00,0.000000000000000000e+00,6.708203932499369193e-01,-4.472135954999579277e-01,-6.708203932499369193e-01,-4.472135954999579277e-01,-1.341640786499873839e+00,-1.788854381999831711e+00,-3.354101966249684263e+00,-3.354101966249684263e+00,-4.024922359499621294e+00,-3.577708763999663422e+00,-3.130495168499705549e+00,-4.248529157249600452e+00,-2.906888370749726391e+00,-4.248529157249600452e+00,-5.142956348249516196e+00,-4.919349550499537038e+00,-4.695742752749557880e+00,-4.472135954999579610e+00,-3.801315561749642136e+00,-4.024922359499621294e+00,-1.788854381999831711e+00,-1.565247584249852775e+00,-4.472135954999579277e-01,-8.944271909999158554e-01,-4.472135954999579277e-01,-8.944271909999158554e-01,-2.683281572999747677e+00,-4.472135954999579277e-01,-8.944271909999158554e-01,-1.788854381999831711e+00,-1.341640786499873839e+00,1.118033988749894903e+00,2.236067977499789805e+00,2.236067977499789805e+00,2.683281572999747677e+00,4.248529157249600452e+00,8.944271909999158554e-01,-1.118033988749894903e+00,-6.708203932499369193e-01,-2.012461179749810647e+00,-1.565247584249852775e+00,-1.118033988749894903e+00,-2.459674775249768519e+00,-6.708203932499369193e-01,-1.565247584249852775e+00,-1.565247584249852775e+00,-1.565247584249852775e+00,-2.236067977499789805e+00,-1.565247584249852775e+00,1.565247584249852775e+00,2.459674775249768519e+00,5.142956348249516196e+00,3.130495168499705549e+00,2.236067977499789805e+00,1.565247584249852775e+00,2.906888370749726391e+00,4.248529157249600452e+00,3.130495168499705549e+00,3.130495168499705549e+00,3.354101966249684263e+00,4.472135954999579610e+00,4.024922359499621294e+00,4.472135954999579610e+00,4.024922359499621294e+00,5.366563145999495354e+00,6.708203932499368527e+00,6.260990336999411099e+00,6.484597134749389369e+00,6.037383539249431941e+00,3.577708763999663422e+00,2.683281572999747677e+00,2.683281572999747677e+00,2.459674775249768519e+00,2.683281572999747677e+00,2.683281572999747677e+00,3.577708763999663422e+00,2.683281572999747677e+00,2.906888370749726391e+00,1.788854381999831711e+00,-4.472135954999579277e-01,-2.236067977499789805e+00,-1.788854381999831711e+00,-2.683281572999747677e+00,-2.012461179749810647e+00,-4.695742752749557880e+00,-3.354101966249684263e+00,-2.683281572999747677e+00,-1.788854381999831711e+00,-2.236067977499789805e+00,-3.130495168499705549e+00,-4.695742752749557880e+00,-4.024922359499621294e+00,-3.354101966249684263e+00,-2.683281572999747677e+00,-3.130495168499705549e+00,-2.236067977499789805e+00,-2.683281572999747677e+00,-6.708203932499369193e-01
-2.236067977499789639e-01,-2.236067977499789639e-01,-8.944271909999158554e-01,0.000000000000000000e+00,6.708203932499369193e-01,8.944271909999158554e-01,2.012461179749810647e+00,8.944271909999158554e-01,0.000000000000000000e+00,4.472135954999579277e-01,6.708203932499369193e-01,-2.236067977499789805e+00,-1.565247584249852775e+00,-3.354101966249684263e+00,-1.341640786499873839e+00,-2.459674775249768519e+00,-1.565247584249852775e+00,-2.459674775249768519e+00,-6.708203932499369193e-01,6.708203932499369193e-01,0.000000000000000000e+00,8.944271909999158554e-01,3.354101966249684263e+00,4.472135954999579610e+00,4.248529157249600452e+00,4.248529157249600452e+00,5.142956348249516196e+00,2.906888370749726391e+00,3.354101966249684263e+00,2.906888370749726391e+00,3.577708763999663422e+00,3.354101966249684263e+00,2.906888370749726391e+00,1.118033988749894903e+00,8.944271909999158554e-01,-8.944271909999158554e-01,6.708203932499369193e-01,2.683281572999747677e+00,1.118033988749894903e+00,2.459674775249768519e+00,3.130495168499705549e+00,2.236067977499789805e+00,2.236067977499789805e+00,3.130495168499705549e+00,2.906888370749726391e+00,2.236067977499789805e+00,1.788854381999831711e+00,8.944271909999158554e-01,-4.472135954999579277e-01,-1.565247584249852775e+00,-1.788854381999831711e+00,-2.012461179749810647e+00,-1.341640786499873839e+00,-2.236067977499789805e+00,-8.944271909999158554e-01,-2.906888370749726391e+00,-1.341640786499873839e+00,-6.708203932499369193e-01,-4.472135954999579277e-01,-1.118033988749894903e+00,-1.565247584249852775e+00,-1.788854381999831711e+00,-2.906888370749726391e+00,-3.577708763999663422e+00,-3.130495168499705549e+00,-4.472135954999579610e+00,-2.236067977499789805e+00,-2.236067977499789805e+00,-1.565247584249852775e+00,-2.683281572999747677e+00,-4.024922359499621294e+00,-5.142956348249516196e+00,-3.130495168499705549e+00,-2.236067977499789805e+00,-2.683281572999747677e+00,-3.801315561749642136e+00,-4.472135954999579277e-01,4.472135954999579277e-01,-2.236067977499789639e-01,4.472135954999579277e-01,-4.472135954999579277e-01,6.708203932499369193e-01,6.708203932499369193e-01,1.788854381999831711e+00,4.472135954999579277e-01,4.472135954999579277e-01,-8.944271909999158554e-01,-2.012461179749810647e+00,-2.012461179749810647e+00,-1.565247584249852775e+00,0.000000000000000000e+00,-6.708203932499369193e-01,-2.236067977499789639e-01,4.472135954999579277e-01,3.577708763999663422e+00,4.472135954999579610e+00,3.801315561749642136e+00,4.248529157249600452e+00,4.024922359499621294e+00,4.695742752749557880e+00,5.366563145999495354e+00,6.037383539249431941e+00,4.695742752749557880e+00,2.236067977499789805e+00,2.236067977499789805e+00,2.459674775249768519e+00,3.577708763999663422e+00,3.130495168499705549e+00,2.236067977499789805e+00,6.708203932499369193e-01,1.788854381999831711e+00,2.012461179749810647e+00,2.236067977499789805e+00,-2.236067977499789639e-01,1.341640786499873839e+00,6.708203932499369193e-01,-1.118033988749894903e+00,-4.472135954999579277e-01,0.000000000000000000e+00,1.118033988749894903e+00,8.944271909999158554e-01,2.236067977499789639e-01,0.000000000000000000e+00,-6.708203932499369193e-01,-1.341640786499873839e+00,-8.944271909999158554e-01,-8.944271909999158554e-01,-2.012461179749810647e+00,-2.012461179749810647e+00,-1.118033988749894903e+00,-1.565247584249852775e+00,-2.236067977499789805e+00,-1.565247584249852775e+00,-1.341640786499873839e+00,-1.565247584249852775e+00,-2.012461179749810647e+00,-1.788854381999831711e+00,-8.944271909999158554e-01,6.708203932499369193e-01,4.472135954999579277e-01,-2.236067977499789639e-01,-4.472135954999579277e-01,-2.236067977499789639e-01,-8.944271909999158554e-01,-1.118033988749894903e+00,-2.012461179749810647e+00,-2.236067977499789639e-01,-1.118033988749894903e+00,-1.118033988749894903e+00,-2.236067977499789805e+00,-4.695742752749557880e+00,-4.919349550499537038e+00,-4.024922359499621294e+00,-1.788854381999831711e+00,-4.472135954999579277e-01,4.472135954999579277e-01,-1.565247584249852775e+00,-2.459674775249768519e+00,-1.118033988749894903e+00,-4.472135954999579277e-01,-6.708203932499369193e-01,-4.472135954999579277e-01,-2.236067977499789805e+00,-2.906888370749726391e+00,-2.459674775249768519e+00,-2.012461179749810647e+00,-1.118033988749894903e+00,-2.683281572999747677e+00,-4.472135954999579277e-01,1.118033988749894903e+00,2.236067977499789639e-01,6.708203932499369193e-01,0.000000000000000000e+00,-4.472135954999579277e-01,-2.012461179749810647e+00,-3.801315561749642136e+00,-2.906888370749726391e+00,-3.354101966249684263e+00,-2.012461179749810647e+00,-3.354101966249684263e+00,-2.906888370749726391e+00,-2.683281572999747677e+00,-8.944271909999158554e-01,-8.944271909999158554e-01,-1.118033988749894903e+00,-6.708203932499369193e-01,-2.236067977499789639e-01,-1.118033988749894903e+00,2.236067977499789639e-01,8.944271909999158554e-01,-2.236067977499789639e-01,-8.944271909999158554e-01,-2.906888370749726391e+00,-2.906888370749726391e+00,-2.012461179749810647e+00,-2.236067977499789805e+00,-6.708203932499369193e-01,-2.459674775249768519e+00,-2.906888370749726391e+00,-4.472135954999579277e-01,-2.012461179749810647e+00,-3.130495168499705549e+00,-4.248529157249600452e+00,-6.037383539249431941e+00,-6.260990336999411099e+00,-6.037383539249431941e+00,-3.801315561749642136e+00,-4.248529157249600452e+00,-3.354101966249684263e+00,-3.354101966249684263e+00,-2.012461179749810647e+00,-4.472135954999579277e-01,-1.118033988749894903e+00,-1.788854381999831711e+00,0.000000000000000000e+00,2.459674775249768519e+00,3.577708763999663422e+00,4.472135954999579610e+00,2.459674775249768519e+00,1.118033988749894903e+00,6.708203932499369193e-01,1.118033988749894903e+00,1.118033988749894903e+00,2.236067977499789639e-01,2.236067977499789639e-01,1.118033988749894903e+00,1.565247584249852775e+00,1.341640786499873839e+00,6.708203932499369193e-01,1.118033988749894903e+00,4.472135954999579277e-01,2.236067977499789639e-01,-2.236067977499789639e-01,6.708203932499369193e-01,2.459674775249768519e+00,1.565247584249852775e+00,-4.472135954999579277e-01,1.118033988749894903e+00,3.577708763999663422e+00,3.577708763999663422e+00,2.683281572999747677e+00,6.708203932499369193e-01,-4.472135954999579277e-01,-2.459674775249768519e+00,-4.695742752749557880e+00,-4.248529157249600452e+00,-4.248529157249600452e+00,-4.919349550499537038e+00,-4.695742752749557880e+00,-5.366563145999495354e+00,-6.260990336999411099e+00,-5.366563145999495354e+00,-5.590169943749473624e+00,-6.037383539249431941e+00,-7.379024325749306001e+00,-5.590169943749473624e+00,-5.590169943749473624e+00,-6.037383539249431941e+00,-7.155417527999326843e+00,-8.049844718999242588e+00,-6.931810730249347685e+00,-6.260990336999411099e+00,-6.931810730249347685e+00,-4.695742752749557880e+00,-4.472135954999579610e+00,-5.366563145999495354e+00,-5.366563145999495354e+00,-3.354101966249684263e+00,-3.130495168499705549e+00,-2.236067977499789805e+00,-2.012461179749810647e+00,-2.236067977499789639e-01,-2.236067977499789639e-01,1.341640786499873839e+00,1.565247584249852775e+00,3.130495168499705549e+00,3.354101966249684263e+00,4.024922359499621294e+00,2.012461179749810647e+00,4.024922359499621294e+00,4.472135954999579610e+00,3.354101966249684263e+00,5.142956348249516196e+00,4.472135954999579610e+00,4.024922359499621294e+00,1.565247584249852775e+00,1.788854381999831711e+00,2.236067977499789639e-01,-2.236067977499789639e-01,-4.472135954999579277e-01,6.708203932499369193e-01,3.130495168499705549e+00,2.236067977499789805e+00,2.459674775249768519e+00,1.341640786499873839e+00,8.944271909999158554e-01,8.944271909999158554e-01,6.708203932499369193e-01,2.236067977499789639e-01,4.472135954999579277e-01,-4.472135954999579277e-01,-8.944271909999158554e-01,-1.341640786499873839e+00,-1.118033988749894903e+00,-4.472135954999579277e-01,-1.118033988749894903e+00,-1.341640786499873839e+00,-1.341640786499873839e+00,-4.248529157249600452e+00,-2.459674775249768519e+00,-2.012461179749810647e+00,-2.012461179749810647e+00,-1.788854381999831711e+00,-2.683281572999747677e+00,-6.708203932499369193e-01,-2.236067977499789639e-01,-1.118033988749894903e+00,-8.944271909999158554e-01,4.472135954999579277e-01,6.708203932499369193e-01,6.708203932499369193e-01,1.341640786499873839e+00,6.708203932499369193e-01,-1.788854381999831711e+00,-3.130495168499705549e+00,-1.788854381999831711e+00,1.341640786499873839e+00,3.354101966249684263e+00,1.788854381999831711e+00,1.118033988749894903e+00,8.944271909999158554e-01,-2.236067977499789639e-01,2.236067977499789639e-01,-8.944271909999158554e-01,4.472135954999579277e-01,1.118033988749894903e+00,-4.472135954999579277e-01,-4.472135954999579277e-01,4.472135954999579277e-01,2.459674775249768519e+00,3.354101966249684263e+00,2.906888370749726391e+00,2.683281572999747677e+00,2.012461179749810647e+00,1.118033988749894903e+00,0.000000000000000000e+00,-4.472135954999579277e-01,-3.130495168499705549e+00,-4.248529157249600452e+00,-4.472135954999579610e+00,-4.472135954999579610e+00,-4.024922359499621294e+00,-3.577708763999663422e+00,-1.565247584249852775e+00,-1.788854381999831711e+00,-2.236067977499789639e-01,-2.236067977499789639e-01,4.472135954999579277e-01,-2.236067977499789639e-01,-1.118033988749894903e+00,-2.236067977499789805e+00,-2.012461179749810647e+00,-2.459674775249768519e+00,-2.459674775249768519e+00,-2.459674775249768519e+00,-2.906888370749726391e+00,-2.906888370749726391e+00,-2.683281572999747677e+00,-2.012461179749810647e+00,-1.118033988749894903e+00,1.118033988749894903e+00,2.236067977499789639e-01,-4.472135954999579277e-01,-1.341640786499873839e+00,-3.801315561749642136e+00,-4.024922359499621294e+00,-2.236067977499789805e+00,-5.142956348249516196e+00,-6.484597134749389369e+00,-6.260990336999411099e+00,-6.931810730249347685e+00,-6.708203932499368527e+00,-4.248529157249600452e+00,-2.236067977499789805e+00,-2.459674775249768519e+00,-4.472135954999579610e+00,-4.248529157249600452e+00,-4.024922359499621294e+00,-3.130495168499705549e+00,-2.236067977499789805e+00,-6.708203932499369193e-01,-8.944271909999158554e-01,-1.118033988749894903e+00,-1.788854381999831711e+00,-4.472135954999579277e-01,-6.708203932499369193e-01,-4.472135954999579277e-01,2.236067977499789639e-01,-4.472135954999579277e-01,6.708203932499369193e-01,2.459674775249768519e+00,3.801315561749642136e+00,4.472135954999579610e+00,6.708203932499368527e+00,6.260990336999411099e+00,6.260990336999411099e+00,8.273451516749220858e+00,9.391485505499115760e+00,7.826237921249263430e+00,8.720665112249179174e+00,9.838699100999074076e+00,1.028591269649903239e+01,8.273451516749220858e+00,9.167878707749137490e+00,9.615092303249095806e+00,9.391485505499115760e+00,7.826237921249263430e+00,8.049844718999242588e+00,9.167878707749137490e+00,9.615092303249095806e+00,8.273451516749220858e+00,8.273451516749220858e+00,8.720665112249179174e+00,6.260990336999411099e+00,4.919349550499537038e+00,5.366563145999495354e+00,5.366563145999495354e+00,5.590169943749473624e+00,5.366563145999495354e+00,5.142956348249516196e+00,4.695742752749557880e+00,1.565247584249852775e+00,1.565247584249852775e+00,1.341640786499873839e+00,6.708203932499369193e-01,0.000000000000000000e+00,4.472135954999579277e-01,6.708203932499369193e-01,4.472135954999579277e-01,2.236067977499789639e-01,1.341640786499873839e+00,2.236067977499789805e+00,2.012461179749810647e+00,1.565247584249852775e+00,3.130495168499705549e+00,2.906888370749726391e+00,5.590169943749473624e+00,4.919349550499537038e+00,4.472135954999579610e+00,3.801315561749642136e+00,4.695742752749557880e+00,2.459674775249768519e+00,1.341640786499873839e+00,-6.708203932499369193e-01,-4.472135954999579277e-01,1.341640786499873839e+00,3.577708763999663422e+00,1.341640786499873839e+00,1.341640786499873839e+00,1.118033988749894903e+00,3.130495168499705549e+00,1.341640786499873839e+00,6.708203932499369193e-01,2.236067977499789805e+00,1.788854381999831711e+00,2.906888370749726391e+00,3.354101966249684263e+00,4.919349550499537038e+00,3.354101966249684263e+00,4.695742752749557880e+00,4.919349550499537038e+00,4.472135954999579610e+00,5.142956348249516196e+00,5.142956348249516196e+00,4.695742752749557880e+00,1.788854381999831711e+00,1.565247584249852775e+00,1.118033988749894903e+00,2.236067977499789639e-01,6.708203932499369193e-01,1.565247584249852775e+00,1.788854381999831711e+00,-4.472135954999579277e-01,8.944271909999158554e-01,1.565247584249852775e+00,0.000000000000000000e+00,-1.788854381999831711e+00,-2.012461179749810647e+00,-1.788854381999831711e+00,-8.944271909999158554e-01,2.236067977499789639e-01,1.788854381999831711e+00,1.341640786499873839e+00,6.708203932499369193e-01,1.565247584249852775e+00,3.130495168499705549e+00,2.683281572999747677e+00,4.248529157249600452e+00,3.577708763999663422e+00,2.012461179749810647e+00
-4.472135954999579610e+00,-4.695742752749557880e+00,-3.354101966249684263e+00,-1.788854381999831711e+00,-2.683281572999747677e+00,-4.472135954999579610e+00,-5.366563145999495354e+00,-4.248529157249600452e+00,-2.906888370749726391e+00,-2.236067977499789805e+00,-3.801315561749642136e+00,-3.354101966249684263e+00,-4.024922359499621294e+00,-3.354101966249684263e+00,-2.012461179749810647e+00,-2.012461179749810647e+00,-1.788854381999831711e+00,-4.248529157249600452e+00,-5.366563145999495354e+00,-4.919349550499537038e+00,-3.577708763999663422e+00,-1.341640786499873839e+00,-2.236067977499789805e+00,-1.118033988749894903e+00,-2.236067977499789805e+00,-4.919349550499537038e+00,-5.813776741499452783e+00,-6.260990336999411099e+00,-5.813776741499452783e+00,-5.366563145999495354e+00,-5.142956348249516196e+00,-6.037383539249431941e+00,-7.379024325749306001e+00,-5.813776741499452783e+00,-8.049844718999242588e+00,-6.708203932499368527e+00,-6.931810730249347685e+00,-7.155417527999326843e+00,-7.155417527999326843e+00,-6.260990336999411099e+00,-5.366563145999495354e+00,-6.484597134749389369e+00,-6.037383539249431941e+00,-7.379024325749306001e+00,-6.708203932499368527e+00,-7.602631123499284271e+00,-7.826237921249263430e+00,-6.484597134749389369e+00,-6.037383539249431941e+00,-6.931810730249347685e+00,-6.260990336999411099e+00,-7.826237921249263430e+00,-5.590169943749473624e+00,-4.248529157249600452e+00,-3.577708763999663422e+00,-4.248529157249600452e+00,-4.919349550499537038e+00,-6.037383539249431941e+00,-5.590169943749473624e+00,-5.366563145999495354e+00,-6.484597134749389369e+00,-5.813776741499452783e+00,-7.826237921249263430e+00,-6.931810730249347685e+00,-6.484597134749389369e+00,-6.484597134749389369e+00,-6.260990336999411099e+00,-5.590169943749473624e+00,-4.024922359499621294e+00,-2.236067977499789805e+00,-2.906888370749726391e+00,-4.024922359499621294e+00,-3.130495168499705549e+00,-2.012461179749810647e+00,-2.236067977499789805e+00,-1.788854381999831711e+00,-1.565247584249852775e+00,-2.236067977499789639e-01,-6.708203932499369193e-01,-2.236067977499789805e+00,-1.118033988749894903e+00,-1.565247584249852775e+00,-1.118033988749894903e+00,6.708203932499369193e-01,8.944271909999158554e-01,1.118033988749894903e+00,2.012461179749810647e+00,6.708203932499369193e-01,2.236067977499789639e-01,-6.708203932499369193e-01,-4.472135954999579277e-01,2.236067977499789639e-01,-8.944271909999158554e-01,-1.118033988749894903e+00,4.472135954999579277e-01,1.341640786499873839e+00,1.565247584249852775e+00,2.236067977499789805e+00,3.354101966249684263e+00,2.012461179749810647e+00,2.236067977499789639e-01,1.565247584249852775e+00,1.788854381999831711e+00,1.118033988749894903e+00,6.708203932499369193e-01,6.708203932499369193e-01,-6.708203932499369193e-01,6.708203932499369193e-01,0.000000000000000000e+00,-1.565247584249852775e+00,-1.565247584249852775e+00,-2.459674775249768519e+00,-3.577708763999663422e+00,-4.472135954999579610e+00,-4.024922359499621294e+00,-2.459674775249768519e+00,-3.577708763999663422e+00,-4.024922359499621294e+00,-4.248529157249600452e+00,-1.788854381999831711e+00,0.000000000000000000e+00,-6.708203932499369193e-01,6.708203932499369193e-01,-2.236067977499789639e-01,0.000000000000000000e+00,1.788854381999831711e+00,2.012461179749810647e+00,2.459674775249768519e+00,4.248529157249600452e+00,5.366563145999495354e+00,3.354101966249684263e+00,3.130495168499705549e+00,1.341640786499873839e+00,1.118033988749894903e+00,6.708203932499369193e-01,8.944271909999158554e-01,2.236067977499789639e-01,4.472135954999579277e-01,6.708203932499369193e-01,-2.459674775249768519e+00,-2.906888370749726391e+00,-2.906888370749726391e+00,-4.024922359499621294e+00,-4.695742752749557880e+00,-2.906888370749726391e+00,-2.683281572999747677e+00,-3.130495168499705549e+00,-4.024922359499621294e+00,-2.236067977499789805e+00,-2.459674775249768519e+00,-2.236067977499789805e+00,-1.341640786499873839e+00,-6.708203932499369193e-01,-1.118033988749894903e+00,1.565247584249852775e+00,2.236067977499789805e+00,2.012461179749810647e+00,4.024922359499621294e+00,5.813776741499452783e+00,4.919349550499537038e+00,4.695742752749557880e+00,4.024922359499621294e+00,4.248529157249600452e+00,4.695742752749557880e+00,6.484597134749389369e+00,7.155417527999326843e+00,6.260990336999411099e+00,6.260990336999411099e+00,6.931810730249347685e+00,7.826237921249263430e+00,9.167878707749137490e+00,7.602631123499284271e+00,5.366563145999495354e+00,3.801315561749642136e+00,3.130495168499705549e+00,2.459674775249768519e+00,4.248529157249600452e+00,4.695742752749557880e+00,5.142956348249516196e+00,5.366563145999495354e+00,5.590169943749473624e+00,6.037383539249431941e+00,4.919349550499537038e+00,2.459674775249768519e+00,1.341640786499873839e+00,1.788854381999831711e+00,2.459674775249768519e+00,1.565247584249852775e+00,2.012461179749810647e+00,2.236067977499789805e+00,8.944271909999158554e-01,6.708203932499369193e-01,-2.236067977499789639e-01,-8.944271909999158554e-01,6.708203932499369193e-01,0.000000000000000000e+00,1.788854381999831711e+00,2.012461179749810647e+00,1.341640786499873839e+00,4.472135954999579277e-01,8.944271909999158554e-01,1.341640786499873839e+00,8.944271909999158554e-01,6.708203932499369193e-01,-2.236067977499789639e-01,1.788854381999831711e+00,2.012461179749810647e+00,1.788854381999831711e+00,1.788854381999831711e+00,3.354101966249684263e+00,3.577708763999663422e+00,2.683281572999747677e+00,2.236067977499789805e+00,3.130495168499705549e+00,3.130495168499705549e+00,2.683281572999747677e+00,2.012461179749810647e+00,2.236067977499789805e+00,2.906888370749726391e+00,2.012461179749810647e+00,1.118033988749894903e+00,8.944271909999158554e-01,-2.236067977499789639e-01,8.944271909999158554e-01,-1.118033988749894903e+00,-1.565247584249852775e+00,-1.788854381999831711e+00,-2.012461179749810647e+00,-2.906888370749726391e+00,-2.683281572999747677e+00,-3.801315561749642136e+00,-1.118033988749894903e+00,-4.472135954999579277e-01,-8.944271909999158554e-01,-8.944271909999158554e-01,-1.788854381999831711e+00,-8.944271909999158554e-01,4.472135954999579277e-01,1.118033988749894903e+00,-6.708203932499369193e-01,-8.944271909999158554e-01,-2.459674775249768519e+00,-2.012461179749810647e+00,0.000000000000000000e+00,-1.118033988749894903e+00,-4.472135954999579277e-01,-4.472135954999579277e-01,1.565247584249852775e+00,0.000000000000000000e+00,-8.944271909999158554e-01,-6.708203932499369193e-01,-8.944271909999158554e-01,-1.118033988749894903e+00,-1.341640786499873839e+00,-1.565247584249852775e+00,4.472135954999579277e-01,4.472135954999579277e-01,1.118033988749894903e+00,4.472135954999579277e-01,-8.944271909999158554e-01,0.000000000000000000e+00,8.944271909999158554e-01,1.118033988749894903e+00,2.012461179749810647e+00,1.118033988749894903e+00,0.000000000000000000e+00,2.236067977499789639e-01,-1.565247584249852775e+00,-2.236067977499789805e+00,-2.459674775249768519e+00,-1.341640786499873839e+00,-2.012461179749810647e+00,-1.788854381999831711e+00,-1.565247584249852775e+00,-1.565247584249852775e+00,-1.565247584249852775e+00,-3.354101966249684263e+00,-4.024922359499621294e+00,-2.459674775249768519e+00,-2.906888370749726391e+00,-3.130495168499705549e+00,-2.012461179749810647e+00,-2.683281572999747677e+00,-2.683281572999747677e+00,-2.459674775249768519e+00,-2.683281572999747677e+00,-4.472135954999579610e+00,-4.024922359499621294e+00,-4.248529157249600452e+00,-4.248529157249600452e+00,-4.472135954999579610e+00,-2.906888370749726391e+00,-3.130495168499705549e+00,-2.683281572999747677e+00,-3.577708763999663422e+00,-5.813776741499452783e+00,-6.708203932499368527e+00,-6.260990336999411099e+00,-4.919349550499537038e+00,-5.813776741499452783e+00,-5.590169943749473624e+00,-3.577708763999663422e+00,-3.577708763999663422e+00,-2.683281572999747677e+00,-2.236067977499789639e-01,3.354101966249684263e+00,1.341640786499873839e+00,1.118033988749894903e+00,2.236067977499789639e-01,6.708203932499369193e-01,-8.944271909999158554e-01,-1.565247584249852775e+00,-8.944271909999158554e-01,-1.565247584249852775e+00,-2.236067977499789805e+00,-1.788854381999831711e+00,-1.788854381999831711e+00,-1.341640786499873839e+00,8.944271909999158554e-01,2.236067977499789805e+00,3.577708763999663422e+00,3.577708763999663422e+00,4.024922359499621294e+00,3.130495168499705549e+00,4.472135954999579277e-01,1.341640786499873839e+00,2.236067977499789805e+00,4.472135954999579610e+00,4.472135954999579610e+00,2.459674775249768519e+00,2.459674775249768519e+00,1.788854381999831711e+00,2.459674775249768519e+00,2.683281572999747677e+00,1.788854381999831711e+00,2.236067977499789639e-01,1.118033988749894903e+00,1.788854381999831711e+00,1.118033988749894903e+00,-8.944271909999158554e-01,-1.788854381999831711e+00,-8.944271909999158554e-01,-4.472135954999579277e-01,-8.944271909999158554e-01,-2.236067977499789639e-01,4.472135954999579277e-01,1.565247584249852775e+00,1.341640786499873839e+00,8.944271909999158554e-01,1.788854381999831711e+00,1.341640786499873839e+00,-1.118033988749894903e+00,4.472135954999579277e-01,-2.236067977499789639e-01,8.944271909999158554e-01,-1.788854381999831711e+00,-1.788854381999831711e+00,-1.118033988749894903e+00,-2.236067977499789805e+00,-2.683281572999747677e+00,-2.683281572999747677e+00,-2.459674775249768519e+00,-3.130495168499705549e+00,-5.366563145999495354e+00,-3.801315561749642136e+00,-3.801315561749642136e+00,-4.248529157249600452e+00,-1.341640786499873839e+00,-2.012461179749810647e+00,-1.565247584249852775e+00,2.236067977499789639e-01,-6.708203932499369193e-01,-1.565247584249852775e+00,-2.683281572999747677e+00,-2.906888370749726391e+00,-2.012461179749810647e+00,-2.459674775249768519e+00,-3.354101966249684263e+00,-4.024922359499621294e+00,-3.801315561749642136e+00,-2.683281572999747677e+00,-2.459674775249768519e+00,-2.236067977499789805e+00,-2.906888370749726391e+00,-2.459674775249768519e+00,-2.236067977499789639e-01,-6.708203932499369193e-01,2.236067977499789639e-01,1.118033988749894903e+00,1.341640786499873839e+00,2.459674775249768519e+00,1.788854381999831711e+00,1.118033988749894903e+00,1.788854381999831711e+00,6.708203932499369193e-01,1.341640786499873839e+00,1.565247584249852775e+00,-4.472135954999579277e-01,-4.472135954999579277e-01,-6.708203932499369193e-01,1.341640786499873839e+00,2.236067977499789805e+00,1.788854381999831711e+00,1.118033988749894903e+00,1.118033988749894903e+00,6.708203932499369193e-01,1.341640786499873839e+00,8.944271909999158554e-01,-8.944271909999158554e-01,6.708203932499369193e-01,8.944271909999158554e-01,1.788854381999831711e+00,-6.708203932499369193e-01,2.236067977499789639e-01,-8.944271909999158554e-01,-1.118033988749894903e+00,6.708203932499369193e-01,4.472135954999579277e-01,-2.236067977499789639e-01,4.472135954999579277e-01,0.000000000000000000e+00,-2.236067977499789639e-01,6.708203932499369193e-01,1.565247584249852775e+00,1.788854381999831711e+00,1.565247584249852775e+00,2.236067977499789639e-01,1.118033988749894903e+00,2.236067977499789639e-01,6.708203932499369193e-01,2.236067977499789639e-01,-2.236067977499789639e-01,-2.236067977499789639e-01,-1.565247584249852775e+00,-4.024922359499621294e+00,-3.577708763999663422e+00,-5.590169943749473624e+00,-6.708203932499368527e+00,-7.826237921249263430e+00,-7.826237921249263430e+00,-8.497058314499200904e+00,-8.720665112249179174e+00,-7.602631123499284271e+00,-8.497058314499200904e+00,-8.497058314499200904e+00,-6.484597134749389369e+00,-6.260990336999411099e+00,-6.484597134749389369e+00,-8.049844718999242588e+00,-6.260990336999411099e+00,-5.142956348249516196e+00,-3.577708763999663422e+00,-3.577708763999663422e+00,-3.801315561749642136e+00,-2.459674775249768519e+00,-2.683281572999747677e+00,-3.801315561749642136e+00,-3.354101966249684263e+00,-2.683281572999747677e+00,-2.236067977499789805e+00,-1.118033988749894903e+00,-1.341640786499873839e+00,-2.459674775249768519e+00,-1.788854381999831711e+00,-8.944271909999158554e-01,-3.354101966249684263e+00,-2.906888370749726391e+00,-2.236067977499789805e+00,-4.024922359499621294e+00,-6.037383539249431941e+00,-6.931810730249347685e+00,-6.931810730249347685e+00,-7.379024325749306001e+00,-4.695742752749557880e+00,-3.577708763999663422e+00,-3.130495168499705549e+00,-1.341640786499873839e+00,-2.683281572999747677e+00,-1.788854381999831711e+00,-2.236067977499789805e+00,-1.118033988749894903e+00,2.236067977499789639e-01,-1.341640786499873839e+00,-3.577708763999663422e+00,-6.708203932499369193e-01,-1.788854381999831711e+00,-6.708203932499369193e-01,0.000000000000000000e+00,-1.341640786499873839e+00,-3.577708763999663422e+00,-4.248529157249600452e+00,-2.012461179749810647e+00,-1.118033988749894903e+00,-1.341640786499873839e+00,-1.788854381999831711e+00,-3.354101966249684263e+00,-4.024922359499621294e+00,-4.472135954999579277e-01,2.236067977499789639e-01,-4.472135954999579277e-01
2.236067977499789805e+00,3.130495168499705549e+00,2.906888370749726391e+00,1.565247584249852775e+00,8.944271909999158554e-01,-2.236067977499789639e-01,-6.708203932499369193e-01,-2.012461179749810647e+00,-2.459674775249768519e+00,-2.012461179749810647e+00,-2.906888370749726391e+00,-3.354101966249684263e+00,-4.472135954999579610e+00,-4.919349550499537038e+00,-2.683281572999747677e+00,-1.118033988749894903e+00,-2.459674775249768519e+00,-1.788854381999831711e+00,-1.341640786499873839e+00,-6.708203932499369193e-01,-6.708203932499369193e-01,1.118033988749894903e+00,2.236067977499789805e+00,2.012461179749810647e+00,1.788854381999831711e+00,1.565247584249852775e+00,3.577708763999663422e+00,2.906888370749726391e+00,2.012461179749810647e+00,1.118033988749894903e+00,-2.236067977499789639e-01,-1.565247584249852775e+00,-2.459674775249768519e+00,-2.012461179749810647e+00,-2.906888370749726391e+00,-1.788854381999831711e+00,-8.944271909999158554e-01,0.000000000000000000e+00,-1.341640786499873839e+00,2.236067977499789639e-01,2.236067977499789639e-01,1.341640786499873839e+00,0.000000000000000000e+00,1.341640786499873839e+00,8.944271909999158554e-01,2.236067977499789639e-01,4.472135954999579277e-01,2.236067977499789805e+00,3.577708763999663422e+00,1.118033988749894903e+00,4.472135954999579277e-01,0.000000000000000000e+00,-6.708203932499369193e-01,-8.944271909999158554e-01,1.565247584249852775e+00,1.341640786499873839e+00,2.236067977499789805e+00,2.012461179749810647e+00,2.236067977499789805e+00,2.459674775249768519e+00,2.459674775249768519e+00,2.012461179749810647e+00,2.012461179749810647e+00,3.577708763999663422e+00,6.708203932499369193e-01,-6.708203932499369193e-01,-2.236067977499789639e-01,-1.118033988749894903e+00,-8.944271909999158554e-01,-4.472135954999579277e-01,-2.459674775249768519e+00,-1.118033988749894903e+00,-2.236067977499789805e+00,-2.236067977499789639e-01,0.000000000000000000e+00,8.944271909999158554e-01,2.683281572999747677e+00,3.354101966249684263e+00,4.024922359499621294e+00,3.130495168499705549e+00,2.012461179749810647e+00,3.577708763999663422e+00,2.012461179749810647e+00,0.000000000000000000e+00,0.000000000000000000e+00,2.012461179749810647e+00,1.341640786499873839e+00,1.565247584249852775e+00,-2.236067977499789639e-01,-2.459674775249768519e+00,-3.130495168499705549e+00,-3.130495168499705549e+00,-3.354101966249684263e+00,-4.024922359499621294e+00,-4.472135954999579610e+00,-2.906888370749726391e+00,-2.236067977499789805e+00,-3.130495168499705549e+00,-4.695742752749557880e+00,-5.590169943749473624e+00,-3.801315561749642136e+00,-8.944271909999158554e-01,-1.341640786499873839e+00,-1.341640786499873839e+00,-2.012461179749810647e+00,-2.906888370749726391e+00,-3.577708763999663422e+00,-2.459674775249768519e+00,-4.472135954999579610e+00,-4.248529157249600452e+00,-5.142956348249516196e+00,-3.577708763999663422e+00,-4.695742752749557880e+00,-5.366563145999495354e+00,-7.155417527999326843e+00,-6.708203932499368527e+00,-7.826237921249263430e+00,-7.826237921249263430e+00,-7.602631123499284271e+00,-6.931810730249347685e+00,-3.130495168499705549e+00,-2.459674775249768519e+00,-3.130495168499705549e+00,-1.565247584249852775e+00,-1.565247584249852775e+00,-1.788854381999831711e+00,-3.130495168499705549e+00,-3.354101966249684263e+00,-2.906888370749726391e+00,-3.801315561749642136e+00,-3.801315561749642136e+00,-3.577708763999663422e+00,-2.906888370749726391e+00,-2.012461179749810647e+00,-2.459674775249768519e+00,-2.683281572999747677e+00,-1.118033988749894903e+00,-1.565247584249852775e+00,-1.565247584249852775e+00,-1.565247584249852775e+00,-1.118033988749894903e+00,-1.118033988749894903e+00,-3.801315561749642136e+00,-3.577708763999663422e+00,-3.354101966249684263e+00,-3.577708763999663422e+00,-3.577708763999663422e+00,-4.695742752749557880e+00,-5.142956348249516196e+00,-4.248529157249600452e+00,-6.484597134749389369e+00,-5.366563145999495354e+00,-5.142956348249516196e+00,-3.801315561749642136e+00,-4.472135954999579610e+00,-2.459674775249768519e+00,-4.472135954999579277e-01,-1.341640786499873839e+00,-2.236067977499789639e-01,-1.341640786499873839e+00,-1.118033988749894903e+00,-6.708203932499369193e-01,-2.906888370749726391e+00,-1.341640786499873839e+00,-2.236067977499789805e+00,2.236067977499789639e-01,0.000000000000000000e+00,-2.236067977499789639e-01,2.683281572999747677e+00,1.118033988749894903e+00,2.683281572999747677e+00,2.906888370749726391e+00,1.788854381999831711e+00,1.788854381999831711e+00,6.708203932499369193e-01,4.472135954999579277e-01,-4.472135954999579277e-01,-1.788854381999831711e+00,-4.472135954999579277e-01,-1.341640786499873839e+00,-8.944271909999158554e-01,-8.944271909999158554e-01,-1.341640786499873839e+00,8.944271909999158554e-01,1.788854381999831711e+00,2.683281572999747677e+00,8.944271909999158554e-01,4.472135954999579277e-01,1.565247584249852775e+00,2.236067977499789639e-01,-8.944271909999158554e-01,-2.012461179749810647e+00,-1.341640786499873839e+00,-8.944271909999158554e-01,-6.708203932499369193e-01,8.944271909999158554e-01,3.577708763999663422e+00,4.024922359499621294e+00,4.919349550499537038e+00,2.236067977499789805e+00,6.708203932499369193e-01,-1.788854381999831711e+00,-2.459674775249768519e+00,-2.459674775249768519e+00,-1.118033988749894903e+00,-2.683281572999747677e+00,-2.012461179749810647e+00,2.236067977499789639e-01,1.341640786499873839e+00,4.472135954999579277e-01,1.788854381999831711e+00,4.472135954999579277e-01,-2.236067977499789639e-01,4.472135954999579277e-01,2.236067977499789639e-01,-2.236067977499789639e-01,-1.118033988749894903e+00,-8.944271909999158554e-01,-2.236067977499789805e+00,-2.683281572999747677e+00,-1.341640786499873839e+00,-1.565247584249852775e+00,-1.118033988749894903e+00,-2.236067977499789639e-01,2.236067977499789639e-01,-6.708203932499369193e-01,-1.118033988749894903e+00,-1.341640786499873839e+00,-1.118033988749894903e+00,-8.944271909999158554e-01,-2.236067977499789805e+00,-1.118033988749894903e+00,-2.236067977499789805e+00,-2.236067977499789805e+00,-1.118033988749894903e+00,-6.708203932499369193e-01,-1.118033988749894903e+00,-3.577708763999663422e+00,-3.130495168499705549e+00,-2.012461179749810647e+00,-1.118033988749894903e+00,-1.341640786499873839e+00,-1.565247584249852775e+00,-6.708203932499369193e-01,-6.708203932499369193e-01,-6.708203932499369193e-01,-6.708203932499369193e-01,-4.472135954999579277e-01,-8.944271909999158554e-01,0.000000000000000000e+00,0.000000000000000000e+00,1.118033988749894903e+00,8.944271909999158554e-01,1.341640786499873839e+00,-4.472135954999579277e-01,2.012461179749810647e+00,4.472135954999579610e+00,5.366563145999495354e+00,3.577708763999663422e+00,4.024922359499621294e+00,1.118033988749894903e+00,6.708203932499369193e-01,4.472135954999579277e-01,0.000000000000000000e+00,6.708203932499369193e-01,2.012461179749810647e+00,4.024922359499621294e+00,3.354101966249684263e+00,4.472135954999579610e+00,3.801315561749642136e+00,2.906888370749726391e+00,4.695742752749557880e+00,4.024922359499621294e+00,4.248529157249600452e+00,3.577708763999663422e+00,3.130495168499705549e+00,2.236067977499789639e-01,2.236067977499789639e-01,-1.565247584249852775e+00,-2.683281572999747677e+00,-3.354101966249684263e+00,-2.683281572999747677e+00,-2.459674775249768519e+00,-2.012461179749810647e+00,-6.708203932499369193e-01,-1.341640786499873839e+00,-1.788854381999831711e+00,-3.801315561749642136e+00,-4.024922359499621294e+00,-3.577708763999663422e+00,-3.577708763999663422e+00,-2.683281572999747677e+00,-1.565247584249852775e+00,2.236067977499789639e-01,6.708203932499369193e-01,0.000000000000000000e+00,-1.565247584249852775e+00,-2.012461179749810647e+00,-1.341640786499873839e+00,8.944271909999158554e-01,8.944271909999158554e-01,6.708203932499369193e-01,1.565247584249852775e+00,1.118033988749894903e+00,1.565247584249852775e+00,8.944271909999158554e-01,-6.708203932499369193e-01,-4.472135954999579277e-01,4.472135954999579277e-01,2.459674775249768519e+00,-8.944271909999158554e-01,-1.118033988749894903e+00,-1.565247584249852775e+00,-2.459674775249768519e+00,-2.906888370749726391e+00,-2.236067977499789805e+00,-4.248529157249600452e+00,-5.590169943749473624e+00,-4.919349550499537038e+00,-5.366563145999495354e+00,-3.801315561749642136e+00,-2.906888370749726391e+00,-4.248529157249600452e+00,-4.695742752749557880e+00,-5.813776741499452783e+00,-5.142956348249516196e+00,-4.919349550499537038e+00,-4.472135954999579610e+00,-4.919349550499537038e+00,-3.577708763999663422e+00,-3.130495168499705549e+00,2.236067977499789639e-01,4.472135954999579277e-01,6.708203932499369193e-01,-2.236067977499789639e-01,-8.944271909999158554e-01,4.472135954999579277e-01,-8.944271909999158554e-01,-1.565247584249852775e+00,-2.236067977499789805e+00,-2.906888370749726391e+00,-3.577708763999663422e+00,-5.142956348249516196e+00,-4.695742752749557880e+00,-1.565247584249852775e+00,-8.944271909999158554e-01,-1.788854381999831711e+00,-2.683281572999747677e+00,-2.236067977499789639e-01,8.944271909999158554e-01,4.472135954999579277e-01,-6.708203932499369193e-01,6.708203932499369193e-01,2.683281572999747677e+00,1.118033988749894903e+00,8.944271909999158554e-01,2.236067977499789639e-01,-2.236067977499789639e-01,8.944271909999158554e-01,2.012461179749810647e+00,1.788854381999831711e+00,1.341640786499873839e+00,1.341640786499873839e+00,6.708203932499369193e-01,-2.236067977499789639e-01,1.118033988749894903e+00,1.341640786499873839e+00,6.708203932499369193e-01,-4.472135954999579277e-01,-1.341640786499873839e+00,0.000000000000000000e+00,1.341640786499873839e+00,-4.472135954999579277e-01,-8.944271909999158554e-01,-2.459674775249768519e+00,-2.236067977499789805e+00,-2.012461179749810647e+00,-3.577708763999663422e+00,-2.236067977499789805e+00,-2.236067977499789805e+00,-3.130495168499705549e+00,-4.472135954999579610e+00,-4.472135954999579610e+00,-4.472135954999579610e+00,-4.024922359499621294e+00,-4.919349550499537038e+00,-3.801315561749642136e+00,-4.024922359499621294e+00,-4.024922359499621294e+00,-3.577708763999663422e+00,-6.037383539249431941e+00,-5.813776741499452783e+00,-6.484597134749389369e+00,-5.366563145999495354e+00,-4.024922359499621294e+00,-6.708203932499368527e+00,-8.497058314499200904e+00,-8.049844718999242588e+00,-7.826237921249263430e+00,-6.260990336999411099e+00,-6.484597134749389369e+00,-8.273451516749220858e+00,-7.379024325749306001e+00,-6.708203932499368527e+00,-7.155417527999326843e+00,-5.366563145999495354e+00,-4.024922359499621294e+00,-4.472135954999579610e+00,-3.801315561749642136e+00,-3.801315561749642136e+00,-1.788854381999831711e+00,-1.565247584249852775e+00,-2.906888370749726391e+00,-1.788854381999831711e+00,-2.236067977499789639e-01,4.472135954999579277e-01,2.236067977499789805e+00,2.683281572999747677e+00,2.906888370749726391e+00,3.577708763999663422e+00,4.695742752749557880e+00,3.130495168499705549e+00,5.366563145999495354e+00,5.142956348249516196e+00,4.919349550499537038e+00,5.590169943749473624e+00,5.366563145999495354e+00,5.813776741499452783e+00,5.590169943749473624e+00,3.801315561749642136e+00,3.130495168499705549e+00,1.565247584249852775e+00,2.906888370749726391e+00,4.695742752749557880e+00,4.024922359499621294e+00,5.142956348249516196e+00,4.919349550499537038e+00,3.577708763999663422e+00,4.024922359499621294e+00,5.590169943749473624e+00,5.813776741499452783e+00,4.695742752749557880e+00,5.142956348249516196e+00,4.472135954999579610e+00,5.813776741499452783e+00,3.354101966249684263e+00,4.024922359499621294e+00,4.248529157249600452e+00,7.155417527999326843e+00,5.813776741499452783e+00,5.813776741499452783e+00,7.826237921249263430e+00,9.391485505499115760e+00,9.391485505499115760e+00,9.167878707749137490e+00,1.073312629199899071e+01,1.028591269649903239e+01,9.838699100999074076e+00,6.484597134749389369e+00,8.273451516749220858e+00,8.720665112249179174e+00,7.602631123499284271e+00,9.838699100999074076e+00,8.720665112249179174e+00,6.708203932499368527e+00,7.602631123499284271e+00,7.602631123499284271e+00,6.708203932499368527e+00,5.813776741499452783e+00,7.379024325749306001e+00,7.155417527999326843e+00,6.037383539249431941e+00,8.049844718999242588e+00,9.167878707749137490e+00,7.379024325749306001e+00,7.155417527999326843e+00,8.720665112249179174e+00,9.391485505499115760e+00,8.049844718999242588e+00,7.379024325749306001e+00,6.260990336999411099e+00,3.130495168499705549e+00,4.472135954999579277e-01,1.788854381999831711e+00,4.248529157249600452e+00,4.024922359499621294e+00,3.130495168499705549e+00,1.565247584249852775e+00,1.341640786499873839e+00,-4.472135954999579277e-01,0.000000000000000000e+00,-1.565247584249852775e+00,8.944271909999158554e-01,1.565247584249852775e+00,2.012461179749810647e+00,8.944271909999158554e-01,-2.236067977499789639e-01,-2.012461179749810647e+00,-2.459674775249768519e+00,-3.130495168499705549e+00
-6.037383539249431941e+00,-6.708203932499368527e+00,-4.695742752749557880e+00,-4.472135954999579610e+00,-5.142956348249516196e+00,-4.024922359499621294e+00,-5.142956348249516196e+00,-6.931810730249347685e+00,-7.826237921249263430e+00,-8.944271909999159220e+00,-6.931810730249347685e+00,-5.590169943749473624e+00,-4.248529157249600452e+00,-4.695742752749557880e+00,-4.248529157249600452e+00,-4.024922359499621294e+00,-4.024922359499621294e+00,-3.801315561749642136e+00,-2.906888370749726391e+00,-3.801315561749642136e+00,-3.354101966249684263e+00,-2.906888370749726391e+00,-2.683281572999747677e+00,-3.577708763999663422e+00,-3.801315561749642136e+00,-1.341640786499873839e+00,8.944271909999158554e-01,6.708203932499369193e-01,-2.236067977499789805e+00,-6.708203932499369193e-01,-1.341640786499873839e+00,-2.236067977499789805e+00,-2.012461179749810647e+00,-2.236067977499789805e+00,-3.130495168499705549e+00,-1.565247584249852775e+00,-1.788854381999831711e+00,4.472135954999579277e-01,2.236067977499789639e-01,-6.708203932499369193e-01,-4.472135954999579277e-01,-1.788854381999831711e+00,-2.012461179749810647e+00,-4.024922359499621294e+00,-5.813776741499452783e+00,-5.366563145999495354e+00,-6.260990336999411099e+00,-7.602631123499284271e+00,-7.379024325749306001e+00,-6.931810730249347685e+00,-7.602631123499284271e+00,-8.944271909999159220e+00,-8.497058314499200904e+00,-8.944271909999159220e+00,-8.944271909999159220e+00,-9.391485505499115760e+00,-6.708203932499368527e+00,-7.826237921249263430e+00,-7.602631123499284271e+00,-7.155417527999326843e+00,-5.366563145999495354e+00,-3.577708763999663422e+00,-2.906888370749726391e+00,-4.919349550499537038e+00,-4.024922359499621294e+00,-4.472135954999579610e+00,-4.472135954999579610e+00,-3.354101966249684263e+00,-5.142956348249516196e+00,-4.695742752749557880e+00,-4.024922359499621294e+00,-4.248529157249600452e+00,-4.919349550499537038e+00,-5.590169943749473624e+00,-4.248529157249600452e+00,-4.919349550499537038e+00,-7.826237921249263430e+00,-8.273451516749220858e+00,-7.602631123499284271e+00,-7.155417527999326843e+00,-5.813776741499452783e+00,-5.142956348249516196e+00,-5.590169943749473624e+00,-4.248529157249600452e+00,-4.695742752749557880e+00,-5.590169943749473624e+00,-6.708203932499368527e+00,-6.708203932499368527e+00,-4.024922359499621294e+00,-3.130495168499705549e+00,-5.142956348249516196e+00,-5.366563145999495354e+00,-2.012461179749810647e+00,-1.565247584249852775e+00,-8.944271909999158554e-01,-2.236067977499789639e-01,-1.788854381999831711e+00,-6.708203932499369193e-01,0.000000000000000000e+00,6.708203932499369193e-01,2.459674775249768519e+00,2.459674775249768519e+00,4.472135954999579277e-01,2.459674775249768519e+00,1.788854381999831711e+00,1.565247584249852775e+00,3.354101966249684263e+00,1.788854381999831711e+00,0.000000000000000000e+00,2.236067977499789639e-01,0.000000000000000000e+00,6.708203932499369193e-01,2.012461179749810647e+00,2.683281572999747677e+00,2.906888370749726391e+00,2.906888370749726391e+00,3.801315561749642136e+00,1.341640786499873839e+00,2.236067977499789639e-01,-2.012461179749810647e+00,-2.459674775249768519e+00,-4.024922359499621294e+00,-4.695742752749557880e+00,-6.708203932499368527e+00,-7.379024325749306001e+00,-6.037383539249431941e+00,-4.024922359499621294e+00,-3.577708763999663422e+00,-4.024922359499621294e+00,-3.801315561749642136e+00,-4.472135954999579610e+00,-3.354101966249684263e+00,-2.459674775249768519e+00,-2.906888370749726391e+00,-1.788854381999831711e+00,-2.683281572999747677e+00,-2.906888370749726391e+00,-4.024922359499621294e+00,-3.130495168499705549e+00,-3.354101966249684263e+00,-2.906888370749726391e+00,-2.906888370749726391e+00,-2.012461179749810647e+00,-2.459674775249768519e+00,-2.236067977499789639e-01,-1.118033988749894903e+00,-1.118033988749894903e+00,-1.118033988749894903e+00,1.565247584249852775e+00,8.944271909999158554e-01,2.012461179749810647e+00,2.236067977499789805e+00,4.695742752749557880e+00,3.801315561749642136e+00,2.683281572999747677e+00,1.788854381999831711e+00,6.708203932499369193e-01,1.118033988749894903e+00,4.024922359499621294e+00,4.472135954999579610e+00,1.788854381999831711e+00,0.000000000000000000e+00,2.012461179749810647e+00,1.788854381999831711e+00,3.577708763999663422e+00,1.788854381999831711e+00,2.236067977499789805e+00,2.012461179749810647e+00,2.012461179749810647e+00,4.472135954999579277e-01,8.944271909999158554e-01,1.118033988749894903e+00,1.565247584249852775e+00,2.459674775249768519e+00,2.906888370749726391e+00,3.577708763999663422e+00,3.354101966249684263e+00,2.459674775249768519e+00,2.236067977499789805e+00,5.142956348249516196e+00,5.590169943749473624e+00,6.037383539249431941e+00,4.472135954999579610e+00,4.024922359499621294e+00,3.354101966249684263e+00,4.695742752749557880e+00,5.142956348249516196e+00,4.248529157249600452e+00,4.248529157249600452e+00,4.024922359499621294e+00,6.037383539249431941e+00,4.695742752749557880e+00,5.813776741499452783e+00,3.354101966249684263e+00,3.130495168499705549e+00,2.236067977499789805e+00,2.012461179749810647e+00,8.944271909999158554e-01,-8.944271909999158554e-01,-2.012461179749810647e+00,-2.236067977499789805e+00,-3.577708763999663422e+00,-2.906888370749726391e+00,-4.024922359499621294e+00,-2.906888370749726391e+00,-4.919349550499537038e+00,-4.472135954999579610e+00,-4.024922359499621294e+00,-4.248529157249600452e+00,-4.472135954999579610e+00,-4.472135954999579610e+00,-3.577708763999663422e+00,-3.354101966249684263e+00,-2.236067977499789805e+00,-1.565247584249852775e+00,6.708203932499369193e-01,-8.944271909999158554e-01,6.708203932499369193e-01,-1.788854381999831711e+00,-2.906888370749726391e+00,-4.472135954999579610e+00,-3.801315561749642136e+00,-4.024922359499621294e+00,-3.354101966249684263e+00,-2.906888370749726391e+00,-2.459674775249768519e+00,-1.788854381999831711e+00,6.708203932499369193e-01,8.944271909999158554e-01,8.944271909999158554e-01,8.944271909999158554e-01,1.118033988749894903e+00,1.565247584249852775e+00,1.565247584249852775e+00,2.236067977499789639e-01,2.236067977499789805e+00,1.341640786499873839e+00,2.236067977499789639e-01,-8.944271909999158554e-01,6.708203932499369193e-01,0.000000000000000000e+00,0.000000000000000000e+00,-2.236067977499789639e-01,2.236067977499789805e+00,1.565247584249852775e+00,2.683281572999747677e+00,4.024922359499621294e+00,2.459674775249768519e+00,2.012461179749810647e+00,2.906888370749726391e+00,1.341640786499873839e+00,8.944271909999158554e-01,1.118033988749894903e+00,1.118033988749894903e+00,2.906888370749726391e+00,2.012461179749810647e+00,1.788854381999831711e+00,2.236067977499789805e+00,2.906888370749726391e+00,3.354101966249684263e+00,2.906888370749726391e+00,2.906888370749726391e+00,2.683281572999747677e+00,4.472135954999579277e-01,-2.236067977499789639e-01,2.236067977499789639e-01,-1.788854381999831711e+00,-2.683281572999747677e+00,0.000000000000000000e+00,0.000000000000000000e+00,1.118033988749894903e+00,2.236067977499789639e-01,2.236067977499789639e-01,-2.236067977499789639e-01,4.472135954999579277e-01,8.944271909999158554e-01,2.236067977499789639e-01,8.944271909999158554e-01,-6.708203932499369193e-01,-8.944271909999158554e-01,-1.341640786499873839e+00,-1.118033988749894903e+00,-2.459674775249768519e+00,-1.565247584249852775e+00,6.708203932499369193e-01,2.236067977499789639e-01,2.236067977499789639e-01,-2.236067977499789639e-01,1.788854381999831711e+00,8.944271909999158554e-01,-2.236067977499789639e-01,-8.944271909999158554e-01,-8.944271909999158554e-01,-1.341640786499873839e+00,-1.788854381999831711e+00,-3.354101966249684263e+00,-2.012461179749810647e+00,-2.906888370749726391e+00,-2.459674775249768519e+00,-1.788854381999831711e+00,-4.472135954999579277e-01,-4.472135954999579277e-01,0.000000000000000000e+00,-1.565247584249852775e+00,-2.236067977499789639e-01,-1.341640786499873839e+00,-8.944271909999158554e-01,-1.788854381999831711e+00,-2.459674775249768519e+00,-1.341640786499873839e+00,-3.130495168499705549e+00,-2.906888370749726391e+00,-2.236067977499789805e+00,-1.118033988749894903e+00,-2.236067977499789805e+00,-4.024922359499621294e+00,-4.248529157249600452e+00,-5.142956348249516196e+00,-5.366563145999495354e+00,-6.931810730249347685e+00,-5.813776741499452783e+00,-7.155417527999326843e+00,-7.826237921249263430e+00,-6.484597134749389369e+00,-4.919349550499537038e+00,-5.142956348249516196e+00,-7.379024325749306001e+00,-7.826237921249263430e+00,-9.391485505499115760e+00,-7.602631123499284271e+00,-6.931810730249347685e+00,-6.484597134749389369e+00,-7.155417527999326843e+00,-6.260990336999411099e+00,-5.142956348249516196e+00,-6.037383539249431941e+00,-3.577708763999663422e+00,-4.024922359499621294e+00,-3.130495168499705549e+00,-1.341640786499873839e+00,-2.683281572999747677e+00,-3.130495168499705549e+00,-2.906888370749726391e+00,-4.919349550499537038e+00,-4.248529157249600452e+00,-2.683281572999747677e+00,-2.236067977499789805e+00,-1.788854381999831711e+00,-1.565247584249852775e+00,-1.565247584249852775e+00,-3.130495168499705549e+00,-3.130495168499705549e+00,-4.472135954999579610e+00,-5.590169943749473624e+00,-4.919349550499537038e+00,-4.695742752749557880e+00,-2.459674775249768519e+00,-2.906888370749726391e+00,-2.012461179749810647e+00,-2.906888370749726391e+00,-4.695742752749557880e+00,-4.024922359499621294e+00,-2.906888370749726391e+00,-5.590169943749473624e+00,-6.037383539249431941e+00,-6.484597134749389369e+00,-4.919349550499537038e+00,-5.813776741499452783e+00,-3.577708763999663422e+00,-5.142956348249516196e+00,-4.248529157249600452e+00,-5.366563145999495354e+00,-4.024922359499621294e+00,-3.354101966249684263e+00,-1.565247584249852775e+00,-2.459674775249768519e+00,-2.906888370749726391e+00,-3.801315561749642136e+00,-3.130495168499705549e+00,-2.236067977499789805e+00,-1.788854381999831711e+00,-1.565247584249852775e+00,-3.577708763999663422e+00,-3.801315561749642136e+00,-4.695742752749557880e+00,-3.354101966249684263e+00,-4.472135954999579610e+00,-2.906888370749726391e+00,-3.130495168499705549e+00,-2.683281572999747677e+00,-2.683281572999747677e+00,-2.236067977499789639e-01,-2.459674775249768519e+00,-2.236067977499789805e+00,-1.565247584249852775e+00,-2.012461179749810647e+00,-1.341640786499873839e+00,0.000000000000000000e+00,8.944271909999158554e-01,2.459674775249768519e+00,1.788854381999831711e+00,1.565247584249852775e+00,2.683281572999747677e+00,2.236067977499789805e+00,1.118033988749894903e+00,-4.472135954999579277e-01,-4.472135954999579277e-01,-8.944271909999158554e-01,-8.944271909999158554e-01,-2.236067977499789639e-01,-6.708203932499369193e-01,2.236067977499789639e-01,2.012461179749810647e+00,4.472135954999579610e+00,4.919349550499537038e+00,2.683281572999747677e+00,1.788854381999831711e+00,2.906888370749726391e+00,4.024922359499621294e+00,4.472135954999579610e+00,3.130495168499705549e+00,2.683281572999747677e+00,2.459674775249768519e+00,8.944271909999158554e-01,-8.944271909999158554e-01,-1.565247584249852775e+00,2.236067977499789639e-01,-1.118033988749894903e+00,-2.012461179749810647e+00,-2.459674775249768519e+00,-2.012461179749810647e+00,-4.024922359499621294e+00,-2.459674775249768519e+00,-1.341640786499873839e+00,-1.118033988749894903e+00,-1.341640786499873839e+00,-1.341640786499873839e+00,-1.118033988749894903e+00,-1.565247584249852775e+00,-8.944271909999158554e-01,-2.012461179749810647e+00,-1.788854381999831711e+00,0.000000000000000000e+00,-2.236067977499789639e-01,-4.472135954999579277e-01,2.236067977499789639e-01,-1.118033988749894903e+00,4.472135954999579277e-01,-2.236067977499789639e-01,-8.944271909999158554e-01,-6.708203932499369193e-01,-2.236067977499789639e-01,1.341640786499873839e+00,4.472135954999579610e+00,4.919349550499537038e+00,4.695742752749557880e+00,4.248529157249600452e+00,4.695742752749557880e+00,6.931810730249347685e+00,5.590169943749473624e+00,5.590169943749473624e+00,2.906888370749726391e+00,2.906888370749726391e+00,1.788854381999831711e+00,2.683281572999747677e+00,2.906888370749726391e+00,3.354101966249684263e+00,3.801315561749642136e+00,4.024922359499621294e+00,5.366563145999495354e+00,3.130495168499705549e+00,2.012461179749810647e+00,2.236067977499789639e-01,8.944271909999158554e-01,2.236067977499789805e+00,3.354101966249684263e+00,4.695742752749557880e+00,4.919349550499537038e+00,4.919349550499537038e+00,5.366563145999495354e+00,6.931810730249347685e+00,5.813776741499452783e+00,4.919349550499537038e+00,4.024922359499621294e+00,4.695742752749557880e+00,5.366563145999495354e+00,5.142956348249516196e+00,3.801315561749642136e+00,5.142956348249516196e+00,4.919349550499537038e+00,2.906888370749726391e+00,1.788854381999831711e+00,2.012461179749810647e+00,2.906888370749726391e+00,4.695742752749557880e+00,4.024922359499621294e+00,6.260990336999411099e+00,5.142956348249516196e+00,4.248529157249600452e+00,5.813776741499452783e+00
1.118033988749894903e+00,6.708203932499369193e-01,0.000000000000000000e+00,6.708203932499369193e-01,-4.472135954999579277e-01,-2.236067977499789805e+00,-1.341640786499873839e+00,-2.459674775249768519e+00,-1.118033988749894903e+00,-2.012461179749810647e+00,-2.236067977499789805e+00,-1.341640786499873839e+00,1.118033988749894903e+00,6.708203932499369193e-01,-1.118033988749894903e+00,-2.236067977499789639e-01,2.459674775249768519e+00,3.130495168499705549e+00,4.695742752749557880e+00,4.024922359499621294e+00,2.906888370749726391e+00,3.801315561749642136e+00,5.590169943749473624e+00,5.366563145999495354e+00,6.037383539249431941e+00,4.919349550499537038e+00,3.801315561749642136e+00,2.459674775249768519e+00,4.248529157249600452e+00,4.248529157249600452e+00,6.708203932499368527e+00,6.484597134749389369e+00,5.813776741499452783e+00,4.695742752749557880e+00,3.801315561749642136e+00,3.354101966249684263e+00,2.012461179749810647e+00,2.906888370749726391e+00,2.012461179749810647e+00,2.236067977499789805e+00,2.012461179749810647e+00,1.118033988749894903e+00,1.565247584249852775e+00,8.944271909999158554e-01,-2.236067977499789639e-01,8.944271909999158554e-01,-4.472135954999579277e-01,4.472135954999579277e-01,-2.236067977499789639e-01,-1.788854381999831711e+00,0.000000000000000000e+00,-1.118033988749894903e+00,-1.788854381999831711e+00,-1.565247584249852775e+00,-6.708203932499369193e-01,-2.459674775249768519e+00,-2.236067977499789805e+00,-2.012461179749810647e+00,-3.354101966249684263e+00,-3.801315561749642136e+00,-3.130495168499705549e+00,2.236067977499789639e-01,4.472135954999579277e-01,-1.341640786499873839e+00,-1.341640786499873839e+00,0.000000000000000000e+00,6.708203932499369193e-01,1.788854381999831711e+00,8.944271909999158554e-01,8.944271909999158554e-01,8.944271909999158554e-01,2.906888370749726391e+00,8.944271909999158554e-01,2.236067977499789639e-01,2.236067977499789639e-01,1.565247584249852775e+00,3.577708763999663422e+00,2.683281572999747677e+00,1.788854381999831711e+00,2.459674775249768519e+00,2.906888370749726391e+00,5.590169943749473624e+00,4.919349550499537038e+00,2.459674775249768519e+00,1.341640786499873839e+00,2.236067977499789805e+00,0.000000000000000000e+00,8.944271909999158554e-01,1.788854381999831711e+00,1.341640786499873839e+00,8.944271909999158554e-01,4.472135954999579277e-01,8.944271909999158554e-01,-1.341640786499873839e+00,-2.236067977499789639e-01,1.341640786499873839e+00,3.354101966249684263e+00,1.788854381999831711e+00,-1.565247584249852775e+00,-2.012461179749810647e+00,-1.118033988749894903e+00,-2.236067977499789639e-01,-1.118033988749894903e+00,-1.565247584249852775e+00,-1.565247584249852775e+00,-2.236067977499789639e-01,1.788854381999831711e+00,-4.472135954999579277e-01,-2.906888370749726391e+00,-2.906888370749726391e+00,-1.118033988749894903e+00,-6.708203932499369193e-01,1.788854381999831711e+00,8.944271909999158554e-01,1.118033988749894903e+00,1.341640786499873839e+00,1.565247584249852775e+00,2.236067977499789639e-01,6.708203932499369193e-01,2.906888370749726391e+00,4.024922359499621294e+00,4.695742752749557880e+00,2.683281572999747677e+00,2.906888370749726391e+00,5.366563145999495354e+00,4.695742752749557880e+00,6.260990336999411099e+00,4.024922359499621294e+00,2.683281572999747677e+00,4.472135954999579277e-01,2.459674775249768519e+00,1.341640786499873839e+00,2.683281572999747677e+00,1.118033988749894903e+00,4.472135954999579277e-01,8.944271909999158554e-01,4.472135954999579277e-01,-1.118033988749894903e+00,-2.459674775249768519e+00,-2.012461179749810647e+00,-4.472135954999579277e-01,1.341640786499873839e+00,-1.118033988749894903e+00,-6.708203932499369193e-01,-1.118033988749894903e+00,-1.788854381999831711e+00,-1.341640786499873839e+00,-2.012461179749810647e+00,-2.459674775249768519e+00,-3.130495168499705549e+00,-2.012461179749810647e+00,-2.012461179749810647e+00,-1.788854381999831711e+00,-2.236067977499789805e+00,-6.708203932499369193e-01,-2.459674775249768519e+00,-1.118033988749894903e+00,-4.472135954999579277e-01,-8.944271909999158554e-01,-2.236067977499789639e-01,-4.472135954999579277e-01,2.236067977499789639e-01,1.788854381999831711e+00,2.012461179749810647e+00,-2.236067977499789639e-01,1.565247584249852775e+00,1.341640786499873839e+00,8.944271909999158554e-01,2.012461179749810647e+00,1.565247584249852775e+00,2.236067977499789805e+00,3.354101966249684263e+00,1.565247584249852775e+00,2.459674775249768519e+00,2.236067977499789805e+00,1.341640786499873839e+00,1.788854381999831711e+00,8.944271909999158554e-01,2.236067977499789805e+00,2.683281572999747677e+00,3.354101966249684263e+00,3.130495168499705549e+00,3.354101966249684263e+00,1.788854381999831711e+00,2.459674775249768519e+00,3.354101966249684263e+00,2.459674775249768519e+00,4.695742752749557880e+00,5.590169943749473624e+00,3.577708763999663422e+00,4.248529157249600452e+00,3.801315561749642136e+00,2.012461179749810647e+00,2.236067977499789639e-01,0.000000000000000000e+00,-8.944271909999158554e-01,-2.012461179749810647e+00,0.000000000000000000e+00,-2.236067977499789639e-01,-1.118033988749894903e+00,-2.236067977499789639e-01,2.236067977499789639e-01,-8.944271909999158554e-01,-4.472135954999579277e-01,0.000000000000000000e+00,-8.944271909999158554e-01,2.236067977499789639e-01,1.341640786499873839e+00,4.472135954999579277e-01,-8.944271909999158554e-01,-1.118033988749894903e+00,-8.944271909999158554e-01,1.118033988749894903e+00,2.459674775249768519e+00,1.118033988749894903e+00,1.341640786499873839e+00,2.012461179749810647e+00,1.788854381999831711e+00,1.788854381999831711e+00,2.906888370749726391e+00,3.354101966249684263e+00,3.130495168499705549e+00,2.459674775249768519e+00,4.024922359499621294e+00,4.024922359499621294e+00,2.683281572999747677e+00,1.788854381999831711e+00,2.236067977499789639e-01,0.000000000000000000e+00,-1.118033988749894903e+00,-4.472135954999579277e-01,-2.459674775249768519e+00,-2.012461179749810647e+00,2.236067977499789639e-01,-1.118033988749894903e+00,-4.472135954999579277e-01,-1.118033988749894903e+00,-1.341640786499873839e+00,0.000000000000000000e+00,1.788854381999831711e+00,8.944271909999158554e-01,2.236067977499789639e-01,2.012461179749810647e+00,2.236067977499789805e+00,4.024922359499621294e+00,3.577708763999663422e+00,1.565247584249852775e+00,8.944271909999158554e-01,-1.118033988749894903e+00,2.236067977499789639e-01,-6.708203932499369193e-01,-6.708203932499369193e-01,-2.012461179749810647e+00,-3.354101966249684263e+00,-3.577708763999663422e+00,-1.565247584249852775e+00,-1.341640786499873839e+00,-1.565247584249852775e+00,-1.341640786499873839e+00,-6.708203932499369193e-01,-8.944271909999158554e-01,-6.708203932499369193e-01,1.788854381999831711e+00,4.472135954999579277e-01,6.708203932499369193e-01,2.236067977499789639e-01,1.788854381999831711e+00,3.130495168499705549e+00,3.130495168499705549e+00,3.577708763999663422e+00,4.472135954999579610e+00,5.590169943749473624e+00,4.472135954999579610e+00,4.919349550499537038e+00,2.012461179749810647e+00,3.801315561749642136e+00,2.012461179749810647e+00,8.944271909999158554e-01,6.708203932499369193e-01,2.683281572999747677e+00,3.354101966249684263e+00,2.236067977499789805e+00,8.944271909999158554e-01,1.565247584249852775e+00,6.708203932499369193e-01,4.472135954999579277e-01,-1.118033988749894903e+00,-1.118033988749894903e+00,2.236067977499789639e-01,2.236067977499789639e-01,-8.944271909999158554e-01,-1.565247584249852775e+00,0.000000000000000000e+00,1.118033988749894903e+00,1.341640786499873839e+00,2.459674775249768519e+00,6.708203932499369193e-01,1.118033988749894903e+00,0.000000000000000000e+00,-2.012461179749810647e+00,-2.683281572999747677e+00,-2.459674775249768519e+00,-3.130495168499705549e+00,-5.142956348249516196e+00,-4.472135954999579610e+00,-4.919349550499537038e+00,-3.354101966249684263e+00,-1.788854381999831711e+00,-2.459674775249768519e+00,-2.683281572999747677e+00,-1.118033988749894903e+00,0.000000000000000000e+00,-2.236067977499789639e-01,-2.012461179749810647e+00,-3.801315561749642136e+00,-3.354101966249684263e+00,-1.341640786499873839e+00,-2.236067977499789805e+00,-1.565247584249852775e+00,-2.012461179749810647e+00,-1.788854381999831711e+00,-2.906888370749726391e+00,-1.341640786499873839e+00,-1.118033988749894903e+00,-2.459674775249768519e+00,-2.459674775249768519e+00,-1.565247584249852775e+00,-1.565247584249852775e+00,-8.944271909999158554e-01,-3.354101966249684263e+00,-3.354101966249684263e+00,-1.788854381999831711e+00,-1.788854381999831711e+00,-1.565247584249852775e+00,-3.577708763999663422e+00,-3.130495168499705549e+00,-2.236067977499789805e+00,-1.341640786499873839e+00,-6.708203932499369193e-01,-4.472135954999579277e-01,2.236067977499789639e-01,-1.118033988749894903e+00,-8.944271909999158554e-01,-1.565247584249852775e+00,-6.708203932499369193e-01,1.341640786499873839e+00,-1.118033988749894903e+00,-4.472135954999579277e-01,-1.341640786499873839e+00,-2.012461179749810647e+00,-1.341640786499873839e+00,-2.683281572999747677e+00,-1.118033988749894903e+00,-2.236067977499789805e+00,-2.012461179749810647e+00,-2.012461179749810647e+00,-4.248529157249600452e+00,-4.248529157249600452e+00,-4.024922359499621294e+00,-5.142956348249516196e+00,-4.695742752749557880e+00,-4.695742752749557880e+00,-4.024922359499621294e+00,-3.801315561749642136e+00,-2.236067977499789805e+00,-1.118033988749894903e+00,-2.236067977499789639e-01,-1.118033988749894903e+00,2.236067977499789639e-01,-4.472135954999579277e-01,-1.341640786499873839e+00,-1.788854381999831711e+00,-2.459674775249768519e+00,-1.788854381999831711e+00,-2.906888370749726391e+00,-3.354101966249684263e+00,-4.919349550499537038e+00,-4.248529157249600452e+00,-2.906888370749726391e+00,-2.012461179749810647e+00,-2.906888370749726391e+00,-4.248529157249600452e+00,-4.695742752749557880e+00,-3.130495168499705549e+00,-2.012461179749810647e+00,-1.341640786499873839e+00,-6.708203932499369193e-01,-1.341640786499873839e+00,-1.788854381999831711e+00,-2.012461179749810647e+00,-3.801315561749642136e+00,-3.801315561749642136e+00,-2.012461179749810647e+00,-1.788854381999831711e+00,-1.118033988749894903e+00,2.236067977499789639e-01,2.683281572999747677e+00,2.236067977499789805e+00,2.906888370749726391e+00,1.341640786499873839e+00,2.012461179749810647e+00,1.118033988749894903e+00,6.708203932499369193e-01,-1.341640786499873839e+00,-2.236067977499789805e+00,-2.236067977499789639e-01,-1.118033988749894903e+00,-4.472135954999579277e-01,4.472135954999579277e-01,1.118033988749894903e+00,2.012461179749810647e+00,2.683281572999747677e+00,2.236067977499789639e-01,-2.236067977499789639e-01,-1.788854381999831711e+00,-6.708203932499369193e-01,-1.341640786499873839e+00,0.000000000000000000e+00,2.012461179749810647e+00,0.000000000000000000e+00,-4.472135954999579277e-01,-2.236067977499789639e-01,-8.944271909999158554e-01,-1.788854381999831711e+00,-6.708203932499369193e-01,-1.788854381999831711e+00,-1.788854381999831711e+00,-2.236067977499789805e+00,-2.683281572999747677e+00,-1.118033988749894903e+00,-2.459674775249768519e+00,-1.788854381999831711e+00,4.472135954999579277e-01,1.341640786499873839e+00,4.472135954999579277e-01,4.472135954999579277e-01,0.000000000000000000e+00,-2.236067977499789639e-01,2.236067977499789639e-01,1.341640786499873839e+00,0.000000000000000000e+00,4.472135954999579277e-01,-6.708203932499369193e-01,1.118033988749894903e+00,2.459674775249768519e+00,1.788854381999831711e+00,6.708203932499369193e-01,8.944271909999158554e-01,3.354101966249684263e+00,1.565247584249852775e+00,2.906888370749726391e+00,2.012461179749810647e+00,1.118033988749894903e+00,1.565247584249852775e+00,0.000000000000000000e+00,1.118033988749894903e+00,-4.472135954999579277e-01,-8.944271909999158554e-01,-1.118033988749894903e+00,-6.708203932499369193e-01,-8.944271909999158554e-01,-6.708203932499369193e-01,1.341640786499873839e+00,-1.341640786499873839e+00,0.000000000000000000e+00,6.708203932499369193e-01,1.565247584249852775e+00,6.708203932499369193e-01,-1.565247584249852775e+00,-8.944271909999158554e-01,-1.788854381999831711e+00,-2.683281572999747677e+00,-2.012461179749810647e+00,-3.130495168499705549e+00,-4.919349550499537038e+00,-4.024922359499621294e+00,-5.590169943749473624e+00,-4.695742752749557880e+00,-3.577708763999663422e+00,-3.801315561749642136e+00,-2.236067977499789805e+00,-3.577708763999663422e+00,-5.813776741499452783e+00,-5.590169943749473624e+00,-2.683281572999747677e+00,-2.683281572999747677e+00,-4.472135954999579277e-01,8.944271909999158554e-01,4.472135954999579277e-01,1.341640786499873839e+00,8.944271909999158554e-01,2.012461179749810647e+00,1.565247584249852775e+00,6.708203932499369193e-01,1.341640786499873839e+00,-4.472135954999579277e-01,2.459674775249768519e+00,3.130495168499705549e+00,4.919349550499537038e+00,5.366563145999495354e+00
-3.354101966249684263e+00,-4.024922359499621294e+00,-3.577708763999663422e+00,-2.236067977499789805e+00,-2.236067977499789805e+00,-1.118033988749894903e+00,-1.118033988749894903e+00,-2.459674775249768519e+00,-2.236067977499789639e-01,-2.906888370749726391e+00,-2.906888370749726391e+00,-2.906888370749726391e+00,2.236067977499789639e-01,8.944271909999158554e-01,2.906888370749726391e+00,2.906888370749726391e+00,1.341640786499873839e+00,8.944271909999158554e-01,-1.118033988749894903e+00,-2.236067977499789639e-01,-4.472135954999579277e-01,-4.472135954999579277e-01,8.944271909999158554e-01,2.236067977499789639e-01,8.944271909999158554e-01,6.708203932499369193e-01,1.788854381999831711e+00,1.341640786499873839e+00,1.565247584249852775e+00,1.788854381999831711e+00,2.236067977499789805e+00,8.944271909999158554e-01,2.012461179749810647e+00,4.024922359499621294e+00,3.130495168499705549e+00,5.813776741499452783e+00,4.024922359499621294e+00,2.459674775249768519e+00,2.906888370749726391e+00,3.801315561749642136e+00,2.683281572999747677e+00,3.130495168499705549e+00,1.565247584249852775e+00,4.472135954999579610e+00,5.590169943749473624e+00,6.260990336999411099e+00,4.472135954999579610e+00,3.801315561749642136e+00,3.354101966249684263e+00,4.695742752749557880e+00,4.919349550499537038e+00,6.484597134749389369e+00,5.813776741499452783e+00,6.484597134749389369e+00,4.248529157249600452e+00,4.248529157249600452e+00,4.695742752749557880e+00,4.024922359499621294e+00,4.024922359499621294e+00,4.695742752749557880e+00,2.683281572999747677e+00,2.012461179749810647e+00,4.472135954999579277e-01,1.118033988749894903e+00,6.708203932499369193e-01,4.472135954999579277e-01,1.565247584249852775e+00,3.130495168499705549e+00,3.801315561749642136e+00,3.577708763999663422e+00,6.260990336999411099e+00,5.142956348249516196e+00,6.708203932499368527e+00,8.273451516749220858e+00,8.497058314499200904e+00,6.484597134749389369e+00,4.248529157249600452e+00,4.024922359499621294e+00,3.354101966249684263e+00,3.577708763999663422e+00,3.801315561749642136e+00,4.248529157249600452e+00,4.248529157249600452e+00,6.484597134749389369e+00,5.813776741499452783e+00,3.577708763999663422e+00,4.248529157249600452e+00,6.931810730249347685e+00,5.590169943749473624e+00,4.472135954999579610e+00,5.590169943749473624e+00,4.919349550499537038e+00,3.801315561749642136e+00,6.708203932499368527e+00,8.497058314499200904e+00,6.931810730249347685e+00,6.484597134749389369e+00,5.813776741499452783e+00,7.826237921249263430e+00,9.167878707749137490e+00,1.118033988749894725e+01,1.050951949424901066e+01,1.095673308974896898e+01,1.050951949424901066e+01,9.391485505499115760e+00,9.167878707749137490e+00,8.944271909999159220e+00,9.615092303249095806e+00,9.838699100999074076e+00,1.006230589874905235e+01,1.050951949424901066e+01,9.167878707749137490e+00,1.028591269649903239e+01,1.073312629199899071e+01,1.296919426949877874e+01,1.319280106724875878e+01,1.118033988749894725e+01,1.006230589874905235e+01,9.391485505499115760e+00,1.095673308974896898e+01,1.095673308974896898e+01,7.826237921249263430e+00,8.944271909999159220e+00,7.602631123499284271e+00,6.037383539249431941e+00,5.366563145999495354e+00,4.248529157249600452e+00,4.919349550499537038e+00,5.366563145999495354e+00,2.906888370749726391e+00,3.130495168499705549e+00,2.236067977499789805e+00,1.788854381999831711e+00,2.236067977499789805e+00,1.565247584249852775e+00,4.472135954999579277e-01,8.944271909999158554e-01,1.788854381999831711e+00,2.012461179749810647e+00,1.788854381999831711e+00,1.565247584249852775e+00,1.788854381999831711e+00,2.236067977499789805e+00,2.459674775249768519e+00,1.341640786499873839e+00,8.944271909999158554e-01,2.906888370749726391e+00,3.354101966249684263e+00,2.683281572999747677e+00,2.906888370749726391e+00,2.906888370749726391e+00,2.459674775249768519e+00,2.906888370749726391e+00,2.236067977499789805e+00,4.248529157249600452e+00,4.472135954999579610e+00,3.801315561749642136e+00,3.354101966249684263e+00,5.813776741499452783e+00,6.484597134749389369e+00,6.708203932499368527e+00,6.484597134749389369e+00,4.919349550499537038e+00,5.813776741499452783e+00,7.826237921249263430e+00,6.037383539249431941e+00,3.801315561749642136e+00,2.683281572999747677e+00,2.683281572999747677e+00,4.472135954999579610e+00,5.813776741499452783e+00,5.366563145999495354e+00,3.577708763999663422e+00,4.248529157249600452e+00,4.248529157249600452e+00,4.248529157249600452e+00,3.801315561749642136e+00,4.472135954999579610e+00,6.260990336999411099e+00,5.590169943749473624e+00,6.037383539249431941e+00,5.142956348249516196e+00,3.354101966249684263e+00,4.919349550499537038e+00,4.024922359499621294e+00,1.565247584249852775e+00,0.000000000000000000e+00,-1.341640786499873839e+00,-4.472135954999579277e-01,-1.341640786499873839e+00,6.708203932499369193e-01,-2.236067977499789639e-01,6.708203932499369193e-01,2.683281572999747677e+00,3.130495168499705549e+00,1.565247584249852775e+00,0.000000000000000000e+00,6.708203932499369193e-01,-2.236067977499789639e-01,2.459674775249768519e+00,1.788854381999831711e+00,3.130495168499705549e+00,2.236067977499789805e+00,3.130495168499705549e+00,2.236067977499789805e+00,2.683281572999747677e+00,2.683281572999747677e+00,2.459674775249768519e+00,2.683281572999747677e+00,3.801315561749642136e+00,3.354101966249684263e+00,2.236067977499789805e+00,1.341640786499873839e+00,-1.788854381999831711e+00,-1.788854381999831711e+00,-1.788854381999831711e+00,-2.236067977499789805e+00,-1.565247584249852775e+00,-1.788854381999831711e+00,-2.012461179749810647e+00,-3.130495168499705549e+00,-3.801315561749642136e+00,-3.577708763999663422e+00,-2.683281572999747677e+00,-1.341640786499873839e+00,-2.236067977499789639e-01,-1.788854381999831711e+00,-1.341640786499873839e+00,-4.472135954999579277e-01,-8.944271909999158554e-01,-1.565247584249852775e+00,-2.459674775249768519e+00,-6.708203932499369193e-01,4.472135954999579277e-01,-1.341640786499873839e+00,-1.788854381999831711e+00,-2.236067977499789639e-01,1.341640786499873839e+00,1.341640786499873839e+00,4.472135954999579277e-01,-2.236067977499789639e-01,-1.565247584249852775e+00,-2.236067977499789639e-01,-2.236067977499789639e-01,-1.118033988749894903e+00,1.118033988749894903e+00,3.577708763999663422e+00,2.459674775249768519e+00,1.788854381999831711e+00,1.341640786499873839e+00,1.341640786499873839e+00,1.565247584249852775e+00,2.012461179749810647e+00,4.472135954999579277e-01,6.708203932499369193e-01,-2.236067977499789639e-01,-1.788854381999831711e+00,-2.236067977499789639e-01,2.236067977499789639e-01,1.565247584249852775e+00,-8.944271909999158554e-01,8.944271909999158554e-01,-1.341640786499873839e+00,1.341640786499873839e+00,-2.236067977499789639e-01,0.000000000000000000e+00,-8.944271909999158554e-01,-8.944271909999158554e-01,6.708203932499369193e-01,6.708203932499369193e-01,-6.708203932499369193e-01,-2.236067977499789639e-01,8.944271909999158554e-01,2.012461179749810647e+00,1.565247584249852775e+00,1.341640786499873839e+00,-1.788854381999831711e+00,0.000000000000000000e+00,1.118033988749894903e+00,2.236067977499789805e+00,-4.472135954999579277e-01,-2.012461179749810647e+00,-2.012461179749810647e+00,-2.012461179749810647e+00,-2.459674775249768519e+00,-4.024922359499621294e+00,-4.248529157249600452e+00,-5.142956348249516196e+00,-6.484597134749389369e+00,-6.484597134749389369e+00,-7.826237921249263430e+00,-6.037383539249431941e+00,-5.590169943749473624e+00,-4.695742752749557880e+00,-4.919349550499537038e+00,-3.577708763999663422e+00,-2.459674775249768519e+00,-1.565247584249852775e+00,-1.565247584249852775e+00,-1.565247584249852775e+00,-6.708203932499369193e-01,-6.708203932499369193e-01,-2.236067977499789639e-01,-1.565247584249852775e+00,-1.118033988749894903e+00,-3.354101966249684263e+00,-1.341640786499873839e+00,-2.236067977499789639e-01,4.472135954999579277e-01,8.944271909999158554e-01,2.236067977499789639e-01,-4.472135954999579277e-01,-1.788854381999831711e+00,-2.236067977499789639e-01,1.118033988749894903e+00,1.341640786499873839e+00,1.118033988749894903e+00,6.708203932499369193e-01,4.472135954999579277e-01,1.118033988749894903e+00,1.341640786499873839e+00,1.118033988749894903e+00,1.118033988749894903e+00,2.906888370749726391e+00,2.906888370749726391e+00,1.341640786499873839e+00,1.341640786499873839e+00,2.012461179749810647e+00,0.000000000000000000e+00,0.000000000000000000e+00,-6.708203932499369193e-01,8.944271909999158554e-01,1.565247584249852775e+00,-6.708203932499369193e-01,2.236067977499789639e-01,2.012461179749810647e+00,3.354101966249684263e+00,1.788854381999831711e+00,1.788854381999831711e+00,-2.236067977499789639e-01,6.708203932499369193e-01,1.788854381999831711e+00,2.906888370749726391e+00,2.906888370749726391e+00,2.012461179749810647e+00,1.788854381999831711e+00,0.000000000000000000e+00,2.236067977499789639e-01,-2.012461179749810647e+00,-2.459674775249768519e+00,-2.012461179749810647e+00,-4.472135954999579277e-01,-2.459674775249768519e+00,-6.708203932499369193e-01,-1.118033988749894903e+00,-6.708203932499369193e-01,-4.472135954999579277e-01,-1.565247584249852775e+00,-8.944271909999158554e-01,1.118033988749894903e+00,2.906888370749726391e+00,4.024922359499621294e+00,2.012461179749810647e+00,1.118033988749894903e+00,2.459674775249768519e+00,1.788854381999831711e+00,1.118033988749894903e+00,2.012461179749810647e+00,2.459674775249768519e+00,6.037383539249431941e+00,4.919349550499537038e+00,3.801315561749642136e+00,2.012461179749810647e+00,1.788854381999831711e+00,1.118033988749894903e+00,1.341640786499873839e+00,3.130495168499705549e+00,4.919349550499537038e+00,5.142956348249516196e+00,4.695742752749557880e+00,2.236067977499789805e+00,2.459674775249768519e+00,1.788854381999831711e+00,2.012461179749810647e+00,6.708203932499369193e-01,4.472135954999579277e-01,2.012461179749810647e+00,2.683281572999747677e+00,3.577708763999663422e+00,8.944271909999158554e-01,4.472135954999579277e-01,2.459674775249768519e+00,8.944271909999158554e-01,8.944271909999158554e-01,-6.708203932499369193e-01,-2.683281572999747677e+00,-3.354101966249684263e+00,-4.472135954999579610e+00,-5.590169943749473624e+00,-4.248529157249600452e+00,-4.695742752749557880e+00,-3.354101966249684263e+00,-1.565247584249852775e+00,-3.801315561749642136e+00,-3.577708763999663422e+00,-2.236067977499789639e-01,-1.118033988749894903e+00,-6.708203932499369193e-01,-2.012461179749810647e+00,-1.788854381999831711e+00,-2.236067977499789805e+00,-1.788854381999831711e+00,-2.012461179749810647e+00,-2.683281572999747677e+00,-4.472135954999579610e+00,-5.366563145999495354e+00,-7.379024325749306001e+00,-6.037383539249431941e+00,-3.354101966249684263e+00,-4.024922359499621294e+00,-5.142956348249516196e+00,-2.012461179749810647e+00,-1.118033988749894903e+00,2.236067977499789639e-01,-2.236067977499789639e-01,1.565247584249852775e+00,2.683281572999747677e+00,3.354101966249684263e+00,2.012461179749810647e+00,8.944271909999158554e-01,-4.472135954999579277e-01,0.000000000000000000e+00,-8.944271909999158554e-01,-1.118033988749894903e+00,1.565247584249852775e+00,6.708203932499369193e-01,1.565247584249852775e+00,3.130495168499705549e+00,2.236067977499789639e-01,4.472135954999579277e-01,-4.472135954999579277e-01,6.708203932499369193e-01,2.236067977499789805e+00,2.012461179749810647e+00,3.577708763999663422e+00,2.906888370749726391e+00,1.788854381999831711e+00,1.565247584249852775e+00,1.118033988749894903e+00,0.000000000000000000e+00,-1.118033988749894903e+00,-2.459674775249768519e+00,-2.906888370749726391e+00,-3.577708763999663422e+00,-5.142956348249516196e+00,-5.142956348249516196e+00,-4.919349550499537038e+00,-2.236067977499789805e+00,-2.012461179749810647e+00,-2.906888370749726391e+00,-3.354101966249684263e+00,-2.012461179749810647e+00,-2.459674775249768519e+00,-1.565247584249852775e+00,-1.118033988749894903e+00,2.236067977499789639e-01,-8.944271909999158554e-01,-1.565247584249852775e+00,-1.788854381999831711e+00,-1.788854381999831711e+00,-2.012461179749810647e+00,-1.565247584249852775e+00,8.944271909999158554e-01,-4.472135954999579277e-01,-4.472135954999579277e-01,-4.472135954999579277e-01,2.236067977499789639e-01,4.472135954999579277e-01,-6.708203932499369193e-01,0.000000000000000000e+00,-1.565247584249852775e+00,-1.118033988749894903e+00,-2.236067977499789639e-01,2.236067977499789639e-01,-6.708203932499369193e-01,-1.118033988749894903e+00,-1.565247584249852775e+00,-8.944271909999158554e-01,0.000000000000000000e+00,8.944271909999158554e-01,1.788854381999831711e+00,1.788854381999831711e+00,1.788854381999831711e+00,2.906888370749726391e+00,3.577708763999663422e+00,5.366563145999495354e+00,4.472135954999579610e+00,4.919349550499537038e+00,3.354101966249684263e+00,1.565247584249852775e+00
2.012461179749810647e+00,2.012461179749810647e+00,2.236067977499789805e+00,2.236067977499789805e+00,8.944271909999158554e-01,-4.472135954999579277e-01,-1.788854381999831711e+00,-6.708203932499369193e-01,4.472135954999579277e-01,6.708203932499369193e-01,4.472135954999579277e-01,2.236067977499789639e-01,1.565247584249852775e+00,3.130495168499705549e+00,4.919349550499537038e+00,5.142956348249516196e+00,4.695742752749557880e+00,3.577708763999663422e+00,3.354101966249684263e+00,0.000000000000000000e+00,6.708203932499369193e-01,1.118033988749894903e+00,1.788854381999831711e+00,2.012461179749810647e+00,1.565247584249852775e+00,2.012461179749810647e+00,3.577708763999663422e+00,4.024922359499621294e+00,5.366563145999495354e+00,3.577708763999663422e+00,1.565247584249852775e+00,3.577708763999663422e+00,4.248529157249600452e+00,5.366563145999495354e+00,4.695742752749557880e+00,4.695742752749557880e+00,3.577708763999663422e+00,3.354101966249684263e+00,4.024922359499621294e+00,4.695742752749557880e+00,2.683281572999747677e+00,3.577708763999663422e+00,2.012461179749810647e+00,3.801315561749642136e+00,8.944271909999158554e-01,-4.472135954999579277e-01,0.000000000000000000e+00,-6.708203932499369193e-01,-2.236067977499789805e+00,-3.130495168499705549e+00,-2.906888370749726391e+00,-2.236067977499789805e+00,-1.118033988749894903e+00,4.472135954999579277e-01,-1.341640786499873839e+00,-1.118033988749894903e+00,-1.788854381999831711e+00,-1.565247584249852775e+00,-2.012461179749810647e+00,-8.944271909999158554e-01,-2.236067977499789805e+00,-2.906888370749726391e+00,-4.248529157249600452e+00,-3.577708763999663422e+00,-3.354101966249684263e+00,-4.248529157249600452e+00,-4.024922359499621294e+00,-2.236067977499789805e+00,-8.944271909999158554e-01,-1.341640786499873839e+00,-2.683281572999747677e+00,-4.472135954999579610e+00,-2.459674775249768519e+00,-2.236067977499789805e+00,-3.130495168499705549e+00,-2.683281572999747677e+00,-2.459674775249768519e+00,-2.236067977499789805e+00,-2.012461179749810647e+00,-8.944271909999158554e-01,1.565247584249852775e+00,1.118033988749894903e+00,2.236067977499789805e+00,2.906888370749726391e+00,2.236067977499789805e+00,6.708203932499369193e-01,2.459674775249768519e+00,2.236067977499789805e+00,3.354101966249684263e+00,2.906888370749726391e+00,1.565247584249852775e+00,8.944271909999158554e-01,1.788854381999831711e+00,8.944271909999158554e-01,8.944271909999158554e-01,1.341640786499873839e+00,6.708203932499369193e-01,-6.708203932499369193e-01,4.472135954999579277e-01,4.472135954999579277e-01,4.024922359499621294e+00,3.354101966249684263e+00,3.354101966249684263e+00,3.354101966249684263e+00,3.801315561749642136e+00,2.683281572999747677e+00,3.577708763999663422e+00,4.024922359499621294e+00,2.012461179749810647e+00,1.788854381999831711e+00,-6.708203932499369193e-01,-1.118033988749894903e+00,8.944271909999158554e-01,2.236067977499789805e+00,1.118033988749894903e+00,1.788854381999831711e+00,2.236067977499789805e+00,1.565247584249852775e+00,2.236067977499789805e+00,1.118033988749894903e+00,4.472135954999579277e-01,2.236067977499789639e-01,0.000000000000000000e+00,-2.236067977499789639e-01,4.472135954999579277e-01,-2.236067977499789639e-01,0.000000000000000000e+00,-2.236067977499789639e-01,2.236067977499789639e-01,-8.944271909999158554e-01,6.708203932499369193e-01,1.118033988749894903e+00,-6.708203932499369193e-01,0.000000000000000000e+00,2.012461179749810647e+00,1.118033988749894903e+00,6.708203932499369193e-01,4.472135954999579277e-01,4.472135954999579277e-01,8.944271909999158554e-01,2.683281572999747677e+00,2.683281572999747677e+00,1.788854381999831711e+00,8.944271909999158554e-01,6.708203932499369193e-01,3.130495168499705549e+00,6.708203932499369193e-01,-1.118033988749894903e+00,-2.459674775249768519e+00,-1.788854381999831711e+00,-1.341640786499873839e+00,-6.708203932499369193e-01,-2.236067977499789639e-01,-2.459674775249768519e+00,-3.577708763999663422e+00,-3.577708763999663422e+00,-3.130495168499705549e+00,-2.012461179749810647e+00,-1.118033988749894903e+00,-1.341640786499873839e+00,-2.459674775249768519e+00,-2.683281572999747677e+00,-1.341640786499873839e+00,-1.118033988749894903e+00,-1.565247584249852775e+00,-1.341640786499873839e+00,0.000000000000000000e+00,0.000000000000000000e+00,-1.565247584249852775e+00,-1.341640786499873839e+00,-2.236067977499789805e+00,-4.472135954999579610e+00,-1.788854381999831711e+00,-3.130495168499705549e+00,-4.024922359499621294e+00,-1.788854381999831711e+00,-4.248529157249600452e+00,-4.024922359499621294e+00,-2.906888370749726391e+00,-2.683281572999747677e+00,-2.683281572999747677e+00,-1.788854381999831711e+00,-1.788854381999831711e+00,-2.459674775249768519e+00,-3.130495168499705549e+00,-1.788854381999831711e+00,-1.118033988749894903e+00,4.472135954999579277e-01,-6.708203932499369193e-01,-2.012461179749810647e+00,1.118033988749894903e+00,3.354101966249684263e+00,3.130495168499705549e+00,2.012461179749810647e+00,1.565247584249852775e+00,6.708203932499369193e-01,1.341640786499873839e+00,2.012461179749810647e+00,1.788854381999831711e+00,2.236067977499789805e+00,2.459674775249768519e+00,3.130495168499705549e+00,3.354101966249684263e+00,4.024922359499621294e+00,3.130495168499705549e+00,1.118033988749894903e+00,6.708203932499369193e-01,2.236067977499789639e-01,2.459674775249768519e+00,1.341640786499873839e+00,1.788854381999831711e+00,8.944271909999158554e-01,1.341640786499873839e+00,2.012461179749810647e+00,1.565247584249852775e+00,4.472135954999579277e-01,0.000000000000000000e+00,4.472135954999579277e-01,8.944271909999158554e-01,8.944271909999158554e-01,2.236067977499789639e-01,-2.459674775249768519e+00,-3.354101966249684263e+00,-2.012461179749810647e+00,-2.906888370749726391e+00,-3.354101966249684263e+00,-2.906888370749726391e+00,-5.142956348249516196e+00,-4.695742752749557880e+00,-4.472135954999579610e+00,-3.130495168499705549e+00,-2.906888370749726391e+00,-3.354101966249684263e+00,-2.906888370749726391e+00,-3.577708763999663422e+00,-3.801315561749642136e+00,-5.142956348249516196e+00,-4.248529157249600452e+00,-3.577708763999663422e+00,-2.012461179749810647e+00,-6.708203932499369193e-01,-1.565247584249852775e+00,-2.236067977499789639e-01,-4.472135954999579277e-01,-2.906888370749726391e+00,-2.459674775249768519e+00,-3.354101966249684263e+00,-2.683281572999747677e+00,-1.341640786499873839e+00,-1.788854381999831711e+00,-2.236067977499789639e-01,-2.459674775249768519e+00,-2.236067977499789639e-01,-1.118033988749894903e+00,-2.012461179749810647e+00,-2.236067977499789639e-01,-1.565247584249852775e+00,-4.472135954999579277e-01,4.472135954999579277e-01,8.944271909999158554e-01,1.341640786499873839e+00,0.000000000000000000e+00,4.472135954999579277e-01,0.000000000000000000e+00,6.708203932499369193e-01,-6.708203932499369193e-01,-2.012461179749810647e+00,-2.683281572999747677e+00,-2.459674775249768519e+00,-1.118033988749894903e+00,-6.708203932499369193e-01,2.236067977499789639e-01,1.788854381999831711e+00,1.788854381999831711e+00,8.944271909999158554e-01,1.341640786499873839e+00,8.944271909999158554e-01,-1.565247584249852775e+00,-2.012461179749810647e+00,-2.683281572999747677e+00,-1.118033988749894903e+00,-1.118033988749894903e+00,-2.236067977499789639e-01,-1.118033988749894903e+00,-1.788854381999831711e+00,-2.012461179749810647e+00,-3.354101966249684263e+00,-2.906888370749726391e+00,-4.695742752749557880e+00,-2.236067977499789805e+00,-2.683281572999747677e+00,-3.354101966249684263e+00,-2.683281572999747677e+00,-3.577708763999663422e+00,-4.248529157249600452e+00,-6.037383539249431941e+00,-4.695742752749557880e+00,-6.260990336999411099e+00,-5.813776741499452783e+00,-2.459674775249768519e+00,-4.024922359499621294e+00,-1.118033988749894903e+00,-2.236067977499789639e-01,-4.472135954999579277e-01,2.236067977499789639e-01,-1.118033988749894903e+00,-8.944271909999158554e-01,-1.341640786499873839e+00,-2.906888370749726391e+00,-4.919349550499537038e+00,-4.695742752749557880e+00,-3.801315561749642136e+00,-3.354101966249684263e+00,-2.906888370749726391e+00,-3.354101966249684263e+00,-2.236067977499789805e+00,-2.906888370749726391e+00,-3.130495168499705549e+00,-2.236067977499789805e+00,-2.459674775249768519e+00,-2.459674775249768519e+00,-1.341640786499873839e+00,-6.708203932499369193e-01,0.000000000000000000e+00,-1.118033988749894903e+00,-2.459674775249768519e+00,-4.695742752749557880e+00,-5.142956348249516196e+00,-4.919349550499537038e+00,-4.472135954999579610e+00,-4.695742752749557880e+00,-4.695742752749557880e+00,-4.472135954999579610e+00,-2.906888370749726391e+00,-2.236067977499789805e+00,-8.944271909999158554e-01,-8.944271909999158554e-01,-4.472135954999579610e+00,-5.366563145999495354e+00,-2.459674775249768519e+00,-2.236067977499789639e-01,-1.565247584249852775e+00,-8.944271909999158554e-01,-8.944271909999158554e-01,-6.708203932499369193e-01,-8.944271909999158554e-01,-1.118033988749894903e+00,-2.906888370749726391e+00,-2.683281572999747677e+00,-4.024922359499621294e+00,-3.801315561749642136e+00,-3.801315561749642136e+00,-5.590169943749473624e+00,-4.472135954999579610e+00,-5.590169943749473624e+00,-6.037383539249431941e+00,-5.366563145999495354e+00,-4.695742752749557880e+00,-5.142956348249516196e+00,-3.130495168499705549e+00,-2.906888370749726391e+00,-2.683281572999747677e+00,-2.459674775249768519e+00,-3.130495168499705549e+00,-1.118033988749894903e+00,-3.354101966249684263e+00,-2.459674775249768519e+00,-1.788854381999831711e+00,-4.024922359499621294e+00,-3.801315561749642136e+00,0.000000000000000000e+00,1.341640786499873839e+00,2.236067977499789639e-01,0.000000000000000000e+00,-1.118033988749894903e+00,-3.130495168499705549e+00,-2.683281572999747677e+00,-1.565247584249852775e+00,8.944271909999158554e-01,1.341640786499873839e+00,0.000000000000000000e+00,-2.236067977499789639e-01,0.000000000000000000e+00,-2.236067977499789639e-01,-4.472135954999579277e-01,-4.472135954999579277e-01,4.472135954999579277e-01,4.472135954999579277e-01,2.236067977499789639e-01,2.012461179749810647e+00,2.906888370749726391e+00,8.944271909999158554e-01,2.012461179749810647e+00,3.130495168499705549e+00,4.472135954999579277e-01,1.565247584249852775e+00,1.341640786499873839e+00,1.118033988749894903e+00,-8.944271909999158554e-01,-8.944271909999158554e-01,-1.341640786499873839e+00,-2.012461179749810647e+00,-1.788854381999831711e+00,-1.118033988749894903e+00,-6.708203932499369193e-01,1.341640786499873839e+00,2.236067977499789639e-01,6.708203932499369193e-01,-1.341640786499873839e+00,-1.565247584249852775e+00,-2.683281572999747677e+00,-1.788854381999831711e+00,-2.012461179749810647e+00,-1.118033988749894903e+00,6.708203932499369193e-01,2.012461179749810647e+00,2.906888370749726391e+00,3.130495168499705549e+00,1.118033988749894903e+00,-4.472135954999579277e-01,8.944271909999158554e-01,-4.472135954999579277e-01,-1.118033988749894903e+00,4.472135954999579277e-01,6.708203932499369193e-01,1.565247584249852775e+00,1.565247584249852775e+00,1.341640786499873839e+00,4.472135954999579277e-01,-1.118033988749894903e+00,0.000000000000000000e+00,-1.118033988749894903e+00,-2.906888370749726391e+00,-2.012461179749810647e+00,6.708203932499369193e-01,6.708203932499369193e-01,8.944271909999158554e-01,2.012461179749810647e+00,0.000000000000000000e+00,2.236067977499789639e-01,2.906888370749726391e+00,2.683281572999747677e+00,2.236067977499789639e-01,-2.236067977499789639e-01,-4.472135954999579277e-01,-1.788854381999831711e+00,-1.565247584249852775e+00,-1.565247584249852775e+00,-2.236067977499789805e+00,-4.024922359499621294e+00,-5.813776741499452783e+00,-4.024922359499621294e+00,-1.341640786499873839e+00,-1.565247584249852775e+00,-4.472135954999579277e-01,2.236067977499789639e-01,1.118033988749894903e+00,-1.341640786499873839e+00,-4.024922359499621294e+00,-3.354101966249684263e+00,-2.906888370749726391e+00,-4.248529157249600452e+00,-2.683281572999747677e+00,-3.577708763999663422e+00,-2.683281572999747677e+00,-3.801315561749642136e+00,-2.459674775249768519e+00,-3.801315561749642136e+00,-4.024922359499621294e+00,-3.577708763999663422e+00,-3.354101966249684263e+00,-3.354101966249684263e+00,-3.801315561749642136e+00,-3.577708763999663422e+00,-2.683281572999747677e+00,-2.459674775249768519e+00,-2.683281572999747677e+00,-5.142956348249516196e+00,-6.037383539249431941e+00,-3.354101966249684263e+00,-2.683281572999747677e+00,-2.683281572999747677e+00,-2.012461179749810647e+00,-3.354101966249684263e+00,-4.472135954999579610e+00,-4.024922359499621294e+00,-4.919349550499537038e+00,-4.248529157249600452e+00,-3.801315561749642136e+00,-3.577708763999663422e+00,-2.236067977499789805e+00,-3.130495168499705549e+00,-2.459674775249768519e+00,-3.130495168499705549e+00,-1.788854381999831711e+00,-1.788854381999831711e+00,-8.944271909999158554e-01,-8.944271909999158554e-01,-3.354101966249684263e+00,-3.801315561749642136e+00
4.472135954999579277e-01,2.012461179749810647e+00,4.472135954999579277e-01,-4.472135954999579277e-01,0.000000000000000000e+00,-2.236067977499789639e-01,-1.341640786499873839e+00,-3.577708763999663422e+00,-4.695742752749557880e+00,-2.906888370749726391e+00,-1.788854381999831711e+00,-1.565247584249852775e+00,-3.577708763999663422e+00,-2.459674775249768519e+00,-6.708203932499369193e-01,8.944271909999158554e-01,6.708203932499369193e-01,0.000000000000000000e+00,1.341640786499873839e+00,2.236067977499789639e-01,-6.708203932499369193e-01,-6.708203932499369193e-01,-6.708203932499369193e-01,0.000000000000000000e+00,-2.236067977499789639e-01,4.472135954999579277e-01,2.236067977499789639e-01,1.565247584249852775e+00,0.000000000000000000e+00,-1.118033988749894903e+00,-8.944271909999158554e-01,0.000000000000000000e+00,2.236067977499789639e-01,-1.118033988749894903e+00,-3.354101966249684263e+00,-2.012461179749810647e+00,-1.118033988749894903e+00,-2.012461179749810647e+00,-1.565247584249852775e+00,-2.459674775249768519e+00,-3.577708763999663422e+00,-4.248529157249600452e+00,-2.683281572999747677e+00,-2.906888370749726391e+00,-1.565247584249852775e+00,-2.236067977499789639e-01,-4.472135954999579277e-01,2.236067977499789639e-01,0.000000000000000000e+00,6.708203932499369193e-01,4.472135954999579277e-01,4.472135954999579277e-01,0.000000000000000000e+00,-1.788854381999831711e+00,6.708203932499369193e-01,4.024922359499621294e+00,2.906888370749726391e+00,4.248529157249600452e+00,2.906888370749726391e+00,2.906888370749726391e+00,2.683281572999747677e+00,1.788854381999831711e+00,2.459674775249768519e+00,2.906888370749726391e+00,3.130495168499705549e+00,4.695742752749557880e+00,4.919349550499537038e+00,3.130495168499705549e+00,4.695742752749557880e+00,2.683281572999747677e+00,4.472135954999579610e+00,2.906888370749726391e+00,4.248529157249600452e+00,4.024922359499621294e+00,2.459674775249768519e+00,1.118033988749894903e+00,1.341640786499873839e+00,-6.708203932499369193e-01,-1.565247584249852775e+00,-2.236067977499789805e+00,-3.130495168499705549e+00,-1.788854381999831711e+00,-1.118033988749894903e+00,1.341640786499873839e+00,1.788854381999831711e+00,3.130495168499705549e+00,4.248529157249600452e+00,5.590169943749473624e+00,6.484597134749389369e+00,4.248529157249600452e+00,5.366563145999495354e+00,4.024922359499621294e+00,2.459674775249768519e+00,2.236067977499789805e+00,3.801315561749642136e+00,4.919349550499537038e+00,4.472135954999579610e+00,5.142956348249516196e+00,6.037383539249431941e+00,4.024922359499621294e+00,2.906888370749726391e+00,2.683281572999747677e+00,1.788854381999831711e+00,2.459674775249768519e+00,4.695742752749557880e+00,3.130495168499705549e+00,1.565247584249852775e+00,3.354101966249684263e+00,3.130495168499705549e+00,4.248529157249600452e+00,4.248529157249600452e+00,1.788854381999831711e+00,1.341640786499873839e+00,2.012461179749810647e+00,1.341640786499873839e+00,6.708203932499369193e-01,2.012461179749810647e+00,2.459674775249768519e+00,6.708203932499369193e-01,2.236067977499789639e-01,2.012461179749810647e+00,3.801315561749642136e+00,4.695742752749557880e+00,3.801315561749642136e+00,2.012461179749810647e+00,4.472135954999579277e-01,1.565247584249852775e+00,2.683281572999747677e+00,2.683281572999747677e+00,1.565247584249852775e+00,2.683281572999747677e+00,2.236067977499789805e+00,1.565247584249852775e+00,0.000000000000000000e+00,-4.472135954999579277e-01,-1.341640786499873839e+00,4.472135954999579277e-01,6.708203932499369193e-01,-2.236067977499789639e-01,2.236067977499789639e-01,4.472135954999579277e-01,-1.565247584249852775e+00,-2.236067977499789805e+00,-2.459674775249768519e+00,-1.565247584249852775e+00,0.000000000000000000e+00,1.341640786499873839e+00,1.565247584249852775e+00,2.236067977499789805e+00,6.708203932499369193e-01,6.708203932499369193e-01,8.944271909999158554e-01,6.708203932499369193e-01,4.472135954999579277e-01,-1.341640786499873839e+00,-2.236067977499789805e+00,-1.118033988749894903e+00,1.118033988749894903e+00,2.236067977499789639e-01,1.118033988749894903e+00,0.000000000000000000e+00,4.472135954999579277e-01,0.000000000000000000e+00,4.472135954999579277e-01,-4.472135954999579277e-01,1.788854381999831711e+00,0.000000000000000000e+00,-1.118033988749894903e+00,-8.944271909999158554e-01,-1.341640786499873839e+00,-1.788854381999831711e+00,-1.565247584249852775e+00,-8.944271909999158554e-01,0.000000000000000000e+00,-2.236067977499789805e+00,-3.577708763999663422e+00,-4.024922359499621294e+00,-5.366563145999495354e+00,-2.459674775249768519e+00,-2.459674775249768519e+00,-1.565247584249852775e+00,-1.341640786499873839e+00,-8.944271909999158554e-01,1.118033988749894903e+00,2.236067977499789639e-01,0.000000000000000000e+00,-2.236067977499789805e+00,-3.801315561749642136e+00,-4.472135954999579610e+00,-6.037383539249431941e+00,-5.590169943749473624e+00,-6.484597134749389369e+00,-6.708203932499368527e+00,-5.366563145999495354e+00,-5.813776741499452783e+00,-6.931810730249347685e+00,-3.801315561749642136e+00,-4.472135954999579610e+00,-2.683281572999747677e+00,-3.354101966249684263e+00,-3.577708763999663422e+00,-3.130495168499705549e+00,-4.472135954999579610e+00,-6.931810730249347685e+00,-5.813776741499452783e+00,-4.248529157249600452e+00,-2.683281572999747677e+00,-1.118033988749894903e+00,-6.708203932499369193e-01,-2.236067977499789639e-01,-2.236067977499789639e-01,-1.341640786499873839e+00,-1.118033988749894903e+00,-6.708203932499369193e-01,1.118033988749894903e+00,1.788854381999831711e+00,1.565247584249852775e+00,6.708203932499369193e-01,2.012461179749810647e+00,2.459674775249768519e+00,2.012461179749810647e+00,1.565247584249852775e+00,2.236067977499789639e-01,1.565247584249852775e+00,2.012461179749810647e+00,6.708203932499369193e-01,2.236067977499789639e-01,-2.236067977499789639e-01,-4.472135954999579277e-01,-1.565247584249852775e+00,-1.788854381999831711e+00,-1.565247584249852775e+00,-1.341640786499873839e+00,-2.236067977499789639e-01,-2.236067977499789639e-01,-3.354101966249684263e+00,-1.565247584249852775e+00,-2.683281572999747677e+00,-2.459674775249768519e+00,-1.788854381999831711e+00,-3.801315561749642136e+00,-2.459674775249768519e+00,-2.683281572999747677e+00,-4.024922359499621294e+00,-4.695742752749557880e+00,-5.142956348249516196e+00,-5.590169943749473624e+00,-5.142956348249516196e+00,-4.919349550499537038e+00,-3.130495168499705549e+00,-4.472135954999579610e+00,-4.919349550499537038e+00,-4.248529157249600452e+00,-1.788854381999831711e+00,0.000000000000000000e+00,1.341640786499873839e+00,1.565247584249852775e+00,2.459674775249768519e+00,1.341640786499873839e+00,-8.944271909999158554e-01,-2.236067977499789805e+00,-8.944271909999158554e-01,-8.944271909999158554e-01,2.236067977499789639e-01,0.000000000000000000e+00,-2.236067977499789639e-01,1.118033988749894903e+00,1.341640786499873839e+00,4.248529157249600452e+00,4.024922359499621294e+00,5.590169943749473624e+00,3.577708763999663422e+00,2.236067977499789805e+00,2.683281572999747677e+00,2.683281572999747677e+00,1.565247584249852775e+00,1.788854381999831711e+00,-1.341640786499873839e+00,-8.944271909999158554e-01,2.236067977499789639e-01,0.000000000000000000e+00,1.118033988749894903e+00,1.118033988749894903e+00,2.459674775249768519e+00,6.708203932499369193e-01,-4.472135954999579277e-01,-1.341640786499873839e+00,-2.012461179749810647e+00,-6.708203932499369193e-01,1.565247584249852775e+00,1.341640786499873839e+00,6.708203932499369193e-01,-1.118033988749894903e+00,-8.944271909999158554e-01,-2.459674775249768519e+00,-1.118033988749894903e+00,-2.236067977499789805e+00,-4.472135954999579277e-01,2.236067977499789639e-01,1.565247584249852775e+00,2.236067977499789805e+00,2.012461179749810647e+00,2.683281572999747677e+00,2.236067977499789805e+00,4.024922359499621294e+00,3.354101966249684263e+00,1.565247584249852775e+00,8.944271909999158554e-01,-2.236067977499789639e-01,-4.472135954999579277e-01,-8.944271909999158554e-01,-1.788854381999831711e+00,-8.944271909999158554e-01,4.472135954999579277e-01,8.944271909999158554e-01,4.472135954999579277e-01,2.236067977499789639e-01,4.472135954999579277e-01,0.000000000000000000e+00,-2.236067977499789639e-01,-1.788854381999831711e+00,-2.683281572999747677e+00,-3.577708763999663422e+00,-3.130495168499705549e+00,-3.577708763999663422e+00,-4.472135954999579277e-01,-1.341640786499873839e+00,-1.565247584249852775e+00,-2.236067977499789805e+00,-1.118033988749894903e+00,2.236067977499789639e-01,1.565247584249852775e+00,2.012461179749810647e+00,2.459674775249768519e+00,3.130495168499705549e+00,2.683281572999747677e+00,2.906888370749726391e+00,8.944271909999158554e-01,-1.341640786499873839e+00,-4.472135954999579277e-01,1.788854381999831711e+00,6.708203932499369193e-01,2.236067977499789639e-01,-2.012461179749810647e+00,-4.472135954999579277e-01,-2.236067977499789805e+00,-3.801315561749642136e+00,-5.590169943749473624e+00,-5.142956348249516196e+00,-3.801315561749642136e+00,-3.801315561749642136e+00,-5.142956348249516196e+00,-4.024922359499621294e+00,-5.366563145999495354e+00,-2.459674775249768519e+00,-3.354101966249684263e+00,-3.354101966249684263e+00,-5.366563145999495354e+00,-2.906888370749726391e+00,-2.012461179749810647e+00,-1.788854381999831711e+00,-1.118033988749894903e+00,2.236067977499789639e-01,-1.788854381999831711e+00,6.708203932499369193e-01,2.459674775249768519e+00,1.118033988749894903e+00,2.236067977499789639e-01,2.236067977499789639e-01,-2.236067977499789805e+00,-1.341640786499873839e+00,-1.788854381999831711e+00,-2.236067977499789805e+00,-1.788854381999831711e+00,-4.472135954999579277e-01,6.708203932499369193e-01,6.708203932499369193e-01,2.906888370749726391e+00,2.012461179749810647e+00,2.459674775249768519e+00,4.472135954999579610e+00,4.024922359499621294e+00,3.801315561749642136e+00,4.695742752749557880e+00,3.801315561749642136e+00,6.484597134749389369e+00,4.472135954999579610e+00,3.130495168499705549e+00,3.130495168499705549e+00,4.472135954999579277e-01,2.459674775249768519e+00,1.788854381999831711e+00,1.341640786499873839e+00,1.118033988749894903e+00,-6.708203932499369193e-01,-2.236067977499789805e+00,-3.354101966249684263e+00,-5.813776741499452783e+00,-4.695742752749557880e+00,-3.354101966249684263e+00,-5.142956348249516196e+00,-3.130495168499705549e+00,-2.459674775249768519e+00,-2.012461179749810647e+00,-1.788854381999831711e+00,-1.341640786499873839e+00,0.000000000000000000e+00,-2.236067977499789639e-01,-2.012461179749810647e+00,-3.130495168499705549e+00,-2.683281572999747677e+00,-3.130495168499705549e+00,-2.906888370749726391e+00,-3.354101966249684263e+00,-3.354101966249684263e+00,-2.236067977499789805e+00,-2.906888370749726391e+00,-2.906888370749726391e+00,-2.236067977499789805e+00,-2.683281572999747677e+00,-4.695742752749557880e+00,-4.024922359499621294e+00,-3.130495168499705549e+00,-3.130495168499705549e+00,-1.341640786499873839e+00,-1.565247584249852775e+00,0.000000000000000000e+00,-1.341640786499873839e+00,-1.118033988749894903e+00,-8.944271909999158554e-01,0.000000000000000000e+00,-8.944271909999158554e-01,1.118033988749894903e+00,8.944271909999158554e-01,-1.341640786499873839e+00,-3.130495168499705549e+00,-2.012461179749810647e+00,-1.341640786499873839e+00,-1.565247584249852775e+00,2.236067977499789639e-01,-1.565247584249852775e+00,-2.012461179749810647e+00,-2.459674775249768519e+00,-4.472135954999579610e+00,-2.459674775249768519e+00,-1.788854381999831711e+00,-1.788854381999831711e+00,-1.565247584249852775e+00,-1.565247584249852775e+00,-1.341640786499873839e+00,-1.788854381999831711e+00,-6.708203932499369193e-01,-2.459674775249768519e+00,-1.788854381999831711e+00,-1.788854381999831711e+00,-4.472135954999579277e-01,-2.012461179749810647e+00,2.236067977499789639e-01,-1.341640786499873839e+00,-2.683281572999747677e+00,-2.906888370749726391e+00,-6.708203932499369193e-01,-3.354101966249684263e+00,-2.906888370749726391e+00,-2.236067977499789805e+00,-1.118033988749894903e+00,4.472135954999579277e-01,4.472135954999579277e-01,-2.236067977499789639e-01,2.236067977499789639e-01,4.472135954999579277e-01,8.944271909999158554e-01,1.118033988749894903e+00,-6.708203932499369193e-01,-6.708203932499369193e-01,-8.944271909999158554e-01,-1.118033988749894903e+00,-2.459674775249768519e+00,-3.801315561749642136e+00,-4.695742752749557880e+00,-6.260990336999411099e+00,-5.366563145999495354e+00,-5.366563145999495354e+00,-5.142956348249516196e+00,-7.379024325749306001e+00,-5.813776741499452783e+00,-5.813776741499452783e+00,-5.142956348249516196e+00,-5.590169943749473624e+00,-3.801315561749642136e+00,-3.130495168499705549e+00,-1.118033988749894903e+00,-2.459674775249768519e+00,-2.236067977499789805e+00,-1.565247584249852775e+00,-6.708203932499369193e-01,-8.944271909999158554e-01,-6.708203932499369193e-01,-4.472135954999579277e-01,-2.236067977499789639e-01
4.248529157249600452e+00,3.130495168499705549e+00,5.142956348249516196e+00,3.577708763999663422e+00,2.012461179749810647e+00,1.118033988749894903e+00,1.565247584249852775e+00,3.130495168499705549e+00,1.118033988749894903e+00,1.341640786499873839e+00,1.565247584249852775e+00,4.472135954999579277e-01,-8.944271909999158554e-01,-4.472135954999579277e-01,2.236067977499789639e-01,2.236067977499789639e-01,1.788854381999831711e+00,2.236067977499789639e-01,2.012461179749810647e+00,4.248529157249600452e+00,2.459674775249768519e+00,2.459674775249768519e+00,2.012461179749810647e+00,1.118033988749894903e+00,-6.708203932499369193e-01,-1.341640786499873839e+00,-3.130495168499705549e+00,-2.906888370749726391e+00,-3.577708763999663422e+00,-3.130495168499705549e+00,-4.024922359499621294e+00,-4.472135954999579610e+00,-2.906888370749726391e+00,-2.459674775249768519e+00,-2.459674775249768519e+00,-1.788854381999831711e+00,-2.906888370749726391e+00,-2.012461179749810647e+00,-1.341640786499873839e+00,2.236067977499789639e-01,0.000000000000000000e+00,6.708203932499369193e-01,2.683281572999747677e+00,3.354101966249684263e+00,2.459674775249768519e+00,2.459674775249768519e+00,1.341640786499873839e+00,-2.236067977499789805e+00,-3.354101966249684263e+00,-4.248529157249600452e+00,-4.248529157249600452e+00,-2.906888370749726391e+00,-3.577708763999663422e+00,-5.366563145999495354e+00,-6.260990336999411099e+00,-6.260990336999411099e+00,-3.801315561749642136e+00,-2.906888370749726391e+00,-2.459674775249768519e+00,-2.459674775249768519e+00,-3.354101966249684263e+00,-2.459674775249768519e+00,4.472135954999579277e-01,-4.472135954999579277e-01,-1.118033988749894903e+00,6.708203932499369193e-01,6.708203932499369193e-01,6.708203932499369193e-01,4.472135954999579277e-01,-1.565247584249852775e+00,-2.012461179749810647e+00,-2.906888370749726391e+00,-3.130495168499705549e+00,-1.788854381999831711e+00,-4.472135954999579277e-01,1.341640786499873839e+00,3.577708763999663422e+00,3.801315561749642136e+00,2.459674775249768519e+00,4.024922359499621294e+00,3.130495168499705549e+00,3.577708763999663422e+00,3.354101966249684263e+00,2.459674775249768519e+00,2.683281572999747677e+00,3.130495168499705549e+00,2.683281572999747677e+00,3.801315561749642136e+00,3.801315561749642136e+00,4.024922359499621294e+00,4.248529157249600452e+00,6.260990336999411099e+00,3.130495168499705549e+00,2.236067977499789805e+00,1.788854381999831711e+00,1.118033988749894903e+00,2.236067977499789805e+00,3.354101966249684263e+00,1.788854381999831711e+00,2.236067977499789805e+00,5.142956348249516196e+00,3.130495168499705549e+00,2.906888370749726391e+00,1.118033988749894903e+00,2.236067977499789805e+00,4.472135954999579277e-01,8.944271909999158554e-01,8.944271909999158554e-01,-4.472135954999579277e-01,6.708203932499369193e-01,-6.708203932499369193e-01,0.000000000000000000e+00,-4.472135954999579277e-01,-1.788854381999831711e+00,-2.012461179749810647e+00,-2.906888370749726391e+00,-3.577708763999663422e+00,-3.577708763999663422e+00,-1.788854381999831711e+00,-1.788854381999831711e+00,-2.683281572999747677e+00,-2.236067977499789805e+00,-3.801315561749642136e+00,-1.341640786499873839e+00,-2.012461179749810647e+00,-3.354101966249684263e+00,-3.354101966249684263e+00,-4.248529157249600452e+00,-3.130495168499705549e+00,-4.024922359499621294e+00,-2.906888370749726391e+00,-2.906888370749726391e+00,-2.906888370749726391e+00,-3.577708763999663422e+00,-4.472135954999579610e+00,-5.366563145999495354e+00,-4.472135954999579610e+00,-5.590169943749473624e+00,-4.919349550499537038e+00,-3.801315561749642136e+00,-8.944271909999158554e-01,-1.118033988749894903e+00,-8.944271909999158554e-01,1.341640786499873839e+00,-1.118033988749894903e+00,-1.565247584249852775e+00,-2.683281572999747677e+00,-3.801315561749642136e+00,-4.248529157249600452e+00,-3.801315561749642136e+00,-3.354101966249684263e+00,-1.565247584249852775e+00,-2.906888370749726391e+00,-3.354101966249684263e+00,-5.366563145999495354e+00,-8.049844718999242588e+00,-7.379024325749306001e+00,-4.695742752749557880e+00,-5.813776741499452783e+00,-5.590169943749473624e+00,-2.236067977499789805e+00,1.788854381999831711e+00,3.130495168499705549e+00,2.012461179749810647e+00,3.577708763999663422e+00,2.459674775249768519e+00,1.565247584249852775e+00,1.118033988749894903e+00,1.118033988749894903e+00,1.565247584249852775e+00,0.000000000000000000e+00,-1.788854381999831711e+00,-3.577708763999663422e+00,-2.236067977499789639e-01,1.118033988749894903e+00,-2.236067977499789639e-01,-4.472135954999579277e-01,6.708203932499369193e-01,2.236067977499789805e+00,1.788854381999831711e+00,1.118033988749894903e+00,1.788854381999831711e+00,-4.472135954999579277e-01,-2.236067977499789639e-01,-2.236067977499789805e+00,-6.708203932499369193e-01,-2.236067977499789805e+00,-4.472135954999579277e-01,6.708203932499369193e-01,1.341640786499873839e+00,8.944271909999158554e-01,1.341640786499873839e+00,3.577708763999663422e+00,2.459674775249768519e+00,2.012461179749810647e+00,2.906888370749726391e+00,4.695742752749557880e+00,3.801315561749642136e+00,3.354101966249684263e+00,2.906888370749726391e+00,2.683281572999747677e+00,2.459674775249768519e+00,3.130495168499705549e+00,8.944271909999158554e-01,2.683281572999747677e+00,3.354101966249684263e+00,2.236067977499789805e+00,1.788854381999831711e+00,2.012461179749810647e+00,2.906888370749726391e+00,8.944271909999158554e-01,1.565247584249852775e+00,2.459674775249768519e+00,3.130495168499705549e+00,2.459674775249768519e+00,1.118033988749894903e+00,6.708203932499369193e-01,2.236067977499789639e-01,-2.236067977499789805e+00,-2.906888370749726391e+00,-1.341640786499873839e+00,-2.236067977499789805e+00,-8.944271909999158554e-01,-2.236067977499789805e+00,-2.236067977499789805e+00,-4.472135954999579277e-01,0.000000000000000000e+00,2.236067977499789639e-01,2.012461179749810647e+00,2.683281572999747677e+00,2.459674775249768519e+00,1.118033988749894903e+00,8.944271909999158554e-01,0.000000000000000000e+00,6.708203932499369193e-01,2.236067977499789639e-01,8.944271909999158554e-01,-4.472135954999579277e-01,1.118033988749894903e+00,4.472135954999579277e-01,-6.708203932499369193e-01,6.708203932499369193e-01,1.341640786499873839e+00,1.788854381999831711e+00,2.459674775249768519e+00,2.012461179749810647e+00,1.788854381999831711e+00,1.788854381999831711e+00,3.801315561749642136e+00,3.354101966249684263e+00,2.683281572999747677e+00,1.565247584249852775e+00,1.565247584249852775e+00,3.130495168499705549e+00,4.248529157249600452e+00,3.801315561749642136e+00,1.118033988749894903e+00,3.130495168499705549e+00,3.577708763999663422e+00,4.248529157249600452e+00,3.354101966249684263e+00,4.024922359499621294e+00,4.024922359499621294e+00,5.142956348249516196e+00,3.354101966249684263e+00,2.906888370749726391e+00,4.024922359499621294e+00,3.354101966249684263e+00,4.695742752749557880e+00,3.130495168499705549e+00,2.012461179749810647e+00,1.788854381999831711e+00,1.565247584249852775e+00,2.683281572999747677e+00,2.236067977499789639e-01,8.944271909999158554e-01,-1.565247584249852775e+00,-4.472135954999579277e-01,-4.472135954999579277e-01,-4.472135954999579277e-01,-8.944271909999158554e-01,2.012461179749810647e+00,8.944271909999158554e-01,8.944271909999158554e-01,4.472135954999579277e-01,2.236067977499789805e+00,3.130495168499705549e+00,1.788854381999831711e+00,2.236067977499789805e+00,2.906888370749726391e+00,4.024922359499621294e+00,3.577708763999663422e+00,1.118033988749894903e+00,2.236067977499789639e-01,2.236067977499789805e+00,2.236067977499789805e+00,3.577708763999663422e+00,3.130495168499705549e+00,8.944271909999158554e-01,1.341640786499873839e+00,8.944271909999158554e-01,-2.236067977499789639e-01,8.944271909999158554e-01,-4.472135954999579277e-01,6.708203932499369193e-01,3.130495168499705549e+00,3.354101966249684263e+00,4.695742752749557880e+00,4.919349550499537038e+00,5.590169943749473624e+00,3.801315561749642136e+00,4.695742752749557880e+00,4.919349550499537038e+00,4.919349550499537038e+00,4.695742752749557880e+00,3.577708763999663422e+00,3.130495168499705549e+00,2.906888370749726391e+00,3.577708763999663422e+00,2.906888370749726391e+00,2.906888370749726391e+00,4.248529157249600452e+00,6.708203932499368527e+00,9.391485505499115760e+00,7.602631123499284271e+00,6.260990336999411099e+00,4.024922359499621294e+00,4.919349550499537038e+00,3.577708763999663422e+00,5.590169943749473624e+00,1.788854381999831711e+00,1.341640786499873839e+00,2.906888370749726391e+00,4.472135954999579610e+00,6.037383539249431941e+00,5.813776741499452783e+00,3.354101966249684263e+00,3.130495168499705549e+00,4.472135954999579610e+00,6.484597134749389369e+00,6.708203932499368527e+00,5.590169943749473624e+00,6.037383539249431941e+00,6.931810730249347685e+00,6.037383539249431941e+00,4.695742752749557880e+00,3.577708763999663422e+00,2.012461179749810647e+00,1.565247584249852775e+00,1.341640786499873839e+00,1.341640786499873839e+00,2.012461179749810647e+00,2.459674775249768519e+00,2.236067977499789805e+00,1.565247584249852775e+00,2.236067977499789639e-01,-4.472135954999579277e-01,-1.341640786499873839e+00,-1.565247584249852775e+00,-1.565247584249852775e+00,0.000000000000000000e+00,1.341640786499873839e+00,2.236067977499789639e-01,8.944271909999158554e-01,1.341640786499873839e+00,6.708203932499369193e-01,1.341640786499873839e+00,1.565247584249852775e+00,6.708203932499369193e-01,8.944271909999158554e-01,1.118033988749894903e+00,1.788854381999831711e+00,-1.118033988749894903e+00,1.341640786499873839e+00,-2.236067977499789639e-01,-4.472135954999579277e-01,-1.788854381999831711e+00,-2.683281572999747677e+00,-2.906888370749726391e+00,-3.801315561749642136e+00,-2.683281572999747677e+00,-1.565247584249852775e+00,-4.472135954999579277e-01,-1.118033988749894903e+00,-1.341640786499873839e+00,2.236067977499789639e-01,-4.472135954999579277e-01,-2.236067977499789805e+00,-1.565247584249852775e+00,-4.024922359499621294e+00,-2.906888370749726391e+00,-6.708203932499369193e-01,-2.012461179749810647e+00,-2.906888370749726391e+00,-1.788854381999831711e+00,-1.118033988749894903e+00,-1.118033988749894903e+00,-1.565247584249852775e+00,-2.459674775249768519e+00,-3.354101966249684263e+00,-5.366563145999495354e+00,-4.919349550499537038e+00,-3.130495168499705549e+00,-2.459674775249768519e+00,-2.012461179749810647e+00,-2.236067977499789805e+00,-8.944271909999158554e-01,8.944271909999158554e-01,-1.341640786499873839e+00,-2.683281572999747677e+00,-2.459674775249768519e+00,0.000000000000000000e+00,-1.788854381999831711e+00,4.472135954999579277e-01,-2.236067977499789639e-01,4.472135954999579277e-01,-1.118033988749894903e+00,-1.118033988749894903e+00,4.472135954999579277e-01,-2.236067977499789639e-01,-2.236067977499789639e-01,-2.236067977499789805e+00,-8.944271909999158554e-01,-1.565247584249852775e+00,-1.341640786499873839e+00,-3.130495168499705549e+00,-4.695742752749557880e+00,-5.366563145999495354e+00,-4.695742752749557880e+00,-4.472135954999579610e+00,-4.248529157249600452e+00,-3.354101966249684263e+00,-8.944271909999158554e-01,-6.708203932499369193e-01,-8.944271909999158554e-01,0.000000000000000000e+00,-1.788854381999831711e+00,-2.683281572999747677e+00,-4.024922359499621294e+00,-4.024922359499621294e+00,-5.590169943749473624e+00,-2.906888370749726391e+00,-5.142956348249516196e+00,-3.801315561749642136e+00,-2.459674775249768519e+00,-2.459674775249768519e+00,-2.459674775249768519e+00,-3.354101966249684263e+00,-8.944271909999158554e-01,-8.944271909999158554e-01,6.708203932499369193e-01,4.472135954999579277e-01,8.944271909999158554e-01,4.472135954999579277e-01,-2.236067977499789639e-01,-1.565247584249852775e+00,-2.459674775249768519e+00,-1.565247584249852775e+00,-2.236067977499789639e-01,0.000000000000000000e+00,-2.236067977499789805e+00,-2.459674775249768519e+00,-2.236067977499789805e+00,-3.577708763999663422e+00,-2.236067977499789805e+00,-2.459674775249768519e+00,-4.472135954999579277e-01,1.118033988749894903e+00,2.236067977499789805e+00,1.118033988749894903e+00,1.788854381999831711e+00,1.118033988749894903e+00,8.944271909999158554e-01,-6.708203932499369193e-01,-1.341640786499873839e+00,-6.708203932499369193e-01,-1.118033988749894903e+00,-6.708203932499369193e-01,-4.472135954999579277e-01,-1.565247584249852775e+00,-1.118033988749894903e+00,1.565247584249852775e+00,3.577708763999663422e+00,2.906888370749726391e+00,2.236067977499789805e+00,2.906888370749726391e+00,2.012461179749810647e+00,1.341640786499873839e+00,1.341640786499873839e+00,1.565247584249852775e+00,3.577708763999663422e+00,2.012461179749810647e+00,4.472135954999579277e-01,2.459674775249768519e+00,2.683281572999747677e+00,2.012461179749810647e+00,2.459674775249768519e+00,1.565247584249852775e+00,-1.788854381999831711e+00,-6.708203932499369193e-01
8.944271909999158554e-01,1.788854381999831711e+00,2.683281572999747677e+00,0.000000000000000000e+00,-1.341640786499873839e+00,8.944271909999158554e-01,-4.472135954999579277e-01,1.118033988749894903e+00,6.708203932499369193e-01,2.236067977499789639e-01,-4.472135954999579277e-01,-6.708203932499369193e-01,-6.708203932499369193e-01,4.472135954999579277e-01,1.118033988749894903e+00,2.683281572999747677e+00,4.472135954999579610e+00,5.142956348249516196e+00,4.919349550499537038e+00,2.906888370749726391e+00,3.130495168499705549e+00,2.012461179749810647e+00,2.236067977499789805e+00,4.695742752749557880e+00,4.695742752749557880e+00,4.248529157249600452e+00,3.577708763999663422e+00,3.801315561749642136e+00,2.459674775249768519e+00,6.708203932499369193e-01,2.236067977499789639e-01,-1.118033988749894903e+00,1.118033988749894903e+00,2.236067977499789639e-01,-1.118033988749894903e+00,0.000000000000000000e+00,-6.708203932499369193e-01,-2.236067977499789639e-01,-2.236067977499789805e+00,-2.459674775249768519e+00,-1.118033988749894903e+00,-1.341640786499873839e+00,-8.944271909999158554e-01,-8.944271909999158554e-01,6.708203932499369193e-01,-4.472135954999579277e-01,4.472135954999579277e-01,1.118033988749894903e+00,2.459674775249768519e+00,2.906888370749726391e+00,3.801315561749642136e+00,2.683281572999747677e+00,1.788854381999831711e+00,8.944271909999158554e-01,1.341640786499873839e+00,1.341640786499873839e+00,2.906888370749726391e+00,4.248529157249600452e+00,5.590169943749473624e+00,6.037383539249431941e+00,7.826237921249263430e+00,7.379024325749306001e+00,7.602631123499284271e+00,6.037383539249431941e+00,5.366563145999495354e+00,5.590169943749473624e+00,3.354101966249684263e+00,4.024922359499621294e+00,2.906888370749726391e+00,2.683281572999747677e+00,2.906888370749726391e+00,1.341640786499873839e+00,6.708203932499369193e-01,-2.236067977499789639e-01,0.000000000000000000e+00,1.788854381999831711e+00,1.341640786499873839e+00,1.788854381999831711e+00,-2.236067977499789639e-01,-1.565247584249852775e+00,-2.683281572999747677e+00,-4.919349550499537038e+00,-3.354101966249684263e+00,-1.118033988749894903e+00,-1.341640786499873839e+00,-8.944271909999158554e-01,-8.944271909999158554e-01,-8.944271909999158554e-01,-1.788854381999831711e+00,-2.236067977499789805e+00,-2.906888370749726391e+00,-3.130495168499705549e+00,-3.130495168499705549e+00,-3.801315561749642136e+00,-5.142956348249516196e+00,-5.366563145999495354e+00,-4.695742752749557880e+00,-4.248529157249600452e+00,-2.459674775249768519e+00,-6.708203932499369193e-01,-1.565247584249852775e+00,-1.341640786499873839e+00,2.236067977499789639e-01,0.000000000000000000e+00,4.472135954999579277e-01,-8.944271909999158554e-01,-2.236067977499789639e-01,-3.354101966249684263e+00,-4.472135954999579610e+00,-4.695742752749557880e+00,-4.248529157249600452e+00,-5.142956348249516196e+00,-4.248529157249600452e+00,-3.577708763999663422e+00,-2.012461179749810647e+00,-1.788854381999831711e+00,-1.341640786499873839e+00,-1.341640786499873839e+00,-2.236067977499789805e+00,-2.683281572999747677e+00,-2.236067977499789805e+00,-3.130495168499705549e+00,-3.354101966249684263e+00,-2.683281572999747677e+00,-2.012461179749810647e+00,-2.236067977499789639e-01,-1.118033988749894903e+00,-1.118033988749894903e+00,4.472135954999579277e-01,6.708203932499369193e-01,-1.118033988749894903e+00,-1.788854381999831711e+00,-1.565247584249852775e+00,4.472135954999579277e-01,1.565247584249852775e+00,4.472135954999579277e-01,-6.708203932499369193e-01,-2.236067977499789639e-01,2.906888370749726391e+00,4.472135954999579610e+00,6.037383539249431941e+00,5.366563145999495354e+00,4.248529157249600452e+00,5.813776741499452783e+00,4.695742752749557880e+00,2.459674775249768519e+00,2.236067977499789805e+00,3.354101966249684263e+00,3.354101966249684263e+00,2.906888370749726391e+00,3.130495168499705549e+00,1.341640786499873839e+00,1.341640786499873839e+00,6.708203932499369193e-01,0.000000000000000000e+00,-1.118033988749894903e+00,-2.236067977499789805e+00,-2.906888370749726391e+00,-2.683281572999747677e+00,-4.024922359499621294e+00,-4.472135954999579610e+00,-4.919349550499537038e+00,-5.366563145999495354e+00,-4.472135954999579610e+00,-1.341640786499873839e+00,-2.236067977499789639e-01,-1.118033988749894903e+00,1.565247584249852775e+00,1.788854381999831711e+00,1.565247584249852775e+00,2.459674775249768519e+00,2.906888370749726391e+00,3.354101966249684263e+00,2.236067977499789805e+00,1.118033988749894903e+00,8.944271909999158554e-01,-1.788854381999831711e+00,-2.906888370749726391e+00,-2.906888370749726391e+00,-4.248529157249600452e+00,-3.577708763999663422e+00,-2.906888370749726391e+00,-2.906888370749726391e+00,-4.024922359499621294e+00,-5.142956348249516196e+00,-6.037383539249431941e+00,-4.472135954999579610e+00,-4.248529157249600452e+00,-2.012461179749810647e+00,-2.236067977499789805e+00,-2.236067977499789805e+00,-3.354101966249684263e+00,-4.248529157249600452e+00,-4.919349550499537038e+00,-3.354101966249684263e+00,6.708203932499369193e-01,1.341640786499873839e+00,-2.236067977499789639e-01,1.118033988749894903e+00,3.130495168499705549e+00,2.906888370749726391e+00,2.459674775249768519e+00,3.801315561749642136e+00,2.906888370749726391e+00,4.472135954999579610e+00,3.354101966249684263e+00,3.130495168499705549e+00,2.906888370749726391e+00,2.906888370749726391e+00,1.565247584249852775e+00,-4.472135954999579277e-01,0.000000000000000000e+00,8.944271909999158554e-01,2.236067977499789639e-01,-2.012461179749810647e+00,-1.341640786499873839e+00,-1.565247584249852775e+00,-1.118033988749894903e+00,-1.788854381999831711e+00,-2.012461179749810647e+00,-2.012461179749810647e+00,-2.236067977499789805e+00,-3.801315561749642136e+00,-2.683281572999747677e+00,-3.130495168499705549e+00,-3.801315561749642136e+00,-3.577708763999663422e+00,-1.788854381999831711e+00,-2.236067977499789805e+00,-2.236067977499789805e+00,-3.354101966249684263e+00,-1.341640786499873839e+00,-4.024922359499621294e+00,-5.366563145999495354e+00,-8.273451516749220858e+00,-6.260990336999411099e+00,-3.354101966249684263e+00,-2.236067977499789805e+00,-2.236067977499789805e+00,-2.012461179749810647e+00,-2.906888370749726391e+00,-2.236067977499789805e+00,-4.024922359499621294e+00,-2.906888370749726391e+00,-4.024922359499621294e+00,-3.354101966249684263e+00,-3.801315561749642136e+00,-3.577708763999663422e+00,-4.024922359499621294e+00,-2.459674775249768519e+00,-6.708203932499369193e-01,-1.118033988749894903e+00,-1.565247584249852775e+00,-6.708203932499369193e-01,-8.944271909999158554e-01,2.236067977499789639e-01,1.118033988749894903e+00,6.708203932499369193e-01,6.708203932499369193e-01,8.944271909999158554e-01,6.708203932499369193e-01,-4.472135954999579277e-01,-2.012461179749810647e+00,-2.012461179749810647e+00,-3.577708763999663422e+00,-3.354101966249684263e+00,-2.683281572999747677e+00,-4.024922359499621294e+00,-6.037383539249431941e+00,-4.919349550499537038e+00,-4.248529157249600452e+00,-4.472135954999579610e+00,-5.142956348249516196e+00,-5.813776741499452783e+00,-4.919349550499537038e+00,-4.695742752749557880e+00,-5.142956348249516196e+00,-3.801315561749642136e+00,-3.130495168499705549e+00,-2.906888370749726391e+00,-2.012461179749810647e+00,-2.236067977499789805e+00,-6.708203932499369193e-01,0.000000000000000000e+00,1.341640786499873839e+00,2.459674775249768519e+00,1.565247584249852775e+00,6.708203932499369193e-01,-8.944271909999158554e-01,-2.236067977499789805e+00,-1.788854381999831711e+00,-1.341640786499873839e+00,-3.577708763999663422e+00,-4.919349550499537038e+00,-6.708203932499368527e+00,-7.826237921249263430e+00,-8.049844718999242588e+00,-7.602631123499284271e+00,-6.260990336999411099e+00,-4.919349550499537038e+00,-5.142956348249516196e+00,-3.130495168499705549e+00,-2.683281572999747677e+00,-2.012461179749810647e+00,-3.130495168499705549e+00,-1.341640786499873839e+00,-8.944271909999158554e-01,-1.788854381999831711e+00,-3.354101966249684263e+00,-6.037383539249431941e+00,-5.590169943749473624e+00,-6.931810730249347685e+00,-4.919349550499537038e+00,-5.366563145999495354e+00,-4.248529157249600452e+00,-5.590169943749473624e+00,-4.248529157249600452e+00,-4.919349550499537038e+00,-2.683281572999747677e+00,-2.236067977499789805e+00,-1.341640786499873839e+00,-1.118033988749894903e+00,-4.472135954999579277e-01,-6.708203932499369193e-01,-1.565247584249852775e+00,-2.236067977499789805e+00,-4.472135954999579277e-01,-4.472135954999579277e-01,0.000000000000000000e+00,6.708203932499369193e-01,2.683281572999747677e+00,2.683281572999747677e+00,2.236067977499789805e+00,4.695742752749557880e+00,2.236067977499789805e+00,2.683281572999747677e+00,2.236067977499789805e+00,1.341640786499873839e+00,1.118033988749894903e+00,2.236067977499789639e-01,-1.341640786499873839e+00,2.012461179749810647e+00,1.341640786499873839e+00,8.944271909999158554e-01,-6.708203932499369193e-01,-4.472135954999579277e-01,1.118033988749894903e+00,-2.236067977499789639e-01,4.472135954999579277e-01,-8.944271909999158554e-01,-1.788854381999831711e+00,-2.012461179749810647e+00,-2.236067977499789805e+00,-8.944271909999158554e-01,-1.118033988749894903e+00,-1.118033988749894903e+00,-1.788854381999831711e+00,-6.708203932499369193e-01,-1.565247584249852775e+00,-2.236067977499789805e+00,-2.683281572999747677e+00,-2.459674775249768519e+00,-3.130495168499705549e+00,-2.236067977499789805e+00,-1.565247584249852775e+00,-2.236067977499789805e+00,-1.341640786499873839e+00,-8.944271909999158554e-01,-1.565247584249852775e+00,-1.788854381999831711e+00,6.708203932499369193e-01,8.944271909999158554e-01,2.236067977499789639e-01,0.000000000000000000e+00,6.708203932499369193e-01,-1.788854381999831711e+00,-1.565247584249852775e+00,2.236067977499789639e-01,1.341640786499873839e+00,-4.472135954999579277e-01,-1.788854381999831711e+00,-2.236067977499789805e+00,-6.708203932499369193e-01,-2.236067977499789639e-01,0.000000000000000000e+00,2.012461179749810647e+00,4.024922359499621294e+00,3.130495168499705549e+00,4.472135954999579610e+00,1.341640786499873839e+00,2.236067977499789805e+00,6.708203932499369193e-01,1.788854381999831711e+00,3.130495168499705549e+00,3.577708763999663422e+00,3.354101966249684263e+00,4.919349550499537038e+00,5.142956348249516196e+00,3.801315561749642136e+00,2.236067977499789805e+00,2.683281572999747677e+00,2.459674775249768519e+00,2.683281572999747677e+00,2.459674775249768519e+00,2.459674775249768519e+00,2.683281572999747677e+00,1.118033988749894903e+00,2.012461179749810647e+00,2.906888370749726391e+00,4.248529157249600452e+00,3.801315561749642136e+00,2.683281572999747677e+00,3.130495168499705549e+00,1.788854381999831711e+00,1.565247584249852775e+00,1.118033988749894903e+00,2.236067977499789805e+00,2.459674775249768519e+00,4.919349550499537038e+00,4.695742752749557880e+00,3.577708763999663422e+00,3.130495168499705549e+00,3.354101966249684263e+00,1.788854381999831711e+00,4.472135954999579277e-01,2.459674775249768519e+00,4.919349550499537038e+00,5.366563145999495354e+00,4.472135954999579610e+00,3.577708763999663422e+00,4.472135954999579277e-01,-4.472135954999579277e-01,-4.472135954999579277e-01,0.000000000000000000e+00,1.341640786499873839e+00,2.236067977499789805e+00,1.341640786499873839e+00,6.708203932499369193e-01,1.788854381999831711e+00,6.708203932499369193e-01,-8.944271909999158554e-01,2.012461179749810647e+00,3.354101966249684263e+00,4.472135954999579610e+00,4.248529157249600452e+00,4.248529157249600452e+00,5.142956348249516196e+00,5.590169943749473624e+00,7.155417527999326843e+00,4.919349550499537038e+00,5.142956348249516196e+00,4.472135954999579610e+00,4.024922359499621294e+00,2.683281572999747677e+00,2.236067977499789805e+00,3.130495168499705549e+00,2.459674775249768519e+00,4.472135954999579610e+00,4.695742752749557880e+00,2.906888370749726391e+00,3.354101966249684263e+00,2.236067977499789639e-01,0.000000000000000000e+00,6.708203932499369193e-01,-6.708203932499369193e-01,-6.708203932499369193e-01,-4.472135954999579277e-01,-1.341640786499873839e+00,-4.472135954999579277e-01,1.341640786499873839e+00,-2.012461179749810647e+00,-2.459674775249768519e+00,-2.012461179749810647e+00,-3.577708763999663422e+00,-4.472135954999579610e+00,-5.142956348249516196e+00,-6.037383539249431941e+00,-3.354101966249684263e+00,-3.801315561749642136e+00,-4.024922359499621294e+00,-4.695742752749557880e+00,-6.484597134749389369e+00,-3.354101966249684263e+00,-3.577708763999663422e+00,-2.906888370749726391e+00,-2.906888370749726391e+00,-2.459674775249768519e+00,-4.472135954999579277e-01,-1.788854381999831711e+00,-8.944271909999158554e-01,-2.236067977499789639e-01,-1.341640786499873839e+00,4.472135954999579277e-01,-2.236067977499789639e-01,2.236067977499789639e-01,4.472135954999579277e-01,2.236067977499789639e-01,1.341640786499873839e+00,6.708203932499369193e-01,-4.472135954999579277e-01
-8.944271909999158554e-01,0.000000000000000000e+00,0.000000000000000000e+00,-1.118033988749894903e+00,-8.944271909999158554e-01,-8.944271909999158554e-01,-2.906888370749726391e+00,-5.366563145999495354e+00,-5.813776741499452783e+00,-6.260990336999411099e+00,-4.248529157249600452e+00,-3.354101966249684263e+00,-2.683281572999747677e+00,-3.577708763999663422e+00,-4.024922359499621294e+00,-2.012461179749810647e+00,-2.459674775249768519e+00,-4.472135954999579610e+00,-5.142956348249516196e+00,-5.142956348249516196e+00,-4.024922359499621294e+00,-4.695742752749557880e+00,-3.577708763999663422e+00,-4.248529157249600452e+00,-2.683281572999747677e+00,-2.683281572999747677e+00,-2.459674775249768519e+00,-3.577708763999663422e+00,-3.130495168499705549e+00,-2.683281572999747677e+00,-3.577708763999663422e+00,-3.130495168499705549e+00,-3.801315561749642136e+00,-4.919349550499537038e+00,-5.366563145999495354e+00,-3.577708763999663422e+00,-2.236067977499789805e+00,-1.118033988749894903e+00,-2.236067977499789639e-01,1.788854381999831711e+00,4.472135954999579277e-01,6.708203932499369193e-01,-6.708203932499369193e-01,-2.459674775249768519e+00,-3.354101966249684263e+00,-4.472135954999579610e+00,-5.590169943749473624e+00,-6.037383539249431941e+00,-4.919349550499537038e+00,-3.130495168499705549e+00,-2.906888370749726391e+00,-2.012461179749810647e+00,-2.906888370749726391e+00,-2.683281572999747677e+00,-2.236067977499789805e+00,-3.130495168499705549e+00,-2.906888370749726391e+00,-1.788854381999831711e+00,-2.012461179749810647e+00,-3.130495168499705549e+00,-2.236067977499789805e+00,-2.236067977499789805e+00,-1.118033988749894903e+00,2.236067977499789639e-01,2.683281572999747677e+00,2.012461179749810647e+00,-4.472135954999579277e-01,2.236067977499789639e-01,-4.472135954999579277e-01,-1.788854381999831711e+00,-2.236067977499789805e+00,-1.118033988749894903e+00,-4.472135954999579277e-01,1.118033988749894903e+00,8.944271909999158554e-01,0.000000000000000000e+00,-4.472135954999579277e-01,-1.118033988749894903e+00,-4.472135954999579277e-01,6.708203932499369193e-01,4.472135954999579277e-01,-4.472135954999579277e-01,-8.944271909999158554e-01,-6.708203932499369193e-01,2.236067977499789805e+00,2.012461179749810647e+00,1.341640786499873839e+00,2.012461179749810647e+00,8.944271909999158554e-01,2.236067977499789639e-01,8.944271909999158554e-01,4.472135954999579277e-01,8.944271909999158554e-01,1.118033988749894903e+00,2.236067977499789805e+00,3.354101966249684263e+00,6.708203932499369193e-01,8.944271909999158554e-01,4.472135954999579277e-01,6.708203932499369193e-01,1.565247584249852775e+00,-4.472135954999579277e-01,-4.472135954999579277e-01,4.472135954999579277e-01,4.472135954999579277e-01,2.236067977499789639e-01,4.472135954999579277e-01,4.472135954999579277e-01,-1.118033988749894903e+00,-8.944271909999158554e-01,2.236067977499789639e-01,0.000000000000000000e+00,4.472135954999579277e-01,2.236067977499789639e-01,-2.236067977499789639e-01,2.236067977499789639e-01,1.788854381999831711e+00,1.565247584249852775e+00,6.708203932499369193e-01,2.906888370749726391e+00,1.341640786499873839e+00,0.000000000000000000e+00,2.236067977499789639e-01,-2.236067977499789639e-01,-8.944271909999158554e-01,-2.906888370749726391e+00,-2.906888370749726391e+00,-1.118033988749894903e+00,-6.708203932499369193e-01,1.565247584249852775e+00,1.788854381999831711e+00,1.788854381999831711e+00,2.683281572999747677e+00,2.683281572999747677e+00,2.906888370749726391e+00,2.236067977499789805e+00,2.459674775249768519e+00,8.944271909999158554e-01,2.012461179749810647e+00,1.788854381999831711e+00,1.788854381999831711e+00,-8.944271909999158554e-01,-1.341640786499873839e+00,-8.944271909999158554e-01,-4.472135954999579277e-01,-3.354101966249684263e+00,-2.459674775249768519e+00,-2.459674775249768519e+00,-2.683281572999747677e+00,-2.459674775249768519e+00,-2.236067977499789639e-01,-6.708203932499369193e-01,-1.341640786499873839e+00,-8.944271909999158554e-01,-2.236067977499789639e-01,1.341640786499873839e+00,4.472135954999579277e-01,8.944271909999158554e-01,8.944271909999158554e-01,8.944271909999158554e-01,1.565247584249852775e+00,2.236067977499789639e-01,-8.944271909999158554e-01,-1.118033988749894903e+00,-4.472135954999579277e-01,-8.944271909999158554e-01,-2.236067977499789805e+00,-2.012461179749810647e+00,-1.341640786499873839e+00,-6.708203932499369193e-01,-1.788854381999831711e+00,-2.236067977499789639e-01,1.341640786499873839e+00,4.472135954999579277e-01,-2.459674775249768519e+00,-2.012461179749810647e+00,-1.788854381999831711e+00,-1.565247584249852775e+00,-1.788854381999831711e+00,-2.012461179749810647e+00,-8.944271909999158554e-01,-6.708203932499369193e-01,2.012461179749810647e+00,4.472135954999579277e-01,2.012461179749810647e+00,2.906888370749726391e+00,3.130495168499705549e+00,2.459674775249768519e+00,1.118033988749894903e+00,4.472135954999579277e-01,2.236067977499789639e-01,0.000000000000000000e+00,2.236067977499789639e-01,2.236067977499789639e-01,-2.236067977499789639e-01,8.944271909999158554e-01,2.236067977499789805e+00,4.695742752749557880e+00,5.366563145999495354e+00,6.037383539249431941e+00,5.366563145999495354e+00,6.037383539249431941e+00,5.366563145999495354e+00,5.142956348249516196e+00,6.037383539249431941e+00,4.024922359499621294e+00,4.248529157249600452e+00,3.130495168499705549e+00,3.354101966249684263e+00,2.459674775249768519e+00,1.118033988749894903e+00,1.341640786499873839e+00,6.708203932499369193e-01,-2.236067977499789639e-01,-8.944271909999158554e-01,-4.472135954999579277e-01,4.472135954999579277e-01,-2.012461179749810647e+00,-2.012461179749810647e+00,-1.118033988749894903e+00,-1.341640786499873839e+00,-1.565247584249852775e+00,-1.341640786499873839e+00,-2.236067977499789805e+00,-6.708203932499369193e-01,-1.118033988749894903e+00,6.708203932499369193e-01,2.236067977499789639e-01,1.341640786499873839e+00,-4.472135954999579277e-01,-8.944271909999158554e-01,-4.472135954999579277e-01,-1.565247584249852775e+00,-2.459674775249768519e+00,-3.130495168499705549e+00,-4.472135954999579610e+00,-3.801315561749642136e+00,-2.683281572999747677e+00,-2.236067977499789639e-01,1.788854381999831711e+00,1.341640786499873839e+00,6.708203932499369193e-01,1.788854381999831711e+00,2.683281572999747677e+00,3.354101966249684263e+00,3.577708763999663422e+00,4.472135954999579610e+00,4.024922359499621294e+00,3.354101966249684263e+00,2.012461179749810647e+00,2.459674775249768519e+00,5.366563145999495354e+00,3.801315561749642136e+00,2.906888370749726391e+00,3.130495168499705549e+00,5.142956348249516196e+00,4.248529157249600452e+00,4.248529157249600452e+00,4.919349550499537038e+00,3.130495168499705549e+00,2.236067977499789805e+00,2.012461179749810647e+00,2.683281572999747677e+00,1.118033988749894903e+00,1.118033988749894903e+00,2.012461179749810647e+00,3.577708763999663422e+00,3.130495168499705549e+00,4.919349550499537038e+00,5.366563145999495354e+00,2.906888370749726391e+00,6.708203932499369193e-01,6.708203932499369193e-01,-2.236067977499789639e-01,-4.472135954999579277e-01,8.944271909999158554e-01,0.000000000000000000e+00,6.708203932499369193e-01,2.012461179749810647e+00,4.472135954999579277e-01,1.565247584249852775e+00,1.565247584249852775e+00,2.683281572999747677e+00,2.459674775249768519e+00,3.577708763999663422e+00,2.459674775249768519e+00,1.341640786499873839e+00,2.012461179749810647e+00,1.565247584249852775e+00,1.788854381999831711e+00,6.708203932499369193e-01,-8.944271909999158554e-01,-4.024922359499621294e+00,-4.024922359499621294e+00,-3.577708763999663422e+00,-4.919349550499537038e+00,-3.801315561749642136e+00,-3.130495168499705549e+00,-3.801315561749642136e+00,-4.472135954999579610e+00,-3.801315561749642136e+00,-4.024922359499621294e+00,-1.788854381999831711e+00,-1.565247584249852775e+00,4.472135954999579277e-01,6.708203932499369193e-01,-2.236067977499789639e-01,-4.472135954999579277e-01,-2.236067977499789805e+00,-1.341640786499873839e+00,-1.341640786499873839e+00,-2.236067977499789639e-01,0.000000000000000000e+00,1.565247584249852775e+00,-2.236067977499789639e-01,6.708203932499369193e-01,-2.236067977499789639e-01,2.012461179749810647e+00,2.236067977499789805e+00,1.565247584249852775e+00,2.459674775249768519e+00,2.012461179749810647e+00,2.236067977499789805e+00,1.788854381999831711e+00,2.683281572999747677e+00,2.236067977499789805e+00,2.906888370749726391e+00,2.236067977499789805e+00,2.236067977499789805e+00,1.565247584249852775e+00,1.118033988749894903e+00,1.118033988749894903e+00,-2.236067977499789639e-01,-1.341640786499873839e+00,-3.577708763999663422e+00,-4.695742752749557880e+00,-3.801315561749642136e+00,-6.037383539249431941e+00,-5.590169943749473624e+00,-6.708203932499368527e+00,-6.708203932499368527e+00,-6.260990336999411099e+00,-6.037383539249431941e+00,-6.931810730249347685e+00,-5.813776741499452783e+00,-4.919349550499537038e+00,-5.142956348249516196e+00,-3.577708763999663422e+00,-3.130495168499705549e+00,-2.906888370749726391e+00,-1.788854381999831711e+00,-1.118033988749894903e+00,-4.472135954999579277e-01,8.944271909999158554e-01,4.472135954999579277e-01,-4.472135954999579277e-01,6.708203932499369193e-01,2.459674775249768519e+00,2.459674775249768519e+00,2.012461179749810647e+00,8.944271909999158554e-01,2.683281572999747677e+00,3.577708763999663422e+00,3.801315561749642136e+00,2.236067977499789805e+00,2.012461179749810647e+00,1.118033988749894903e+00,1.341640786499873839e+00,2.236067977499789639e-01,8.944271909999158554e-01,1.118033988749894903e+00,1.565247584249852775e+00,1.118033988749894903e+00,-2.236067977499789639e-01,-2.012461179749810647e+00,-6.708203932499369193e-01,-6.708203932499369193e-01,-6.708203932499369193e-01,-2.459674775249768519e+00,-2.683281572999747677e+00,-2.906888370749726391e+00,-2.012461179749810647e+00,-2.236067977499789805e+00,-8.944271909999158554e-01,4.472135954999579277e-01,2.459674775249768519e+00,0.000000000000000000e+00,4.472135954999579277e-01,-4.472135954999579277e-01,6.708203932499369193e-01,1.565247584249852775e+00,0.000000000000000000e+00,-1.341640786499873839e+00,-1.565247584249852775e+00,-1.788854381999831711e+00,2.236067977499789639e-01,-4.472135954999579277e-01,1.341640786499873839e+00,3.354101966249684263e+00,3.130495168499705549e+00,4.024922359499621294e+00,5.813776741499452783e+00,5.813776741499452783e+00,3.354101966249684263e+00,3.354101966249684263e+00,4.695742752749557880e+00,4.472135954999579610e+00,3.354101966249684263e+00,2.459674775249768519e+00,2.236067977499789805e+00,2.012461179749810647e+00,1.788854381999831711e+00,1.565247584249852775e+00,8.944271909999158554e-01,-2.236067977499789639e-01,6.708203932499369193e-01,3.577708763999663422e+00,3.801315561749642136e+00,3.801315561749642136e+00,6.484597134749389369e+00,4.919349550499537038e+00,2.236067977499789805e+00,2.012461179749810647e+00,1.118033988749894903e+00,8.944271909999158554e-01,1.788854381999831711e+00,3.577708763999663422e+00,4.024922359499621294e+00,2.906888370749726391e+00,2.012461179749810647e+00,1.565247584249852775e+00,4.472135954999579277e-01,1.341640786499873839e+00,1.788854381999831711e+00,3.354101966249684263e+00,3.354101966249684263e+00,3.130495168499705549e+00,1.788854381999831711e+00,1.118033988749894903e+00,1.341640786499873839e+00,0.000000000000000000e+00,-1.565247584249852775e+00,4.472135954999579277e-01,1.341640786499873839e+00,2.683281572999747677e+00,3.801315561749642136e+00,3.130495168499705549e+00,5.590169943749473624e+00,5.142956348249516196e+00,4.248529157249600452e+00,6.037383539249431941e+00,8.497058314499200904e+00,9.838699100999074076e+00,1.006230589874905235e+01,9.391485505499115760e+00,8.944271909999159220e+00,8.273451516749220858e+00,7.155417527999326843e+00,8.049844718999242588e+00,6.708203932499368527e+00,8.049844718999242588e+00,5.813776741499452783e+00,4.695742752749557880e+00,5.366563145999495354e+00,5.142956348249516196e+00,4.919349550499537038e+00,4.472135954999579610e+00,3.801315561749642136e+00,3.801315561749642136e+00,3.130495168499705549e+00,2.459674775249768519e+00,6.708203932499369193e-01,2.683281572999747677e+00,1.788854381999831711e+00,2.906888370749726391e+00,1.788854381999831711e+00,2.012461179749810647e+00,-2.236067977499789639e-01,4.472135954999579277e-01,0.000000000000000000e+00,1.565247584249852775e+00,6.708203932499369193e-01,-1.118033988749894903e+00,-1.341640786499873839e+00,-3.801315561749642136e+00,-8.944271909999158554e-01,-2.683281572999747677e+00,-4.695742752749557880e+00,-4.248529157249600452e+00,-4.472135954999579610e+00,-3.130495168499705549e+00,-4.695742752749557880e+00,-4.919349550499537038e+00,-2.683281572999747677e+00,-3.130495168499705549e+00,-3.577708763999663422e+00,-2.906888370749726391e+00,-3.354101966249684263e+00,-2.683281572999747677e+00,-3.577708763999663422e+00
1.788854381999831711e+00,3.577708763999663422e+00,3.577708763999663422e+00,4.024922359499621294e+00,3.801315561749642136e+00,4.472135954999579610e+00,5.813776741499452783e+00,5.142956348249516196e+00,4.472135954999579610e+00,4.695742752749557880e+00,4.919349550499537038e+00,5.813776741499452783e+00,6.931810730249347685e+00,5.590169943749473624e+00,4.695742752749557880e+00,4.695742752749557880e+00,4.248529157249600452e+00,4.919349550499537038e+00,4.024922359499621294e+00,3.130495168499705549e+00,3.801315561749642136e+00,4.248529157249600452e+00,3.354101966249684263e+00,3.801315561749642136e+00,3.577708763999663422e+00,2.459674775249768519e+00,1.118033988749894903e+00,-2.236067977499789639e-01,-1.341640786499873839e+00,-2.012461179749810647e+00,-6.708203932499369193e-01,-8.944271909999158554e-01,-1.565247584249852775e+00,-2.906888370749726391e+00,-2.683281572999747677e+00,-3.577708763999663422e+00,-2.906888370749726391e+00,-2.236067977499789805e+00,-2.459674775249768519e+00,-2.236067977499789805e+00,0.000000000000000000e+00,-6.708203932499369193e-01,2.236067977499789639e-01,-1.118033988749894903e+00,2.236067977499789639e-01,1.565247584249852775e+00,3.354101966249684263e+00,3.577708763999663422e+00,2.012461179749810647e+00,1.788854381999831711e+00,1.565247584249852775e+00,1.341640786499873839e+00,2.459674775249768519e+00,1.565247584249852775e+00,1.788854381999831711e+00,1.788854381999831711e+00,3.354101966249684263e+00,3.354101966249684263e+00,4.024922359499621294e+00,2.683281572999747677e+00,1.788854381999831711e+00,2.236067977499789639e-01,0.000000000000000000e+00,0.000000000000000000e+00,2.236067977499789639e-01,-2.236067977499789639e-01,1.341640786499873839e+00,2.906888370749726391e+00,2.683281572999747677e+00,1.565247584249852775e+00,3.130495168499705549e+00,2.683281572999747677e+00,4.919349550499537038e+00,5.590169943749473624e+00,4.248529157249600452e+00,4.248529157249600452e+00,4.695742752749557880e+00,3.801315561749642136e+00,2.683281572999747677e+00,1.788854381999831711e+00,3.354101966249684263e+00,1.565247584249852775e+00,6.708203932499369193e-01,6.708203932499369193e-01,3.577708763999663422e+00,2.459674775249768519e+00,3.354101966249684263e+00,4.695742752749557880e+00,4.024922359499621294e+00,5.142956348249516196e+00,2.906888370749726391e+00,2.683281572999747677e+00,3.577708763999663422e+00,3.577708763999663422e+00,3.577708763999663422e+00,2.459674775249768519e+00,2.236067977499789805e+00,2.683281572999747677e+00,2.012461179749810647e+00,2.906888370749726391e+00,2.459674775249768519e+00,2.012461179749810647e+00,6.708203932499369193e-01,2.459674775249768519e+00,1.341640786499873839e+00,2.906888370749726391e+00,1.118033988749894903e+00,1.118033988749894903e+00,6.708203932499369193e-01,2.236067977499789639e-01,2.012461179749810647e+00,1.565247584249852775e+00,-4.472135954999579277e-01,-3.130495168499705549e+00,-3.801315561749642136e+00,-1.341640786499873839e+00,-1.118033988749894903e+00,4.472135954999579277e-01,1.118033988749894903e+00,-2.236067977499789639e-01,4.472135954999579277e-01,4.472135954999579277e-01,-8.944271909999158554e-01,8.944271909999158554e-01,1.341640786499873839e+00,3.801315561749642136e+00,2.236067977499789805e+00,5.142956348249516196e+00,6.037383539249431941e+00,5.813776741499452783e+00,6.931810730249347685e+00,5.590169943749473624e+00,4.248529157249600452e+00,5.142956348249516196e+00,6.037383539249431941e+00,6.037383539249431941e+00,3.801315561749642136e+00,2.683281572999747677e+00,2.012461179749810647e+00,2.459674775249768519e+00,2.236067977499789805e+00,6.708203932499369193e-01,-6.708203932499369193e-01,1.341640786499873839e+00,2.906888370749726391e+00,6.708203932499369193e-01,4.472135954999579277e-01,1.565247584249852775e+00,-8.944271909999158554e-01,-2.236067977499789805e+00,2.236067977499789639e-01,-1.788854381999831711e+00,4.472135954999579277e-01,6.708203932499369193e-01,8.944271909999158554e-01,6.708203932499369193e-01,0.000000000000000000e+00,1.788854381999831711e+00,2.012461179749810647e+00,1.341640786499873839e+00,4.472135954999579277e-01,2.236067977499789805e+00,2.012461179749810647e+00,2.236067977499789805e+00,1.118033988749894903e+00,1.565247584249852775e+00,3.130495168499705549e+00,1.788854381999831711e+00,1.565247584249852775e+00,1.788854381999831711e+00,2.459674775249768519e+00,3.354101966249684263e+00,3.354101966249684263e+00,2.683281572999747677e+00,2.459674775249768519e+00,-4.472135954999579277e-01,-8.944271909999158554e-01,2.236067977499789639e-01,2.683281572999747677e+00,2.683281572999747677e+00,2.906888370749726391e+00,3.130495168499705549e+00,3.577708763999663422e+00,3.354101966249684263e+00,4.695742752749557880e+00,4.024922359499621294e+00,3.354101966249684263e+00,2.236067977499789805e+00,2.012461179749810647e+00,1.341640786499873839e+00,-2.236067977499789639e-01,0.000000000000000000e+00,-8.944271909999158554e-01,-6.708203932499369193e-01,-2.236067977499789639e-01,1.788854381999831711e+00,2.683281572999747677e+00,1.565247584249852775e+00,2.236067977499789805e+00,8.944271909999158554e-01,-1.118033988749894903e+00,-8.944271909999158554e-01,-2.236067977499789639e-01,1.565247584249852775e+00,1.118033988749894903e+00,1.118033988749894903e+00,2.906888370749726391e+00,3.801315561749642136e+00,3.801315561749642136e+00,3.354101966249684263e+00,2.683281572999747677e+00,2.236067977499789805e+00,2.683281572999747677e+00,2.236067977499789805e+00,1.341640786499873839e+00,4.472135954999579277e-01,-2.236067977499789639e-01,8.944271909999158554e-01,8.944271909999158554e-01,4.472135954999579277e-01,6.708203932499369193e-01,6.708203932499369193e-01,-2.236067977499789805e+00,-2.012461179749810647e+00,2.236067977499789639e-01,4.472135954999579277e-01,-2.236067977499789639e-01,-1.341640786499873839e+00,-4.472135954999579277e-01,-1.341640786499873839e+00,-1.788854381999831711e+00,-2.906888370749726391e+00,-1.118033988749894903e+00,-6.708203932499369193e-01,6.708203932499369193e-01,1.565247584249852775e+00,3.130495168499705549e+00,5.366563145999495354e+00,4.919349550499537038e+00,2.459674775249768519e+00,4.024922359499621294e+00,4.248529157249600452e+00,6.260990336999411099e+00,5.142956348249516196e+00,4.248529157249600452e+00,5.813776741499452783e+00,4.248529157249600452e+00,3.801315561749642136e+00,4.695742752749557880e+00,2.906888370749726391e+00,3.801315561749642136e+00,3.577708763999663422e+00,1.118033988749894903e+00,2.236067977499789639e-01,-1.341640786499873839e+00,-1.565247584249852775e+00,4.472135954999579277e-01,-1.341640786499873839e+00,-1.118033988749894903e+00,-8.944271909999158554e-01,-2.236067977499789639e-01,-1.341640786499873839e+00,-2.012461179749810647e+00,-3.130495168499705549e+00,-5.366563145999495354e+00,-5.366563145999495354e+00,-4.472135954999579610e+00,-3.354101966249684263e+00,-2.683281572999747677e+00,-3.130495168499705549e+00,-3.801315561749642136e+00,-3.354101966249684263e+00,-1.118033988749894903e+00,-1.341640786499873839e+00,-2.683281572999747677e+00,-1.788854381999831711e+00,-2.236067977499789805e+00,-1.565247584249852775e+00,0.000000000000000000e+00,1.788854381999831711e+00,2.236067977499789639e-01,6.708203932499369193e-01,8.944271909999158554e-01,1.788854381999831711e+00,2.012461179749810647e+00,1.788854381999831711e+00,3.801315561749642136e+00,4.695742752749557880e+00,4.024922359499621294e+00,3.130495168499705549e+00,2.683281572999747677e+00,3.130495168499705549e+00,2.012461179749810647e+00,8.944271909999158554e-01,0.000000000000000000e+00,1.118033988749894903e+00,0.000000000000000000e+00,1.118033988749894903e+00,2.236067977499789805e+00,1.788854381999831711e+00,8.944271909999158554e-01,2.459674775249768519e+00,6.708203932499369193e-01,1.788854381999831711e+00,2.236067977499789639e-01,-6.708203932499369193e-01,-8.944271909999158554e-01,-1.118033988749894903e+00,-2.906888370749726391e+00,-3.130495168499705549e+00,-2.012461179749810647e+00,-2.683281572999747677e+00,0.000000000000000000e+00,-1.118033988749894903e+00,-1.565247584249852775e+00,-6.708203932499369193e-01,0.000000000000000000e+00,-2.236067977499789805e+00,-8.944271909999158554e-01,-1.565247584249852775e+00,-1.341640786499873839e+00,0.000000000000000000e+00,6.708203932499369193e-01,4.472135954999579277e-01,-6.708203932499369193e-01,-8.944271909999158554e-01,-2.236067977499789639e-01,-2.236067977499789639e-01,-8.944271909999158554e-01,1.565247584249852775e+00,8.944271909999158554e-01,4.472135954999579277e-01,2.236067977499789639e-01,1.341640786499873839e+00,2.236067977499789639e-01,2.012461179749810647e+00,-2.236067977499789639e-01,-1.341640786499873839e+00,8.944271909999158554e-01,1.788854381999831711e+00,6.708203932499369193e-01,6.708203932499369193e-01,8.944271909999158554e-01,-1.118033988749894903e+00,-2.459674775249768519e+00,-4.472135954999579277e-01,-6.708203932499369193e-01,-1.788854381999831711e+00,-1.788854381999831711e+00,-2.012461179749810647e+00,-4.472135954999579277e-01,-1.118033988749894903e+00,0.000000000000000000e+00,-8.944271909999158554e-01,-2.236067977499789639e-01,1.341640786499873839e+00,2.012461179749810647e+00,1.788854381999831711e+00,-6.708203932499369193e-01,4.472135954999579277e-01,2.236067977499789639e-01,8.944271909999158554e-01,4.472135954999579277e-01,2.236067977499789805e+00,1.565247584249852775e+00,2.236067977499789805e+00,2.012461179749810647e+00,2.683281572999747677e+00,2.459674775249768519e+00,2.459674775249768519e+00,1.565247584249852775e+00,1.341640786499873839e+00,-2.236067977499789639e-01,-2.459674775249768519e+00,-6.708203932499369193e-01,-1.118033988749894903e+00,-2.236067977499789805e+00,-1.788854381999831711e+00,-2.683281572999747677e+00,-2.683281572999747677e+00,-2.683281572999747677e+00,-3.354101966249684263e+00,-5.142956348249516196e+00,-7.379024325749306001e+00,-7.155417527999326843e+00,-7.602631123499284271e+00,-7.826237921249263430e+00,-6.037383539249431941e+00,-6.037383539249431941e+00,-5.142956348249516196e+00,-3.801315561749642136e+00,-4.472135954999579610e+00,-5.142956348249516196e+00,-5.366563145999495354e+00,-6.484597134749389369e+00,-5.142956348249516196e+00,-6.708203932499368527e+00,-6.037383539249431941e+00,-6.931810730249347685e+00,-6.260990336999411099e+00,-5.142956348249516196e+00,-4.248529157249600452e+00,-4.919349550499537038e+00,-5.366563145999495354e+00,-7.379024325749306001e+00,-6.484597134749389369e+00,-6.708203932499368527e+00,-7.155417527999326843e+00,-6.037383539249431941e+00,-7.155417527999326843e+00,-6.260990336999411099e+00,-5.813776741499452783e+00,-6.260990336999411099e+00,-6.260990336999411099e+00,-5.590169943749473624e+00,-5.813776741499452783e+00,-6.260990336999411099e+00,-7.826237921249263430e+00,-6.931810730249347685e+00,-6.037383539249431941e+00,-5.813776741499452783e+00,-6.037383539249431941e+00,-3.354101966249684263e+00,-5.366563145999495354e+00,-7.155417527999326843e+00,-6.260990336999411099e+00,-6.708203932499368527e+00,-5.590169943749473624e+00,-6.484597134749389369e+00,-6.260990336999411099e+00,-5.142956348249516196e+00,-4.024922359499621294e+00,-3.801315561749642136e+00,-3.577708763999663422e+00,-3.801315561749642136e+00,-4.695742752749557880e+00,-6.708203932499368527e+00,-4.919349550499537038e+00,-5.590169943749473624e+00,-5.142956348249516196e+00,-6.484597134749389369e+00,-7.379024325749306001e+00,-6.931810730249347685e+00,-5.813776741499452783e+00,-5.366563145999495354e+00,-5.142956348249516196e+00,-6.484597134749389369e+00,-6.037383539249431941e+00,-5.142956348249516196e+00,-6.484597134749389369e+00,-6.708203932499368527e+00,-6.708203932499368527e+00,-5.142956348249516196e+00,-4.472135954999579610e+00,-6.037383539249431941e+00,-5.366563145999495354e+00,-5.813776741499452783e+00,-3.354101966249684263e+00,-3.130495168499705549e+00,-1.118033988749894903e+00,2.236067977499789639e-01,-6.708203932499369193e-01,-1.341640786499873839e+00,-1.565247584249852775e+00,-8.944271909999158554e-01,-4.472135954999579277e-01,-2.236067977499789639e-01,8.944271909999158554e-01,3.354101966249684263e+00,3.354101966249684263e+00,2.683281572999747677e+00,1.788854381999831711e+00,-2.236067977499789639e-01,-6.708203932499369193e-01,-2.236067977499789639e-01,6.708203932499369193e-01,4.472135954999579277e-01,1.565247584249852775e+00,1.565247584249852775e+00,1.118033988749894903e+00,2.012461179749810647e+00,6.708203932499369193e-01,8.944271909999158554e-01,4.472135954999579277e-01,2.236067977499789639e-01,-2.012461179749810647e+00,-1.565247584249852775e+00,-2.236067977499789805e+00,-2.236067977499789639e-01,-1.788854381999831711e+00,-8.944271909999158554e-01,-1.341640786499873839e+00,-4.472135954999579277e-01,0.000000000000000000e+00,0.000000000000000000e+00,1.341640786499873839e+00,1.565247584249852775e+00,2.236067977499789639e-01,1.788854381999831711e+00,2.683281572999747677e+00
2.236067977499789805e+00,3.801315561749642136e+00,2.459674775249768519e+00,3.354101966249684263e+00,2.459674775249768519e+00,1.341640786499873839e+00,1.788854381999831711e+00,2.012461179749810647e+00,2.236067977499789639e-01,-1.565247584249852775e+00,2.236067977499789639e-01,2.236067977499789805e+00,2.459674775249768519e+00,2.459674775249768519e+00,4.024922359499621294e+00,4.024922359499621294e+00,5.142956348249516196e+00,3.130495168499705549e+00,1.565247584249852775e+00,1.788854381999831711e+00,8.944271909999158554e-01,0.000000000000000000e+00,2.683281572999747677e+00,1.118033988749894903e+00,2.236067977499789639e-01,8.944271909999158554e-01,1.341640786499873839e+00,1.565247584249852775e+00,-4.472135954999579277e-01,2.236067977499789805e+00,2.236067977499789639e-01,6.708203932499369193e-01,2.236067977499789639e-01,1.788854381999831711e+00,4.472135954999579277e-01,-2.236067977499789639e-01,2.459674775249768519e+00,4.248529157249600452e+00,4.248529157249600452e+00,3.577708763999663422e+00,2.012461179749810647e+00,3.354101966249684263e+00,2.012461179749810647e+00,2.683281572999747677e+00,2.683281572999747677e+00,2.459674775249768519e+00,6.708203932499369193e-01,-2.236067977499789639e-01,1.565247584249852775e+00,8.944271909999158554e-01,-2.236067977499789639e-01,1.565247584249852775e+00,1.788854381999831711e+00,2.236067977499789639e-01,8.944271909999158554e-01,3.801315561749642136e+00,4.024922359499621294e+00,3.801315561749642136e+00,3.801315561749642136e+00,3.130495168499705549e+00,2.236067977499789805e+00,3.354101966249684263e+00,2.683281572999747677e+00,2.236067977499789805e+00,3.130495168499705549e+00,2.683281572999747677e+00,8.944271909999158554e-01,8.944271909999158554e-01,6.708203932499369193e-01,-1.341640786499873839e+00,0.000000000000000000e+00,8.944271909999158554e-01,-2.236067977499789639e-01,-1.565247584249852775e+00,-3.801315561749642136e+00,-4.248529157249600452e+00,-2.236067977499789805e+00,-4.472135954999579277e-01,-1.565247584249852775e+00,-8.944271909999158554e-01,-1.788854381999831711e+00,-3.354101966249684263e+00,-4.472135954999579610e+00,-4.695742752749557880e+00,-3.577708763999663422e+00,-3.354101966249684263e+00,-3.577708763999663422e+00,-4.919349550499537038e+00,-2.012461179749810647e+00,-3.130495168499705549e+00,-2.906888370749726391e+00,-2.459674775249768519e+00,-3.577708763999663422e+00,-4.024922359499621294e+00,-2.236067977499789805e+00,-3.801315561749642136e+00,-2.906888370749726391e+00,-2.236067977499789805e+00,-2.236067977499789639e-01,8.944271909999158554e-01,2.012461179749810647e+00,1.565247584249852775e+00,2.236067977499789639e-01,6.708203932499369193e-01,8.944271909999158554e-01,1.341640786499873839e+00,4.472135954999579277e-01,-1.341640786499873839e+00,-2.683281572999747677e+00,-3.354101966249684263e+00,-5.142956348249516196e+00,-5.813776741499452783e+00,-3.130495168499705549e+00,-3.130495168499705549e+00,-4.248529157249600452e+00,-3.577708763999663422e+00,-4.248529157249600452e+00,-3.577708763999663422e+00,-3.354101966249684263e+00,-3.577708763999663422e+00,-4.695742752749557880e+00,-6.260990336999411099e+00,-5.590169943749473624e+00,-4.472135954999579610e+00,-5.142956348249516196e+00,-3.130495168499705549e+00,-3.130495168499705549e+00,-1.788854381999831711e+00,-3.577708763999663422e+00,-1.788854381999831711e+00,-1.118033988749894903e+00,-1.341640786499873839e+00,-2.012461179749810647e+00,0.000000000000000000e+00,-4.472135954999579277e-01,-2.236067977499789805e+00,-2.683281572999747677e+00,-3.354101966249684263e+00,-3.577708763999663422e+00,-4.472135954999579277e-01,0.000000000000000000e+00,-2.236067977499789639e-01,6.708203932499369193e-01,-2.012461179749810647e+00,-2.236067977499789805e+00,-2.236067977499789805e+00,-1.788854381999831711e+00,-2.459674775249768519e+00,-3.130495168499705549e+00,-3.577708763999663422e+00,-2.459674775249768519e+00,-1.341640786499873839e+00,0.000000000000000000e+00,-2.012461179749810647e+00,-4.472135954999579277e-01,-8.944271909999158554e-01,-6.708203932499369193e-01,1.118033988749894903e+00,2.236067977499789805e+00,-2.236067977499789639e-01,6.708203932499369193e-01,6.708203932499369193e-01,2.459674775249768519e+00,2.459674775249768519e+00,2.459674775249768519e+00,8.944271909999158554e-01,-1.788854381999831711e+00,-6.708203932499369193e-01,-1.341640786499873839e+00,-1.788854381999831711e+00,-1.341640786499873839e+00,-8.944271909999158554e-01,-1.118033988749894903e+00,-1.341640786499873839e+00,-2.012461179749810647e+00,-1.118033988749894903e+00,0.000000000000000000e+00,4.472135954999579277e-01,1.341640786499873839e+00,1.341640786499873839e+00,2.459674775249768519e+00,4.919349550499537038e+00,5.142956348249516196e+00,4.024922359499621294e+00,3.130495168499705549e+00,2.683281572999747677e+00,2.906888370749726391e+00,3.130495168499705549e+00,2.683281572999747677e+00,1.118033988749894903e+00,8.944271909999158554e-01,6.708203932499369193e-01,1.565247584249852775e+00,1.565247584249852775e+00,1.341640786499873839e+00,1.118033988749894903e+00,8.944271909999158554e-01,4.472135954999579277e-01,1.341640786499873839e+00,6.708203932499369193e-01,-2.236067977499789639e-01,2.236067977499789639e-01,-1.118033988749894903e+00,8.944271909999158554e-01,-1.118033988749894903e+00,-3.130495168499705549e+00,-2.459674775249768519e+00,-4.695742752749557880e+00,-4.024922359499621294e+00,-5.366563145999495354e+00,-5.142956348249516196e+00,-4.472135954999579610e+00,-3.130495168499705549e+00,-5.813776741499452783e+00,-4.024922359499621294e+00,-3.354101966249684263e+00,-3.130495168499705549e+00,-4.248529157249600452e+00,-6.037383539249431941e+00,-4.919349550499537038e+00,-5.142956348249516196e+00,-3.801315561749642136e+00,-3.801315561749642136e+00,-3.354101966249684263e+00,-3.577708763999663422e+00,-4.695742752749557880e+00,-4.472135954999579610e+00,-3.130495168499705549e+00,-3.354101966249684263e+00,-2.906888370749726391e+00,-3.354101966249684263e+00,-3.130495168499705549e+00,-2.236067977499789805e+00,-2.459674775249768519e+00,-4.695742752749557880e+00,-4.695742752749557880e+00,-6.931810730249347685e+00,-6.931810730249347685e+00,-7.379024325749306001e+00,-4.919349550499537038e+00,-4.919349550499537038e+00,-3.577708763999663422e+00,-1.565247584249852775e+00,-2.012461179749810647e+00,-2.012461179749810647e+00,-2.459674775249768519e+00,-6.708203932499369193e-01,2.236067977499789639e-01,1.118033988749894903e+00,1.788854381999831711e+00,1.565247584249852775e+00,4.248529157249600452e+00,4.024922359499621294e+00,3.354101966249684263e+00,4.695742752749557880e+00,3.354101966249684263e+00,2.236067977499789805e+00,4.472135954999579277e-01,-8.944271909999158554e-01,-6.708203932499369193e-01,-8.944271909999158554e-01,2.236067977499789639e-01,0.000000000000000000e+00,-2.236067977499789639e-01,-6.708203932499369193e-01,-2.459674775249768519e+00,-1.565247584249852775e+00,-2.906888370749726391e+00,-2.683281572999747677e+00,-2.236067977499789805e+00,-3.130495168499705549e+00,-1.341640786499873839e+00,-2.683281572999747677e+00,-2.236067977499789805e+00,-5.142956348249516196e+00,-5.366563145999495354e+00,-5.366563145999495354e+00,-4.248529157249600452e+00,-3.354101966249684263e+00,-2.459674775249768519e+00,-1.788854381999831711e+00,-2.906888370749726391e+00,-2.906888370749726391e+00,-3.130495168499705549e+00,-2.236067977499789639e-01,8.944271909999158554e-01,1.118033988749894903e+00,8.944271909999158554e-01,-1.565247584249852775e+00,-1.341640786499873839e+00,-8.944271909999158554e-01,1.118033988749894903e+00,2.236067977499789639e-01,1.118033988749894903e+00,2.459674775249768519e+00,-8.944271909999158554e-01,-4.472135954999579277e-01,4.472135954999579277e-01,2.236067977499789639e-01,-1.118033988749894903e+00,-2.906888370749726391e+00,-1.788854381999831711e+00,-1.341640786499873839e+00,-2.683281572999747677e+00,-1.341640786499873839e+00,-2.012461179749810647e+00,-4.472135954999579277e-01,4.472135954999579277e-01,1.788854381999831711e+00,1.341640786499873839e+00,2.683281572999747677e+00,3.354101966249684263e+00,2.906888370749726391e+00,3.130495168499705549e+00,4.695742752749557880e+00,5.142956348249516196e+00,6.037383539249431941e+00,5.590169943749473624e+00,6.931810730249347685e+00,6.484597134749389369e+00,6.484597134749389369e+00,6.484597134749389369e+00,7.826237921249263430e+00,9.167878707749137490e+00,6.260990336999411099e+00,4.695742752749557880e+00,4.248529157249600452e+00,2.683281572999747677e+00,3.130495168499705549e+00,3.801315561749642136e+00,5.590169943749473624e+00,4.919349550499537038e+00,4.472135954999579610e+00,2.683281572999747677e+00,1.788854381999831711e+00,4.472135954999579277e-01,1.788854381999831711e+00,8.944271909999158554e-01,8.944271909999158554e-01,-2.236067977499789639e-01,-6.708203932499369193e-01,-1.341640786499873839e+00,-4.472135954999579277e-01,4.472135954999579277e-01,-2.236067977499789639e-01,2.459674775249768519e+00,2.236067977499789805e+00,1.565247584249852775e+00,2.683281572999747677e+00,3.801315561749642136e+00,4.248529157249600452e+00,5.366563145999495354e+00,4.472135954999579610e+00,2.683281572999747677e+00,3.354101966249684263e+00,2.459674775249768519e+00,3.130495168499705549e+00,4.919349550499537038e+00,4.472135954999579610e+00,4.248529157249600452e+00,4.472135954999579610e+00,3.577708763999663422e+00,2.236067977499789805e+00,4.472135954999579277e-01,1.788854381999831711e+00,6.708203932499369193e-01,1.341640786499873839e+00,4.472135954999579277e-01,1.118033988749894903e+00,1.788854381999831711e+00,2.236067977499789805e+00,1.118033988749894903e+00,0.000000000000000000e+00,-2.236067977499789639e-01,6.708203932499369193e-01,2.236067977499789639e-01,-2.236067977499789639e-01,-4.472135954999579277e-01,-6.708203932499369193e-01,1.565247584249852775e+00,1.565247584249852775e+00,2.459674775249768519e+00,2.683281572999747677e+00,8.944271909999158554e-01,1.788854381999831711e+00,1.788854381999831711e+00,2.459674775249768519e+00,1.788854381999831711e+00,4.472135954999579277e-01,-1.118033988749894903e+00,-2.236067977499789639e-01,2.236067977499789639e-01,1.565247584249852775e+00,2.236067977499789639e-01,1.788854381999831711e+00,2.012461179749810647e+00,5.590169943749473624e+00,5.142956348249516196e+00,4.695742752749557880e+00,5.590169943749473624e+00,6.708203932499368527e+00,5.142956348249516196e+00,4.919349550499537038e+00,5.590169943749473624e+00,6.037383539249431941e+00,5.813776741499452783e+00,3.801315561749642136e+00,3.801315561749642136e+00,4.024922359499621294e+00,4.248529157249600452e+00,2.236067977499789805e+00,3.354101966249684263e+00,4.695742752749557880e+00,4.472135954999579610e+00,2.012461179749810647e+00,1.118033988749894903e+00,-1.118033988749894903e+00,-2.236067977499789639e-01,2.236067977499789639e-01,6.708203932499369193e-01,1.118033988749894903e+00,4.472135954999579277e-01,2.236067977499789639e-01,-8.944271909999158554e-01,-1.788854381999831711e+00,8.944271909999158554e-01,-2.236067977499789639e-01,0.000000000000000000e+00,2.236067977499789639e-01,-2.236067977499789639e-01,-2.236067977499789639e-01,2.236067977499789639e-01,-2.459674775249768519e+00,-1.565247584249852775e+00,-2.459674775249768519e+00,-4.472135954999579277e-01,-2.236067977499789639e-01,1.565247584249852775e+00,8.944271909999158554e-01,1.118033988749894903e+00,8.944271909999158554e-01,-4.472135954999579277e-01,8.944271909999158554e-01,0.000000000000000000e+00,-2.236067977499789639e-01,-1.565247584249852775e+00,-2.459674775249768519e+00,-1.341640786499873839e+00,-1.565247584249852775e+00,-4.472135954999579277e-01,4.472135954999579277e-01,-1.788854381999831711e+00,-2.236067977499789805e+00,-2.012461179749810647e+00,-1.118033988749894903e+00,-2.906888370749726391e+00,-2.906888370749726391e+00,-8.944271909999158554e-01,-8.944271909999158554e-01,-4.472135954999579277e-01,-4.472135954999579277e-01,-4.472135954999579277e-01,1.341640786499873839e+00,8.944271909999158554e-01,2.683281572999747677e+00,2.459674775249768519e+00,1.565247584249852775e+00,6.708203932499369193e-01,8.944271909999158554e-01,-2.683281572999747677e+00,-4.024922359499621294e+00,-3.354101966249684263e+00,-3.354101966249684263e+00,-3.130495168499705549e+00,-5.366563145999495354e+00,-7.155417527999326843e+00,-5.142956348249516196e+00,-4.248529157249600452e+00,-2.236067977499789805e+00,-2.236067977499789805e+00,-1.341640786499873839e+00,-1.118033988749894903e+00,0.000000000000000000e+00,-4.472135954999579277e-01,8.944271909999158554e-01,3.577708763999663422e+00,4.919349550499537038e+00,2.906888370749726391e+00,2.459674775249768519e+00,3.130495168499705549e+00,2.012461179749810647e+00,2.459674775249768519e+00,2.459674775249768519e+00,8.944271909999158554e-01,-6.708203932499369193e-01,-1.565247584249852775e+00,-2.906888370749726391e+00,-5.366563145999495354e+00,-6.708203932499368527e+00,-7.379024325749306001e+00
3.577708763999663422e+00,3.801315561749642136e+00,4.024922359499621294e+00,5.366563145999495354e+00,4.024922359499621294e+00,3.801315561749642136e+00,6.484597134749389369e+00,6.037383539249431941e+00,4.695742752749557880e+00,4.024922359499621294e+00,4.919349550499537038e+00,7.155417527999326843e+00,7.826237921249263430e+00,8.273451516749220858e+00,1.095673308974896898e+01,9.615092303249095806e+00,8.497058314499200904e+00,8.720665112249179174e+00,8.944271909999159220e+00,8.497058314499200904e+00,1.006230589874905235e+01,8.944271909999159220e+00,9.167878707749137490e+00,8.273451516749220858e+00,8.273451516749220858e+00,6.484597134749389369e+00,9.167878707749137490e+00,8.720665112249179174e+00,5.142956348249516196e+00,5.590169943749473624e+00,5.142956348249516196e+00,4.472135954999579610e+00,4.248529157249600452e+00,2.236067977499789805e+00,4.695742752749557880e+00,4.248529157249600452e+00,3.354101966249684263e+00,3.801315561749642136e+00,2.012461179749810647e+00,1.788854381999831711e+00,0.000000000000000000e+00,-1.118033988749894903e+00,-2.012461179749810647e+00,-2.012461179749810647e+00,-2.906888370749726391e+00,-1.788854381999831711e+00,-2.459674775249768519e+00,-3.130495168499705549e+00,-2.236067977499789805e+00,-1.341640786499873839e+00,-6.708203932499369193e-01,-2.906888370749726391e+00,-2.683281572999747677e+00,2.236067977499789639e-01,1.118033988749894903e+00,8.944271909999158554e-01,8.944271909999158554e-01,2.683281572999747677e+00,2.906888370749726391e+00,3.354101966249684263e+00,3.577708763999663422e+00,3.577708763999663422e+00,1.788854381999831711e+00,2.459674775249768519e+00,4.472135954999579277e-01,4.472135954999579277e-01,6.708203932499369193e-01,-1.118033988749894903e+00,-2.236067977499789639e-01,-1.118033988749894903e+00,-4.472135954999579277e-01,8.944271909999158554e-01,2.236067977499789639e-01,2.236067977499789639e-01,0.000000000000000000e+00,1.565247584249852775e+00,0.000000000000000000e+00,-1.788854381999831711e+00,-6.708203932499369193e-01,-8.944271909999158554e-01,-2.012461179749810647e+00,-2.236067977499789805e+00,-4.472135954999579277e-01,-6.708203932499369193e-01,2.236067977499789639e-01,6.708203932499369193e-01,-6.708203932499369193e-01,-1.788854381999831711e+00,-2.236067977499789639e-01,-6.708203932499369193e-01,-1.788854381999831711e+00,1.118033988749894903e+00,1.118033988749894903e+00,2.236067977499789639e-01,8.944271909999158554e-01,4.472135954999579277e-01,-2.236067977499789639e-01,1.341640786499873839e+00,1.118033988749894903e+00,2.012461179749810647e+00,3.801315561749642136e+00,4.919349550499537038e+00,6.931810730249347685e+00,7.602631123499284271e+00,8.944271909999159220e+00,7.379024325749306001e+00,6.260990336999411099e+00,4.695742752749557880e+00,4.248529157249600452e+00,4.472135954999579610e+00,4.248529157249600452e+00,3.130495168499705549e+00,3.354101966249684263e+00,3.354101966249684263e+00,2.236067977499789805e+00,6.708203932499369193e-01,-2.236067977499789639e-01,-8.944271909999158554e-01,-2.236067977499789805e+00,-4.695742752749557880e+00,-7.602631123499284271e+00,-6.260990336999411099e+00,-7.379024325749306001e+00,-7.602631123499284271e+00,-7.155417527999326843e+00,-5.142956348249516196e+00,-4.919349550499537038e+00,-3.801315561749642136e+00,-3.354101966249684263e+00,-4.024922359499621294e+00,-5.366563145999495354e+00,-4.248529157249600452e+00,-4.472135954999579610e+00,-4.472135954999579610e+00,-4.919349550499537038e+00,-6.484597134749389369e+00,-5.142956348249516196e+00,-4.919349550499537038e+00,-4.919349550499537038e+00,-2.906888370749726391e+00,-4.472135954999579610e+00,-3.130495168499705549e+00,-3.577708763999663422e+00,-2.906888370749726391e+00,-2.236067977499789805e+00,-2.012461179749810647e+00,-4.472135954999579277e-01,-1.118033988749894903e+00,-1.565247584249852775e+00,-2.012461179749810647e+00,-1.788854381999831711e+00,-8.944271909999158554e-01,1.118033988749894903e+00,1.788854381999831711e+00,2.236067977499789805e+00,2.012461179749810647e+00,1.788854381999831711e+00,2.236067977499789805e+00,2.012461179749810647e+00,1.565247584249852775e+00,3.354101966249684263e+00,3.801315561749642136e+00,4.024922359499621294e+00,4.695742752749557880e+00,4.024922359499621294e+00,4.024922359499621294e+00,3.801315561749642136e+00,5.590169943749473624e+00,3.577708763999663422e+00,5.366563145999495354e+00,5.590169943749473624e+00,4.919349550499537038e+00,5.142956348249516196e+00,3.801315561749642136e+00,6.708203932499369193e-01,8.944271909999158554e-01,2.459674775249768519e+00,2.459674775249768519e+00,4.919349550499537038e+00,2.683281572999747677e+00,3.354101966249684263e+00,3.130495168499705549e+00,4.919349550499537038e+00,3.801315561749642136e+00,3.354101966249684263e+00,3.577708763999663422e+00,3.354101966249684263e+00,3.354101966249684263e+00,4.919349550499537038e+00,4.024922359499621294e+00,5.590169943749473624e+00,5.590169943749473624e+00,6.037383539249431941e+00,6.260990336999411099e+00,6.708203932499368527e+00,6.708203932499368527e+00,4.919349550499537038e+00,5.142956348249516196e+00,4.919349550499537038e+00,4.248529157249600452e+00,4.472135954999579610e+00,4.695742752749557880e+00,5.590169943749473624e+00,3.354101966249684263e+00,3.577708763999663422e+00,3.801315561749642136e+00,3.801315561749642136e+00,2.012461179749810647e+00,1.565247584249852775e+00,2.236067977499789805e+00,5.142956348249516196e+00,6.037383539249431941e+00,6.484597134749389369e+00,2.012461179749810647e+00,-6.708203932499369193e-01,-2.012461179749810647e+00,-1.565247584249852775e+00,-1.565247584249852775e+00,-6.708203932499369193e-01,1.341640786499873839e+00,2.012461179749810647e+00,6.708203932499369193e-01,4.472135954999579277e-01,0.000000000000000000e+00,1.565247584249852775e+00,2.012461179749810647e+00,2.012461179749810647e+00,2.012461179749810647e+00,2.683281572999747677e+00,3.130495168499705549e+00,2.012461179749810647e+00,1.565247584249852775e+00,2.012461179749810647e+00,6.708203932499369193e-01,1.565247584249852775e+00,4.472135954999579277e-01,0.000000000000000000e+00,-8.944271909999158554e-01,8.944271909999158554e-01,4.472135954999579277e-01,0.000000000000000000e+00,6.708203932499369193e-01,2.012461179749810647e+00,6.708203932499369193e-01,1.341640786499873839e+00,8.944271909999158554e-01,1.118033988749894903e+00,0.000000000000000000e+00,0.000000000000000000e+00,-4.472135954999579277e-01,-1.118033988749894903e+00,-1.565247584249852775e+00,-1.788854381999831711e+00,-2.906888370749726391e+00,-2.906888370749726391e+00,-1.788854381999831711e+00,-1.341640786499873839e+00,-4.472135954999579277e-01,1.118033988749894903e+00,4.472135954999579277e-01,-1.341640786499873839e+00,-2.459674775249768519e+00,-1.788854381999831711e+00,-1.565247584249852775e+00,-4.472135954999579277e-01,3.577708763999663422e+00,3.801315561749642136e+00,4.919349550499537038e+00,5.142956348249516196e+00,4.472135954999579610e+00,5.142956348249516196e+00,3.577708763999663422e+00,2.906888370749726391e+00,2.236067977499789805e+00,1.565247584249852775e+00,8.944271909999158554e-01,-1.118033988749894903e+00,-6.708203932499369193e-01,2.236067977499789639e-01,0.000000000000000000e+00,4.472135954999579277e-01,-4.472135954999579277e-01,4.472135954999579277e-01,1.565247584249852775e+00,3.801315561749642136e+00,3.577708763999663422e+00,5.590169943749473624e+00,6.484597134749389369e+00,7.379024325749306001e+00,6.708203932499368527e+00,9.391485505499115760e+00,7.155417527999326843e+00,4.919349550499537038e+00,4.472135954999579610e+00,4.919349550499537038e+00,4.472135954999579610e+00,4.695742752749557880e+00,3.130495168499705549e+00,5.366563145999495354e+00,4.248529157249600452e+00,4.919349550499537038e+00,2.683281572999747677e+00,3.577708763999663422e+00,3.577708763999663422e+00,5.813776741499452783e+00,4.472135954999579610e+00,4.024922359499621294e+00,2.683281572999747677e+00,3.354101966249684263e+00,5.366563145999495354e+00,4.024922359499621294e+00,5.590169943749473624e+00,3.354101966249684263e+00,4.248529157249600452e+00,6.037383539249431941e+00,5.590169943749473624e+00,6.708203932499368527e+00,5.813776741499452783e+00,6.260990336999411099e+00,7.379024325749306001e+00,5.366563145999495354e+00,3.577708763999663422e+00,1.118033988749894903e+00,-4.472135954999579277e-01,-1.565247584249852775e+00,-2.236067977499789805e+00,-1.118033988749894903e+00,-3.354101966249684263e+00,-2.683281572999747677e+00,-1.118033988749894903e+00,-2.012461179749810647e+00,-2.906888370749726391e+00,-2.459674775249768519e+00,-2.012461179749810647e+00,-8.944271909999158554e-01,-6.708203932499369193e-01,-4.472135954999579277e-01,-1.118033988749894903e+00,-2.236067977499789805e+00,-8.944271909999158554e-01,-2.236067977499789639e-01,0.000000000000000000e+00,8.944271909999158554e-01,1.565247584249852775e+00,2.236067977499789805e+00,2.012461179749810647e+00,2.683281572999747677e+00,5.142956348249516196e+00,1.788854381999831711e+00,4.472135954999579277e-01,1.341640786499873839e+00,8.944271909999158554e-01,1.565247584249852775e+00,4.472135954999579277e-01,-2.236067977499789805e+00,-2.459674775249768519e+00,-2.012461179749810647e+00,-2.683281572999747677e+00,-3.130495168499705549e+00,-1.118033988749894903e+00,-1.118033988749894903e+00,-2.236067977499789639e-01,2.236067977499789639e-01,-1.341640786499873839e+00,-1.565247584249852775e+00,-4.472135954999579277e-01,-2.906888370749726391e+00,-3.130495168499705549e+00,-3.577708763999663422e+00,-3.354101966249684263e+00,-4.248529157249600452e+00,-3.130495168499705549e+00,-4.472135954999579610e+00,-4.248529157249600452e+00,-3.354101966249684263e+00,-2.236067977499789805e+00,4.472135954999579277e-01,4.472135954999579277e-01,-1.788854381999831711e+00,-2.459674775249768519e+00,-1.118033988749894903e+00,-1.118033988749894903e+00,2.236067977499789639e-01,2.236067977499789639e-01,2.683281572999747677e+00,3.577708763999663422e+00,5.813776741499452783e+00,5.813776741499452783e+00,5.813776741499452783e+00,3.577708763999663422e+00,5.590169943749473624e+00,5.366563145999495354e+00,6.708203932499368527e+00,5.142956348249516196e+00,3.577708763999663422e+00,3.577708763999663422e+00,3.577708763999663422e+00,1.118033988749894903e+00,2.236067977499789805e+00,2.683281572999747677e+00,3.577708763999663422e+00,4.472135954999579610e+00,3.801315561749642136e+00,3.577708763999663422e+00,1.788854381999831711e+00,3.354101966249684263e+00,3.801315561749642136e+00,4.472135954999579610e+00,3.130495168499705549e+00,2.906888370749726391e+00,3.130495168499705549e+00,2.906888370749726391e+00,2.906888370749726391e+00,4.024922359499621294e+00,4.472135954999579610e+00,3.130495168499705549e+00,4.472135954999579610e+00,5.142956348249516196e+00,6.037383539249431941e+00,4.919349550499537038e+00,4.695742752749557880e+00,3.354101966249684263e+00,4.472135954999579610e+00,5.142956348249516196e+00,6.484597134749389369e+00,4.472135954999579610e+00,4.248529157249600452e+00,6.260990336999411099e+00,6.260990336999411099e+00,4.248529157249600452e+00,3.801315561749642136e+00,5.590169943749473624e+00,6.037383539249431941e+00,3.354101966249684263e+00,2.012461179749810647e+00,1.341640786499873839e+00,1.565247584249852775e+00,1.565247584249852775e+00,8.944271909999158554e-01,1.118033988749894903e+00,1.118033988749894903e+00,1.341640786499873839e+00,8.944271909999158554e-01,-8.944271909999158554e-01,-1.341640786499873839e+00,8.944271909999158554e-01,1.341640786499873839e+00,2.906888370749726391e+00,1.565247584249852775e+00,1.565247584249852775e+00,2.236067977499789639e-01,0.000000000000000000e+00,-4.472135954999579277e-01,-6.708203932499369193e-01,-6.708203932499369193e-01,-8.944271909999158554e-01,-1.341640786499873839e+00,-2.236067977499789639e-01,-2.012461179749810647e+00,-8.944271909999158554e-01,-1.341640786499873839e+00,-3.577708763999663422e+00,-1.788854381999831711e+00,-1.788854381999831711e+00,-6.708203932499369193e-01,-1.788854381999831711e+00,-2.012461179749810647e+00,-1.118033988749894903e+00,4.472135954999579277e-01,4.472135954999579277e-01,1.565247584249852775e+00,2.236067977499789639e-01,-2.236067977499789639e-01,-6.708203932499369193e-01,0.000000000000000000e+00,-1.118033988749894903e+00,2.236067977499789639e-01,-8.944271909999158554e-01,-8.944271909999158554e-01,-1.565247584249852775e+00,1.565247584249852775e+00,2.236067977499789805e+00,2.236067977499789639e-01,-4.472135954999579277e-01,2.236067977499789639e-01,1.118033988749894903e+00,-4.472135954999579277e-01,0.000000000000000000e+00,6.708203932499369193e-01,1.118033988749894903e+00,-1.341640786499873839e+00,-2.236067977499789805e+00,-2.683281572999747677e+00,-1.565247584249852775e+00,-1.341640786499873839e+00,-1.788854381999831711e+00,-1.788854381999831711e+00,-2.012461179749810647e+00,-2.236067977499789639e-01,1.341640786499873839e+00
-4.919349550499537038e+00,-4.695742752749557880e+00,-4.248529157249600452e+00,-5.590169943749473624e+00,-5.813776741499452783e+00,-6.037383539249431941e+00,-7.602631123499284271e+00,-8.273451516749220858e+00,-6.484597134749389369e+00,-8.049844718999242588e+00,-6.931810730249347685e+00,-4.695742752749557880e+00,-6.708203932499368527e+00,-5.590169943749473624e+00,-6.037383539249431941e+00,-6.037383539249431941e+00,-4.248529157249600452e+00,-5.366563145999495354e+00,-6.484597134749389369e+00,-4.472135954999579610e+00,-5.142956348249516196e+00,-5.813776741499452783e+00,-6.484597134749389369e+00,-3.577708763999663422e+00,-3.577708763999663422e+00,-3.354101966249684263e+00,-2.906888370749726391e+00,-4.248529157249600452e+00,-5.366563145999495354e+00,-5.590169943749473624e+00,-5.142956348249516196e+00,-4.472135954999579610e+00,-2.906888370749726391e+00,-2.012461179749810647e+00,-3.130495168499705549e+00,-3.577708763999663422e+00,-4.472135954999579277e-01,6.708203932499369193e-01,4.472135954999579277e-01,2.236067977499789805e+00,1.341640786499873839e+00,1.118033988749894903e+00,4.472135954999579277e-01,4.472135954999579277e-01,4.472135954999579277e-01,3.130495168499705549e+00,4.248529157249600452e+00,3.577708763999663422e+00,2.012461179749810647e+00,2.906888370749726391e+00,3.577708763999663422e+00,3.577708763999663422e+00,3.130495168499705549e+00,2.683281572999747677e+00,1.341640786499873839e+00,1.565247584249852775e+00,-2.236067977499789639e-01,-2.236067977499789639e-01,-3.354101966249684263e+00,-4.919349550499537038e+00,-3.801315561749642136e+00,-5.813776741499452783e+00,-7.155417527999326843e+00,-7.155417527999326843e+00,-4.695742752749557880e+00,-3.354101966249684263e+00,-3.354101966249684263e+00,-3.354101966249684263e+00,-2.683281572999747677e+00,-1.341640786499873839e+00,-2.236067977499789805e+00,-1.118033988749894903e+00,-1.788854381999831711e+00,-4.472135954999579277e-01,-4.472135954999579277e-01,2.236067977499789639e-01,-2.236067977499789639e-01,4.472135954999579277e-01,-4.472135954999579277e-01,-6.708203932499369193e-01,-1.341640786499873839e+00,-2.236067977499789805e+00,-2.236067977499789805e+00,-2.459674775249768519e+00,-2.012461179749810647e+00,-3.130495168499705549e+00,-1.788854381999831711e+00,-2.236067977499789805e+00,-1.788854381999831711e+00,-2.459674775249768519e+00,-8.944271909999158554e-01,-2.236067977499789639e-01,2.236067977499789639e-01,2.236067977499789805e+00,3.130495168499705549e+00,3.801315561749642136e+00,3.801315561749642136e+00,2.236067977499789805e+00,3.354101966249684263e+00,2.683281572999747677e+00,1.788854381999831711e+00,1.565247584249852775e+00,2.683281572999747677e+00,3.130495168499705549e+00,3.354101966249684263e+00,4.695742752749557880e+00,4.919349550499537038e+00,3.354101966249684263e+00,4.024922359499621294e+00,4.024922359499621294e+00,3.801315561749642136e+00,2.683281572999747677e+00,2.236067977499789805e+00,2.012461179749810647e+00,2.236067977499789805e+00,2.012461179749810647e+00,1.341640786499873839e+00,2.236067977499789805e+00,1.118033988749894903e+00,8.944271909999158554e-01,2.236067977499789639e-01,-6.708203932499369193e-01,-2.236067977499789805e+00,4.472135954999579277e-01,4.472135954999579277e-01,-8.944271909999158554e-01,1.118033988749894903e+00,1.118033988749894903e+00,1.341640786499873839e+00,1.341640786499873839e+00,2.906888370749726391e+00,1.341640786499873839e+00,2.236067977499789639e-01,-1.788854381999831711e+00,-6.708203932499369193e-01,-2.012461179749810647e+00,-1.565247584249852775e+00,-6.708203932499369193e-01,2.236067977499789639e-01,-2.012461179749810647e+00,-1.341640786499873839e+00,-2.236067977499789805e+00,-2.906888370749726391e+00,-5.366563145999495354e+00,-6.708203932499368527e+00,-8.944271909999159220e+00,-5.813776741499452783e+00,-4.695742752749557880e+00,-4.919349550499537038e+00,-5.366563145999495354e+00,-5.590169943749473624e+00,-4.472135954999579610e+00,-4.024922359499621294e+00,-2.012461179749810647e+00,-1.565247584249852775e+00,4.472135954999579277e-01,-2.236067977499789639e-01,-4.472135954999579277e-01,-1.118033988749894903e+00,-3.801315561749642136e+00,-4.919349550499537038e+00,-5.366563145999495354e+00,-5.142956348249516196e+00,-5.590169943749473624e+00,-5.142956348249516196e+00,-4.472135954999579610e+00,-7.602631123499284271e+00,-6.708203932499368527e+00,-7.379024325749306001e+00,-7.826237921249263430e+00,-7.379024325749306001e+00,-9.167878707749137490e+00,-1.006230589874905235e+01,-1.028591269649903239e+01,-9.167878707749137490e+00,-7.602631123499284271e+00,-7.155417527999326843e+00,-8.049844718999242588e+00,-8.497058314499200904e+00,-6.708203932499368527e+00,-6.484597134749389369e+00,-6.484597134749389369e+00,-4.919349550499537038e+00,-1.788854381999831711e+00,-8.944271909999158554e-01,-1.118033988749894903e+00,-2.012461179749810647e+00,-8.944271909999158554e-01,2.236067977499789639e-01,-1.788854381999831711e+00,-1.118033988749894903e+00,-3.801315561749642136e+00,-4.472135954999579610e+00,-4.695742752749557880e+00,-2.683281572999747677e+00,-1.788854381999831711e+00,-2.906888370749726391e+00,-3.801315561749642136e+00,-2.683281572999747677e+00,-1.118033988749894903e+00,2.236067977499789639e-01,-2.236067977499789639e-01,-1.565247584249852775e+00,-2.683281572999747677e+00,-1.788854381999831711e+00,-6.708203932499369193e-01,0.000000000000000000e+00,0.000000000000000000e+00,1.118033988749894903e+00,1.118033988749894903e+00,2.906888370749726391e+00,2.459674775249768519e+00,2.012461179749810647e+00,4.248529157249600452e+00,1.565247584249852775e+00,-2.236067977499789639e-01,2.236067977499789639e-01,8.944271909999158554e-01,4.472135954999579277e-01,-8.944271909999158554e-01,2.236067977499789805e+00,1.788854381999831711e+00,8.944271909999158554e-01,2.236067977499789805e+00,1.341640786499873839e+00,2.236067977499789805e+00,2.459674775249768519e+00,1.118033988749894903e+00,-8.944271909999158554e-01,-2.459674775249768519e+00,-2.683281572999747677e+00,-4.472135954999579277e-01,-4.472135954999579277e-01,6.708203932499369193e-01,-8.944271909999158554e-01,-1.565247584249852775e+00,-4.472135954999579277e-01,-2.012461179749810647e+00,8.944271909999158554e-01,6.708203932499369193e-01,0.000000000000000000e+00,-8.944271909999158554e-01,8.944271909999158554e-01,1.788854381999831711e+00,8.944271909999158554e-01,-2.236067977499789639e-01,1.341640786499873839e+00,6.708203932499369193e-01,1.341640786499873839e+00,8.944271909999158554e-01,-2.236067977499789639e-01,1.788854381999831711e+00,2.906888370749726391e+00,3.130495168499705549e+00,3.577708763999663422e+00,3.354101966249684263e+00,2.683281572999747677e+00,1.565247584249852775e+00,8.944271909999158554e-01,2.459674775249768519e+00,2.459674775249768519e+00,4.024922359499621294e+00,3.354101966249684263e+00,2.683281572999747677e+00,3.801315561749642136e+00,2.236067977499789805e+00,1.788854381999831711e+00,2.236067977499789805e+00,3.801315561749642136e+00,1.788854381999831711e+00,1.118033988749894903e+00,1.565247584249852775e+00,1.341640786499873839e+00,2.459674775249768519e+00,-4.472135954999579277e-01,6.708203932499369193e-01,-1.118033988749894903e+00,-1.565247584249852775e+00,-1.565247584249852775e+00,4.472135954999579277e-01,6.708203932499369193e-01,-1.565247584249852775e+00,-2.906888370749726391e+00,-2.459674775249768519e+00,-4.024922359499621294e+00,-2.683281572999747677e+00,-1.565247584249852775e+00,-2.459674775249768519e+00,-1.341640786499873839e+00,-1.341640786499873839e+00,-1.341640786499873839e+00,1.118033988749894903e+00,-6.708203932499369193e-01,-4.472135954999579277e-01,-2.906888370749726391e+00,-1.118033988749894903e+00,-2.012461179749810647e+00,-2.012461179749810647e+00,-6.708203932499369193e-01,0.000000000000000000e+00,6.708203932499369193e-01,1.788854381999831711e+00,2.012461179749810647e+00,1.788854381999831711e+00,1.118033988749894903e+00,1.788854381999831711e+00,8.944271909999158554e-01,1.565247584249852775e+00,2.906888370749726391e+00,1.788854381999831711e+00,-6.708203932499369193e-01,-1.118033988749894903e+00,-2.236067977499789639e-01,-4.472135954999579277e-01,2.236067977499789639e-01,2.012461179749810647e+00,2.906888370749726391e+00,3.577708763999663422e+00,2.459674775249768519e+00,-2.236067977499789639e-01,4.472135954999579277e-01,2.236067977499789639e-01,1.118033988749894903e+00,3.130495168499705549e+00,2.459674775249768519e+00,2.683281572999747677e+00,2.906888370749726391e+00,3.130495168499705549e+00,2.906888370749726391e+00,6.708203932499369193e-01,2.236067977499789639e-01,-4.472135954999579277e-01,-1.565247584249852775e+00,-2.236067977499789805e+00,-1.341640786499873839e+00,-1.118033988749894903e+00,-1.788854381999831711e+00,-1.565247584249852775e+00,-1.341640786499873839e+00,-1.788854381999831711e+00,-2.683281572999747677e+00,-2.459674775249768519e+00,-2.012461179749810647e+00,-2.236067977499789639e-01,-2.906888370749726391e+00,-1.118033988749894903e+00,-8.944271909999158554e-01,-4.472135954999579277e-01,-4.472135954999579277e-01,-2.236067977499789639e-01,6.708203932499369193e-01,3.354101966249684263e+00,4.248529157249600452e+00,4.919349550499537038e+00,5.142956348249516196e+00,5.590169943749473624e+00,4.695742752749557880e+00,5.590169943749473624e+00,5.142956348249516196e+00,4.472135954999579610e+00,3.577708763999663422e+00,4.919349550499537038e+00,5.590169943749473624e+00,4.695742752749557880e+00,6.260990336999411099e+00,5.366563145999495354e+00,5.813776741499452783e+00,4.248529157249600452e+00,4.472135954999579610e+00,3.354101966249684263e+00,2.459674775249768519e+00,3.354101966249684263e+00,2.459674775249768519e+00,3.577708763999663422e+00,4.024922359499621294e+00,5.142956348249516196e+00,4.248529157249600452e+00,2.012461179749810647e+00,1.565247584249852775e+00,-1.341640786499873839e+00,-1.788854381999831711e+00,-3.130495168499705549e+00,-3.354101966249684263e+00,-2.459674775249768519e+00,-1.788854381999831711e+00,-3.130495168499705549e+00,-3.801315561749642136e+00,-4.695742752749557880e+00,-4.919349550499537038e+00,-4.472135954999579610e+00,-3.130495168499705549e+00,-4.919349550499537038e+00,-4.024922359499621294e+00,-2.906888370749726391e+00,-1.788854381999831711e+00,-3.130495168499705549e+00,0.000000000000000000e+00,2.459674775249768519e+00,6.708203932499369193e-01,-2.236067977499789639e-01,-6.708203932499369193e-01,6.708203932499369193e-01,2.236067977499789805e+00,3.577708763999663422e+00,4.919349550499537038e+00,4.695742752749557880e+00,4.248529157249600452e+00,4.024922359499621294e+00,4.248529157249600452e+00,6.037383539249431941e+00,6.484597134749389369e+00,4.919349550499537038e+00,4.695742752749557880e+00,6.260990336999411099e+00,6.260990336999411099e+00,6.037383539249431941e+00,6.708203932499368527e+00,6.260990336999411099e+00,6.260990336999411099e+00,6.037383539249431941e+00,6.037383539249431941e+00,4.248529157249600452e+00,1.788854381999831711e+00,2.906888370749726391e+00,2.683281572999747677e+00,2.236067977499789805e+00,1.341640786499873839e+00,1.118033988749894903e+00,2.236067977499789805e+00,2.906888370749726391e+00,3.577708763999663422e+00,5.142956348249516196e+00,2.459674775249768519e+00,2.012461179749810647e+00,1.565247584249852775e+00,2.683281572999747677e+00,3.801315561749642136e+00,3.801315561749642136e+00,3.577708763999663422e+00,3.577708763999663422e+00,4.472135954999579610e+00,5.366563145999495354e+00,2.459674775249768519e+00,1.341640786499873839e+00,4.472135954999579277e-01,-4.472135954999579277e-01,-2.236067977499789805e+00,-2.683281572999747677e+00,-1.565247584249852775e+00,-2.012461179749810647e+00,-2.236067977499789805e+00,-8.944271909999158554e-01,-1.341640786499873839e+00,-2.236067977499789805e+00,-1.565247584249852775e+00,-6.708203932499369193e-01,2.236067977499789805e+00,4.919349550499537038e+00,4.919349550499537038e+00,3.577708763999663422e+00,1.341640786499873839e+00,0.000000000000000000e+00,1.341640786499873839e+00,2.012461179749810647e+00,2.012461179749810647e+00,2.236067977499789805e+00,8.944271909999158554e-01,6.708203932499369193e-01,0.000000000000000000e+00,1.788854381999831711e+00,2.012461179749810647e+00,-2.236067977499789639e-01,-1.118033988749894903e+00,-1.565247584249852775e+00,-1.341640786499873839e+00,-2.683281572999747677e+00,-3.801315561749642136e+00,-3.130495168499705549e+00,-3.130495168499705549e+00,-2.906888370749726391e+00,-3.577708763999663422e+00,-3.354101966249684263e+00,-3.130495168499705549e+00,-1.341640786499873839e+00,-2.236067977499789805e+00,-2.459674775249768519e+00,-2.459674775249768519e+00,-1.788854381999831711e+00,-2.236067977499789805e+00,-2.236067977499789805e+00,-8.944271909999158554e-01,-8.944271909999158554e-01,-2.459674775249768519e+00,-2.683281572999747677e+00,-2.236067977499789805e+00,-4.472135954999579277e-01,6.708203932499369193e-01,-4.472135954999579277e-01,-2.236067977499789639e-01,-1.788854381999831711e+00
-8.944271909999158554e-01,0.000000000000000000e+00,4.472135954999579277e-01,0.000000000000000000e+00,1.341640786499873839e+00,2.012461179749810647e+00,2.012461179749810647e+00,3.130495168499705549e+00,1.565247584249852775e+00,1.118033988749894903e+00,0.000000000000000000e+00,-2.236067977499789639e-01,4.472135954999579277e-01,2.012461179749810647e+00,4.248529157249600452e+00,3.354101966249684263e+00,3.801315561749642136e+00,3.130495168499705549e+00,4.248529157249600452e+00,4.472135954999579610e+00,5.590169943749473624e+00,6.708203932499368527e+00,8.049844718999242588e+00,7.155417527999326843e+00,7.602631123499284271e+00,6.708203932499368527e+00,7.155417527999326843e+00,4.919349550499537038e+00,4.919349550499537038e+00,3.801315561749642136e+00,4.919349550499537038e+00,6.260990336999411099e+00,6.037383539249431941e+00,5.590169943749473624e+00,4.919349550499537038e+00,5.590169943749473624e+00,6.484597134749389369e+00,5.142956348249516196e+00,3.577708763999663422e+00,1.788854381999831711e+00,4.472135954999579277e-01,2.236067977499789639e-01,-2.236067977499789639e-01,2.236067977499789639e-01,0.000000000000000000e+00,-1.118033988749894903e+00,-8.944271909999158554e-01,2.236067977499789639e-01,2.236067977499789639e-01,-6.708203932499369193e-01,2.236067977499789639e-01,-2.236067977499789639e-01,-6.708203932499369193e-01,-2.012461179749810647e+00,-4.472135954999579277e-01,-8.944271909999158554e-01,-1.341640786499873839e+00,-1.565247584249852775e+00,-3.801315561749642136e+00,-3.354101966249684263e+00,-1.341640786499873839e+00,8.944271909999158554e-01,-2.236067977499789639e-01,1.341640786499873839e+00,3.130495168499705549e+00,1.788854381999831711e+00,2.012461179749810647e+00,1.118033988749894903e+00,1.341640786499873839e+00,1.118033988749894903e+00,2.012461179749810647e+00,1.788854381999831711e+00,8.944271909999158554e-01,-4.472135954999579277e-01,-2.236067977499789639e-01,-4.472135954999579277e-01,-4.472135954999579277e-01,-2.236067977499789805e+00,-2.459674775249768519e+00,-1.788854381999831711e+00,-3.354101966249684263e+00,-1.341640786499873839e+00,-1.341640786499873839e+00,-1.565247584249852775e+00,-3.130495168499705549e+00,-2.236067977499789805e+00,-2.906888370749726391e+00,-2.012461179749810647e+00,-1.341640786499873839e+00,-1.565247584249852775e+00,-6.708203932499369193e-01,1.341640786499873839e+00,4.472135954999579277e-01,-4.472135954999579277e-01,0.000000000000000000e+00,-4.472135954999579277e-01,-1.341640786499873839e+00,-4.024922359499621294e+00,-4.919349550499537038e+00,-2.683281572999747677e+00,-5.590169943749473624e+00,-5.590169943749473624e+00,-5.142956348249516196e+00,-4.695742752749557880e+00,-5.142956348249516196e+00,-5.813776741499452783e+00,-6.931810730249347685e+00,-5.813776741499452783e+00,-4.695742752749557880e+00,-5.366563145999495354e+00,-5.813776741499452783e+00,-5.142956348249516196e+00,-4.695742752749557880e+00,-4.472135954999579610e+00,-2.236067977499789805e+00,-1.118033988749894903e+00,-6.708203932499369193e-01,-6.708203932499369193e-01,-6.708203932499369193e-01,-1.341640786499873839e+00,-2.459674775249768519e+00,-6.708203932499369193e-01,-4.472135954999579277e-01,2.236067977499789639e-01,-2.459674775249768519e+00,-2.236067977499789805e+00,4.472135954999579277e-01,6.708203932499369193e-01,-6.708203932499369193e-01,-4.472135954999579277e-01,1.118033988749894903e+00,-6.708203932499369193e-01,-6.708203932499369193e-01,-1.341640786499873839e+00,-1.118033988749894903e+00,-3.130495168499705549e+00,-2.459674775249768519e+00,-2.459674775249768519e+00,6.708203932499369193e-01,1.118033988749894903e+00,2.459674775249768519e+00,1.788854381999831711e+00,-2.236067977499789639e-01,-2.012461179749810647e+00,-1.565247584249852775e+00,-3.130495168499705549e+00,-2.459674775249768519e+00,-2.012461179749810647e+00,-1.565247584249852775e+00,-2.012461179749810647e+00,-2.236067977499789805e+00,-1.788854381999831711e+00,-1.118033988749894903e+00,-2.236067977499789639e-01,-1.118033988749894903e+00,-6.708203932499369193e-01,-1.565247584249852775e+00,-1.118033988749894903e+00,-8.944271909999158554e-01,4.472135954999579277e-01,2.236067977499789805e+00,6.708203932499369193e-01,8.944271909999158554e-01,1.788854381999831711e+00,2.683281572999747677e+00,2.236067977499789805e+00,2.012461179749810647e+00,1.788854381999831711e+00,2.012461179749810647e+00,1.788854381999831711e+00,2.683281572999747677e+00,1.565247584249852775e+00,2.236067977499789805e+00,3.130495168499705549e+00,4.472135954999579610e+00,4.919349550499537038e+00,4.024922359499621294e+00,1.788854381999831711e+00,1.788854381999831711e+00,1.565247584249852775e+00,1.341640786499873839e+00,-1.118033988749894903e+00,-2.012461179749810647e+00,-6.708203932499369193e-01,-8.944271909999158554e-01,-2.236067977499789639e-01,6.708203932499369193e-01,-2.236067977499789639e-01,4.472135954999579277e-01,-1.788854381999831711e+00,-6.708203932499369193e-01,-1.118033988749894903e+00,-2.236067977499789639e-01,6.708203932499369193e-01,4.472135954999579277e-01,1.788854381999831711e+00,1.341640786499873839e+00,-6.708203932499369193e-01,1.341640786499873839e+00,2.012461179749810647e+00,2.459674775249768519e+00,2.459674775249768519e+00,3.801315561749642136e+00,4.919349550499537038e+00,7.379024325749306001e+00,6.260990336999411099e+00,4.919349550499537038e+00,2.906888370749726391e+00,1.565247584249852775e+00,2.236067977499789805e+00,2.459674775249768519e+00,1.118033988749894903e+00,1.118033988749894903e+00,6.708203932499369193e-01,0.000000000000000000e+00,4.472135954999579277e-01,-8.944271909999158554e-01,-2.683281572999747677e+00,-4.472135954999579610e+00,-5.142956348249516196e+00,-4.248529157249600452e+00,-4.248529157249600452e+00,-2.906888370749726391e+00,-2.906888370749726391e+00,-3.354101966249684263e+00,-2.683281572999747677e+00,-4.695742752749557880e+00,-4.695742752749557880e+00,-2.683281572999747677e+00,-1.341640786499873839e+00,-1.341640786499873839e+00,-1.341640786499873839e+00,-8.944271909999158554e-01,-1.565247584249852775e+00,-2.906888370749726391e+00,-2.012461179749810647e+00,-3.577708763999663422e+00,-2.459674775249768519e+00,-2.459674775249768519e+00,-4.919349550499537038e+00,-3.130495168499705549e+00,-1.341640786499873839e+00,-6.708203932499369193e-01,8.944271909999158554e-01,2.683281572999747677e+00,2.012461179749810647e+00,2.906888370749726391e+00,2.236067977499789805e+00,2.683281572999747677e+00,-4.472135954999579277e-01,-1.118033988749894903e+00,-2.236067977499789639e-01,4.472135954999579277e-01,-2.236067977499789639e-01,6.708203932499369193e-01,8.944271909999158554e-01,0.000000000000000000e+00,8.944271909999158554e-01,2.906888370749726391e+00,3.801315561749642136e+00,3.577708763999663422e+00,4.919349550499537038e+00,3.801315561749642136e+00,4.472135954999579610e+00,3.801315561749642136e+00,3.354101966249684263e+00,3.801315561749642136e+00,4.919349550499537038e+00,5.590169943749473624e+00,5.590169943749473624e+00,5.813776741499452783e+00,6.931810730249347685e+00,7.155417527999326843e+00,6.260990336999411099e+00,5.590169943749473624e+00,7.155417527999326843e+00,8.273451516749220858e+00,5.366563145999495354e+00,4.248529157249600452e+00,5.813776741499452783e+00,6.931810730249347685e+00,7.379024325749306001e+00,6.484597134749389369e+00,6.260990336999411099e+00,5.813776741499452783e+00,5.813776741499452783e+00,7.379024325749306001e+00,6.484597134749389369e+00,7.155417527999326843e+00,7.826237921249263430e+00,8.497058314499200904e+00,8.720665112249179174e+00,8.049844718999242588e+00,7.155417527999326843e+00,6.708203932499368527e+00,6.931810730249347685e+00,8.497058314499200904e+00,8.944271909999159220e+00,8.720665112249179174e+00,8.497058314499200904e+00,9.391485505499115760e+00,8.497058314499200904e+00,8.944271909999159220e+00,7.155417527999326843e+00,7.602631123499284271e+00,4.472135954999579610e+00,2.459674775249768519e+00,1.788854381999831711e+00,5.366563145999495354e+00,6.260990336999411099e+00,5.813776741499452783e+00,2.459674775249768519e+00,2.236067977499789805e+00,1.118033988749894903e+00,1.565247584249852775e+00,0.000000000000000000e+00,0.000000000000000000e+00,8.944271909999158554e-01,1.118033988749894903e+00,1.341640786499873839e+00,3.354101966249684263e+00,4.248529157249600452e+00,6.260990336999411099e+00,6.037383539249431941e+00,6.484597134749389369e+00,7.379024325749306001e+00,7.826237921249263430e+00,7.155417527999326843e+00,9.167878707749137490e+00,7.602631123499284271e+00,6.260990336999411099e+00,7.379024325749306001e+00,7.602631123499284271e+00,7.379024325749306001e+00,6.260990336999411099e+00,4.472135954999579610e+00,2.683281572999747677e+00,2.012461179749810647e+00,3.130495168499705549e+00,4.024922359499621294e+00,2.906888370749726391e+00,3.130495168499705549e+00,3.354101966249684263e+00,2.683281572999747677e+00,3.130495168499705549e+00,6.708203932499369193e-01,-6.708203932499369193e-01,-8.944271909999158554e-01,-1.118033988749894903e+00,-2.012461179749810647e+00,-6.708203932499369193e-01,0.000000000000000000e+00,-1.788854381999831711e+00,-2.459674775249768519e+00,-2.906888370749726391e+00,-3.130495168499705549e+00,-2.906888370749726391e+00,-2.459674775249768519e+00,-3.130495168499705549e+00,-3.130495168499705549e+00,-1.118033988749894903e+00,-2.236067977499789805e+00,-2.906888370749726391e+00,-8.944271909999158554e-01,0.000000000000000000e+00,-2.236067977499789639e-01,-8.944271909999158554e-01,8.944271909999158554e-01,-4.472135954999579277e-01,-2.236067977499789639e-01,-8.944271909999158554e-01,-6.708203932499369193e-01,2.236067977499789639e-01,1.341640786499873839e+00,6.708203932499369193e-01,6.708203932499369193e-01,4.472135954999579277e-01,-4.472135954999579277e-01,-1.118033988749894903e+00,-2.236067977499789639e-01,6.708203932499369193e-01,2.236067977499789639e-01,2.236067977499789639e-01,1.341640786499873839e+00,4.472135954999579277e-01,0.000000000000000000e+00,-4.472135954999579277e-01,-2.683281572999747677e+00,-3.130495168499705549e+00,-4.024922359499621294e+00,-4.024922359499621294e+00,-2.906888370749726391e+00,-3.577708763999663422e+00,-2.459674775249768519e+00,-2.459674775249768519e+00,-1.118033988749894903e+00,-1.118033988749894903e+00,0.000000000000000000e+00,-2.236067977499789805e+00,0.000000000000000000e+00,6.708203932499369193e-01,2.236067977499789639e-01,-2.012461179749810647e+00,-1.341640786499873839e+00,1.118033988749894903e+00,2.236067977499789639e-01,-1.341640786499873839e+00,-2.459674775249768519e+00,-2.012461179749810647e+00,-1.118033988749894903e+00,-1.788854381999831711e+00,-8.944271909999158554e-01,-2.236067977499789805e+00,-8.944271909999158554e-01,-2.236067977499789639e-01,4.472135954999579277e-01,-1.565247584249852775e+00,-4.919349550499537038e+00,-4.695742752749557880e+00,-2.906888370749726391e+00,-3.577708763999663422e+00,-4.248529157249600452e+00,-3.801315561749642136e+00,-3.801315561749642136e+00,-4.472135954999579610e+00,-4.919349550499537038e+00,-4.248529157249600452e+00,-4.695742752749557880e+00,-3.130495168499705549e+00,-3.801315561749642136e+00,-5.142956348249516196e+00,-5.366563145999495354e+00,-4.472135954999579610e+00,-6.037383539249431941e+00,-6.037383539249431941e+00,-7.826237921249263430e+00,-8.049844718999242588e+00,-7.602631123499284271e+00,-7.155417527999326843e+00,-6.484597134749389369e+00,-6.484597134749389369e+00,-5.590169943749473624e+00,-6.484597134749389369e+00,-5.590169943749473624e+00,-6.037383539249431941e+00,-6.708203932499368527e+00,-6.931810730249347685e+00,-6.931810730249347685e+00,-5.142956348249516196e+00,-4.919349550499537038e+00,-3.354101966249684263e+00,-4.024922359499621294e+00,-2.906888370749726391e+00,-2.012461179749810647e+00,-2.906888370749726391e+00,-3.354101966249684263e+00,-2.236067977499789805e+00,-2.683281572999747677e+00,-3.801315561749642136e+00,-4.695742752749557880e+00,-2.683281572999747677e+00,-1.788854381999831711e+00,-1.788854381999831711e+00,-1.341640786499873839e+00,-1.788854381999831711e+00,-4.472135954999579610e+00,-3.801315561749642136e+00,-3.354101966249684263e+00,-2.906888370749726391e+00,-8.944271909999158554e-01,-2.906888370749726391e+00,-4.024922359499621294e+00,-2.906888370749726391e+00,-2.012461179749810647e+00,-2.906888370749726391e+00,-2.683281572999747677e+00,-4.024922359499621294e+00,-3.130495168499705549e+00,-4.024922359499621294e+00,-4.919349550499537038e+00,-5.366563145999495354e+00,-6.037383539249431941e+00,-3.801315561749642136e+00,-2.683281572999747677e+00,-3.577708763999663422e+00,-3.577708763999663422e+00,-2.012461179749810647e+00,-1.565247584249852775e+00,2.236067977499789639e-01,0.000000000000000000e+00,1.118033988749894903e+00,2.459674775249768519e+00,2.459674775249768519e+00,2.459674775249768519e+00,1.341640786499873839e+00,1.341640786499873839e+00,2.236067977499789639e-01,-1.341640786499873839e+00,-2.012461179749810647e+00,-1.788854381999831711e+00
4.024922359499621294e+00,5.366563145999495354e+00,6.484597134749389369e+00,4.919349550499537038e+00,5.142956348249516196e+00,6.708203932499368527e+00,5.590169943749473624e+00,4.695742752749557880e+00,2.683281572999747677e+00,1.565247584249852775e+00,8.944271909999158554e-01,-6.708203932499369193e-01,-1.118033988749894903e+00,0.000000000000000000e+00,0.000000000000000000e+00,4.472135954999579277e-01,-6.708203932499369193e-01,-2.236067977499789805e+00,-8.944271909999158554e-01,-2.459674775249768519e+00,0.000000000000000000e+00,2.236067977499789639e-01,1.118033988749894903e+00,2.236067977499789639e-01,-2.236067977499789639e-01,1.118033988749894903e+00,6.708203932499369193e-01,6.708203932499369193e-01,-2.236067977499789639e-01,1.565247584249852775e+00,2.236067977499789805e+00,2.459674775249768519e+00,2.459674775249768519e+00,3.577708763999663422e+00,1.565247584249852775e+00,2.683281572999747677e+00,3.130495168499705549e+00,4.472135954999579610e+00,4.024922359499621294e+00,3.801315561749642136e+00,5.142956348249516196e+00,6.037383539249431941e+00,4.024922359499621294e+00,4.248529157249600452e+00,4.024922359499621294e+00,5.366563145999495354e+00,7.155417527999326843e+00,6.484597134749389369e+00,5.366563145999495354e+00,4.695742752749557880e+00,6.260990336999411099e+00,7.155417527999326843e+00,6.484597134749389369e+00,6.484597134749389369e+00,5.813776741499452783e+00,5.813776741499452783e+00,3.354101966249684263e+00,3.801315561749642136e+00,5.590169943749473624e+00,4.919349550499537038e+00,5.590169943749473624e+00,5.142956348249516196e+00,4.919349550499537038e+00,4.919349550499537038e+00,2.906888370749726391e+00,2.683281572999747677e+00,1.788854381999831711e+00,6.708203932499369193e-01,1.788854381999831711e+00,2.683281572999747677e+00,3.577708763999663422e+00,2.236067977499789805e+00,-6.708203932499369193e-01,-1.565247584249852775e+00,1.118033988749894903e+00,-6.708203932499369193e-01,-4.472135954999579277e-01,-2.236067977499789639e-01,-6.708203932499369193e-01,0.000000000000000000e+00,-6.708203932499369193e-01,4.472135954999579277e-01,1.118033988749894903e+00,1.788854381999831711e+00,1.565247584249852775e+00,2.236067977499789805e+00,8.944271909999158554e-01,1.341640786499873839e+00,2.236067977499789639e-01,6.708203932499369193e-01,4.472135954999579277e-01,1.341640786499873839e+00,0.000000000000000000e+00,-6.708203932499369193e-01,-4.472135954999579277e-01,-8.944271909999158554e-01,-1.341640786499873839e+00,-2.459674775249768519e+00,-1.565247584249852775e+00,-2.236067977499789805e+00,-4.024922359499621294e+00,-2.906888370749726391e+00,-2.906888370749726391e+00,-4.024922359499621294e+00,-3.354101966249684263e+00,-2.906888370749726391e+00,-1.341640786499873839e+00,-1.341640786499873839e+00,-1.565247584249852775e+00,-2.012461179749810647e+00,-2.459674775249768519e+00,-4.472135954999579277e-01,-1.788854381999831711e+00,-2.906888370749726391e+00,-2.906888370749726391e+00,-2.683281572999747677e+00,-1.788854381999831711e+00,-3.130495168499705549e+00,-3.354101966249684263e+00,-2.459674775249768519e+00,-2.906888370749726391e+00,-2.906888370749726391e+00,-5.366563145999495354e+00,-5.590169943749473624e+00,-3.130495168499705549e+00,-2.012461179749810647e+00,-1.118033988749894903e+00,-6.708203932499369193e-01,4.472135954999579277e-01,-1.341640786499873839e+00,-2.459674775249768519e+00,-3.577708763999663422e+00,-2.012461179749810647e+00,-2.012461179749810647e+00,-3.577708763999663422e+00,-3.577708763999663422e+00,-4.024922359499621294e+00,-4.024922359499621294e+00,-3.354101966249684263e+00,-5.366563145999495354e+00,-5.142956348249516196e+00,-7.155417527999326843e+00,-7.155417527999326843e+00,-6.931810730249347685e+00,-5.590169943749473624e+00,-5.366563145999495354e+00,-4.472135954999579610e+00,-4.695742752749557880e+00,-2.906888370749726391e+00,-3.354101966249684263e+00,-2.236067977499789805e+00,-1.788854381999831711e+00,-2.236067977499789639e-01,-4.472135954999579277e-01,-4.472135954999579277e-01,0.000000000000000000e+00,6.708203932499369193e-01,8.944271909999158554e-01,8.944271909999158554e-01,4.472135954999579277e-01,1.341640786499873839e+00,2.459674775249768519e+00,2.459674775249768519e+00,3.354101966249684263e+00,5.813776741499452783e+00,3.577708763999663422e+00,2.906888370749726391e+00,8.944271909999158554e-01,8.944271909999158554e-01,6.708203932499369193e-01,-1.341640786499873839e+00,8.944271909999158554e-01,1.565247584249852775e+00,1.788854381999831711e+00,-2.236067977499789639e-01,-4.472135954999579277e-01,-4.472135954999579277e-01,-2.012461179749810647e+00,-1.341640786499873839e+00,-6.708203932499369193e-01,-4.472135954999579277e-01,-6.708203932499369193e-01,-4.472135954999579277e-01,-1.341640786499873839e+00,-1.118033988749894903e+00,-8.944271909999158554e-01,-3.130495168499705549e+00,-4.248529157249600452e+00,-4.248529157249600452e+00,-4.248529157249600452e+00,-3.577708763999663422e+00,-1.565247584249852775e+00,-2.236067977499789805e+00,-1.788854381999831711e+00,-2.906888370749726391e+00,-3.130495168499705549e+00,-4.248529157249600452e+00,-3.577708763999663422e+00,-2.906888370749726391e+00,-2.012461179749810647e+00,-2.236067977499789805e+00,-1.565247584249852775e+00,-3.354101966249684263e+00,-3.354101966249684263e+00,-4.248529157249600452e+00,-3.354101966249684263e+00,-3.577708763999663422e+00,-3.354101966249684263e+00,-4.248529157249600452e+00,-2.906888370749726391e+00,-2.012461179749810647e+00,-1.565247584249852775e+00,-2.012461179749810647e+00,-2.459674775249768519e+00,-3.354101966249684263e+00,-4.472135954999579610e+00,-5.142956348249516196e+00,-3.354101966249684263e+00,-4.248529157249600452e+00,-3.130495168499705549e+00,-2.683281572999747677e+00,-1.341640786499873839e+00,-2.459674775249768519e+00,-3.130495168499705549e+00,-3.577708763999663422e+00,-1.341640786499873839e+00,-1.341640786499873839e+00,-2.236067977499789639e-01,-2.236067977499789639e-01,-2.236067977499789805e+00,-3.577708763999663422e+00,-3.801315561749642136e+00,-3.577708763999663422e+00,-1.788854381999831711e+00,-2.459674775249768519e+00,-2.459674775249768519e+00,-2.236067977499789805e+00,-2.459674775249768519e+00,-3.577708763999663422e+00,-3.801315561749642136e+00,-3.130495168499705549e+00,-2.236067977499789639e-01,2.236067977499789639e-01,1.118033988749894903e+00,6.708203932499369193e-01,1.118033988749894903e+00,3.577708763999663422e+00,2.906888370749726391e+00,4.248529157249600452e+00,1.565247584249852775e+00,4.472135954999579610e+00,3.577708763999663422e+00,5.366563145999495354e+00,4.919349550499537038e+00,6.037383539249431941e+00,5.813776741499452783e+00,7.826237921249263430e+00,8.944271909999159220e+00,7.826237921249263430e+00,8.497058314499200904e+00,7.826237921249263430e+00,8.273451516749220858e+00,7.379024325749306001e+00,8.273451516749220858e+00,7.826237921249263430e+00,6.708203932499368527e+00,7.155417527999326843e+00,8.049844718999242588e+00,8.049844718999242588e+00,6.260990336999411099e+00,3.577708763999663422e+00,3.354101966249684263e+00,4.695742752749557880e+00,2.683281572999747677e+00,3.577708763999663422e+00,2.683281572999747677e+00,1.788854381999831711e+00,2.236067977499789639e-01,1.565247584249852775e+00,2.906888370749726391e+00,3.130495168499705549e+00,2.236067977499789805e+00,1.341640786499873839e+00,1.341640786499873839e+00,8.944271909999158554e-01,4.472135954999579277e-01,1.118033988749894903e+00,-6.708203932499369193e-01,2.236067977499789639e-01,-1.341640786499873839e+00,2.236067977499789639e-01,-2.236067977499789639e-01,-1.565247584249852775e+00,-2.012461179749810647e+00,-3.354101966249684263e+00,-4.024922359499621294e+00,-2.012461179749810647e+00,-1.118033988749894903e+00,0.000000000000000000e+00,2.236067977499789639e-01,-6.708203932499369193e-01,-1.341640786499873839e+00,-2.683281572999747677e+00,-1.788854381999831711e+00,-1.341640786499873839e+00,-4.472135954999579277e-01,6.708203932499369193e-01,2.236067977499789805e+00,2.459674775249768519e+00,2.906888370749726391e+00,4.024922359499621294e+00,1.788854381999831711e+00,6.708203932499369193e-01,8.944271909999158554e-01,4.472135954999579277e-01,-1.118033988749894903e+00,-6.708203932499369193e-01,-1.565247584249852775e+00,-1.565247584249852775e+00,-1.565247584249852775e+00,-8.944271909999158554e-01,-8.944271909999158554e-01,-6.708203932499369193e-01,-1.118033988749894903e+00,4.472135954999579277e-01,2.236067977499789805e+00,8.944271909999158554e-01,8.944271909999158554e-01,1.341640786499873839e+00,1.341640786499873839e+00,-6.708203932499369193e-01,0.000000000000000000e+00,8.944271909999158554e-01,2.236067977499789639e-01,-2.012461179749810647e+00,-1.565247584249852775e+00,-4.472135954999579277e-01,1.341640786499873839e+00,2.236067977499789805e+00,2.012461179749810647e+00,3.577708763999663422e+00,2.236067977499789805e+00,2.459674775249768519e+00,5.366563145999495354e+00,6.037383539249431941e+00,6.708203932499368527e+00,4.472135954999579610e+00,3.354101966249684263e+00,1.788854381999831711e+00,1.118033988749894903e+00,4.472135954999579277e-01,-2.236067977499789639e-01,-1.118033988749894903e+00,-1.565247584249852775e+00,-2.906888370749726391e+00,-1.565247584249852775e+00,-4.248529157249600452e+00,-4.695742752749557880e+00,-5.813776741499452783e+00,-4.248529157249600452e+00,-4.472135954999579610e+00,-4.695742752749557880e+00,-2.236067977499789805e+00,-6.708203932499369193e-01,-1.118033988749894903e+00,-8.944271909999158554e-01,-1.565247584249852775e+00,-1.565247584249852775e+00,-1.341640786499873839e+00,0.000000000000000000e+00,1.118033988749894903e+00,2.236067977499789805e+00,2.683281572999747677e+00,1.118033988749894903e+00,2.459674775249768519e+00,1.788854381999831711e+00,3.354101966249684263e+00,2.459674775249768519e+00,2.459674775249768519e+00,1.788854381999831711e+00,8.944271909999158554e-01,2.236067977499789805e+00,1.565247584249852775e+00,6.708203932499369193e-01,-2.236067977499789639e-01,1.788854381999831711e+00,0.000000000000000000e+00,-6.708203932499369193e-01,-1.118033988749894903e+00,-2.236067977499789639e-01,-1.788854381999831711e+00,-2.236067977499789805e+00,-1.118033988749894903e+00,-2.459674775249768519e+00,-1.565247584249852775e+00,-2.683281572999747677e+00,-4.024922359499621294e+00,-5.590169943749473624e+00,-5.590169943749473624e+00,-2.683281572999747677e+00,-2.906888370749726391e+00,-1.118033988749894903e+00,-1.565247584249852775e+00,-3.801315561749642136e+00,-5.142956348249516196e+00,-2.906888370749726391e+00,-2.683281572999747677e+00,-3.130495168499705549e+00,-4.024922359499621294e+00,-4.695742752749557880e+00,-6.484597134749389369e+00,-7.602631123499284271e+00,-4.248529157249600452e+00,-3.577708763999663422e+00,-3.130495168499705549e+00,-4.248529157249600452e+00,-4.024922359499621294e+00,-4.472135954999579610e+00,-5.366563145999495354e+00,-4.248529157249600452e+00,-4.248529157249600452e+00,-2.236067977499789805e+00,-3.130495168499705549e+00,-1.565247584249852775e+00,-1.118033988749894903e+00,-4.472135954999579277e-01,-1.565247584249852775e+00,-1.118033988749894903e+00,-2.236067977499789639e-01,2.236067977499789639e-01,8.944271909999158554e-01,-4.472135954999579277e-01,2.236067977499789639e-01,-8.944271909999158554e-01,-1.788854381999831711e+00,-3.577708763999663422e+00,-1.565247584249852775e+00,-8.944271909999158554e-01,-8.944271909999158554e-01,2.236067977499789639e-01,-6.708203932499369193e-01,-1.341640786499873839e+00,-2.236067977499789805e+00,-1.565247584249852775e+00,-1.788854381999831711e+00,-1.118033988749894903e+00,-1.118033988749894903e+00,-1.788854381999831711e+00,6.708203932499369193e-01,-1.118033988749894903e+00,-1.565247584249852775e+00,-4.472135954999579277e-01,-1.788854381999831711e+00,-2.459674775249768519e+00,-3.577708763999663422e+00,-1.788854381999831711e+00,-2.683281572999747677e+00,-4.024922359499621294e+00,-4.248529157249600452e+00,-5.366563145999495354e+00,-4.248529157249600452e+00,-4.248529157249600452e+00,-5.590169943749473624e+00,-5.813776741499452783e+00,-4.695742752749557880e+00,-3.354101966249684263e+00,-2.459674775249768519e+00,-1.565247584249852775e+00,-3.130495168499705549e+00,-2.459674775249768519e+00,-1.118033988749894903e+00,-3.354101966249684263e+00,-3.801315561749642136e+00,-2.459674775249768519e+00,-1.341640786499873839e+00,-2.236067977499789805e+00,-2.236067977499789805e+00,-3.801315561749642136e+00,-5.590169943749473624e+00,-4.919349550499537038e+00,-2.012461179749810647e+00,-2.012461179749810647e+00,-2.236067977499789805e+00,-3.354101966249684263e+00,-4.695742752749557880e+00,-2.906888370749726391e+00,-3.130495168499705549e+00,-3.130495168499705549e+00,-2.683281572999747677e+00,-3.354101966249684263e+00,-2.683281572999747677e+00,-4.248529157249600452e+00,-4.248529157249600452e+00,-4.024922359499621294e+00,-2.906888370749726391e+00,-2.906888370749726391e+00,-2.906888370749726391e+00,-4.248529157249600452e+00,-4.695742752749557880e+00,-4.024922359499621294e+00
2.906888370749726391e+00,2.236067977499789805e+00,6.708203932499369193e-01,-4.472135954999579277e-01,-1.118033988749894903e+00,-2.236067977499789639e-01,-4.472135954999579277e-01,1.341640786499873839e+00,2.459674775249768519e+00,3.801315561749642136e+00,3.354101966249684263e+00,3.354101966249684263e+00,2.236067977499789639e-01,-2.012461179749810647e+00,-2.236067977499789805e+00,-2.906888370749726391e+00,-1.788854381999831711e+00,-1.788854381999831711e+00,-2.683281572999747677e+00,-2.236067977499789639e-01,-1.118033988749894903e+00,-1.341640786499873839e+00,-2.012461179749810647e+00,-6.708203932499369193e-01,0.000000000000000000e+00,4.472135954999579277e-01,1.788854381999831711e+00,1.118033988749894903e+00,2.236067977499789805e+00,6.708203932499369193e-01,1.118033988749894903e+00,1.341640786499873839e+00,-2.236067977499789639e-01,-2.012461179749810647e+00,-2.459674775249768519e+00,-2.012461179749810647e+00,-1.788854381999831711e+00,-2.906888370749726391e+00,-1.565247584249852775e+00,-1.341640786499873839e+00,-6.708203932499369193e-01,-1.788854381999831711e+00,-1.341640786499873839e+00,-1.788854381999831711e+00,-1.788854381999831711e+00,-2.683281572999747677e+00,-2.459674775249768519e+00,-2.459674775249768519e+00,-3.354101966249684263e+00,-3.130495168499705549e+00,-2.459674775249768519e+00,-1.565247584249852775e+00,-2.236067977499789639e-01,0.000000000000000000e+00,-1.341640786499873839e+00,-2.459674775249768519e+00,-2.012461179749810647e+00,-2.236067977499789805e+00,-3.130495168499705549e+00,-4.472135954999579610e+00,-4.024922359499621294e+00,-5.590169943749473624e+00,-4.472135954999579610e+00,-3.577708763999663422e+00,-1.341640786499873839e+00,0.000000000000000000e+00,1.118033988749894903e+00,1.341640786499873839e+00,6.708203932499369193e-01,4.024922359499621294e+00,3.130495168499705549e+00,2.236067977499789639e-01,-6.708203932499369193e-01,1.788854381999831711e+00,1.341640786499873839e+00,1.565247584249852775e+00,1.788854381999831711e+00,4.472135954999579277e-01,1.118033988749894903e+00,8.944271909999158554e-01,-1.341640786499873839e+00,8.944271909999158554e-01,8.944271909999158554e-01,0.000000000000000000e+00,-1.341640786499873839e+00,-2.012461179749810647e+00,-1.565247584249852775e+00,-1.341640786499873839e+00,1.341640786499873839e+00,6.708203932499369193e-01,-6.708203932499369193e-01,-8.944271909999158554e-01,4.472135954999579277e-01,1.341640786499873839e+00,1.341640786499873839e+00,3.130495168499705549e+00,3.130495168499705549e+00,2.683281572999747677e+00,2.459674775249768519e+00,8.944271909999158554e-01,2.236067977499789639e-01,-4.472135954999579277e-01,-6.708203932499369193e-01,-1.341640786499873839e+00,1.341640786499873839e+00,1.788854381999831711e+00,8.944271909999158554e-01,-2.236067977499789639e-01,-1.565247584249852775e+00,-2.683281572999747677e+00,-2.012461179749810647e+00,-2.683281572999747677e+00,-6.708203932499369193e-01,-8.944271909999158554e-01,-1.118033988749894903e+00,8.944271909999158554e-01,1.341640786499873839e+00,2.906888370749726391e+00,1.341640786499873839e+00,4.472135954999579277e-01,4.472135954999579277e-01,2.906888370749726391e+00,3.130495168499705549e+00,2.012461179749810647e+00,2.012461179749810647e+00,4.472135954999579277e-01,-1.341640786499873839e+00,-1.341640786499873839e+00,-8.944271909999158554e-01,-6.708203932499369193e-01,-2.012461179749810647e+00,-3.130495168499705549e+00,-4.695742752749557880e+00,-3.577708763999663422e+00,0.000000000000000000e+00,-1.565247584249852775e+00,0.000000000000000000e+00,-6.708203932499369193e-01,1.341640786499873839e+00,1.118033988749894903e+00,1.788854381999831711e+00,6.708203932499369193e-01,8.944271909999158554e-01,1.118033988749894903e+00,1.788854381999831711e+00,-1.118033988749894903e+00,0.000000000000000000e+00,-1.341640786499873839e+00,-1.118033988749894903e+00,0.000000000000000000e+00,8.944271909999158554e-01,2.012461179749810647e+00,2.906888370749726391e+00,2.459674775249768519e+00,3.354101966249684263e+00,3.130495168499705549e+00,2.012461179749810647e+00,1.565247584249852775e+00,4.472135954999579277e-01,-8.944271909999158554e-01,8.944271909999158554e-01,2.012461179749810647e+00,1.341640786499873839e+00,6.708203932499369193e-01,0.000000000000000000e+00,2.236067977499789639e-01,-8.944271909999158554e-01,-6.708203932499369193e-01,-1.118033988749894903e+00,-1.788854381999831711e+00,-2.683281572999747677e+00,-2.236067977499789805e+00,-2.459674775249768519e+00,-4.024922359499621294e+00,-4.248529157249600452e+00,-2.683281572999747677e+00,-2.459674775249768519e+00,-2.906888370749726391e+00,-1.565247584249852775e+00,-4.472135954999579277e-01,0.000000000000000000e+00,-1.788854381999831711e+00,-4.472135954999579277e-01,-4.472135954999579277e-01,-4.472135954999579277e-01,1.341640786499873839e+00,2.236067977499789805e+00,2.459674775249768519e+00,1.341640786499873839e+00,2.236067977499789639e-01,-2.236067977499789639e-01,8.944271909999158554e-01,2.236067977499789805e+00,2.683281572999747677e+00,3.577708763999663422e+00,3.130495168499705549e+00,2.683281572999747677e+00,2.236067977499789805e+00,2.683281572999747677e+00,3.354101966249684263e+00,1.565247584249852775e+00,2.906888370749726391e+00,3.354101966249684263e+00,2.906888370749726391e+00,1.118033988749894903e+00,0.000000000000000000e+00,1.788854381999831711e+00,1.118033988749894903e+00,-8.944271909999158554e-01,-4.472135954999579277e-01,-1.788854381999831711e+00,-2.012461179749810647e+00,0.000000000000000000e+00,-4.472135954999579277e-01,6.708203932499369193e-01,-6.708203932499369193e-01,-4.472135954999579277e-01,4.472135954999579277e-01,1.341640786499873839e+00,-1.118033988749894903e+00,-1.788854381999831711e+00,-3.577708763999663422e+00,-4.919349550499537038e+00,-3.130495168499705549e+00,-3.130495168499705549e+00,-2.906888370749726391e+00,-2.459674775249768519e+00,-3.577708763999663422e+00,-4.024922359499621294e+00,-4.024922359499621294e+00,-4.919349550499537038e+00,-5.590169943749473624e+00,-5.590169943749473624e+00,-7.379024325749306001e+00,-5.813776741499452783e+00,-4.695742752749557880e+00,-6.260990336999411099e+00,-6.037383539249431941e+00,-4.248529157249600452e+00,-3.354101966249684263e+00,-4.472135954999579610e+00,-4.248529157249600452e+00,-4.472135954999579610e+00,-3.130495168499705549e+00,2.236067977499789639e-01,-1.341640786499873839e+00,0.000000000000000000e+00,-8.944271909999158554e-01,-2.012461179749810647e+00,-2.459674775249768519e+00,-2.683281572999747677e+00,-2.236067977499789639e-01,0.000000000000000000e+00,-1.118033988749894903e+00,-6.708203932499369193e-01,-4.472135954999579277e-01,4.472135954999579277e-01,2.012461179749810647e+00,2.012461179749810647e+00,2.459674775249768519e+00,2.012461179749810647e+00,2.236067977499789805e+00,2.012461179749810647e+00,2.906888370749726391e+00,2.683281572999747677e+00,2.236067977499789805e+00,2.012461179749810647e+00,3.130495168499705549e+00,3.354101966249684263e+00,1.788854381999831711e+00,3.577708763999663422e+00,2.459674775249768519e+00,1.788854381999831711e+00,2.459674775249768519e+00,4.024922359499621294e+00,3.801315561749642136e+00,2.683281572999747677e+00,2.459674775249768519e+00,2.012461179749810647e+00,8.944271909999158554e-01,4.472135954999579277e-01,-1.118033988749894903e+00,-2.012461179749810647e+00,-2.906888370749726391e+00,-4.024922359499621294e+00,-5.366563145999495354e+00,-6.037383539249431941e+00,-5.813776741499452783e+00,-4.695742752749557880e+00,-6.260990336999411099e+00,-5.590169943749473624e+00,-4.695742752749557880e+00,-3.130495168499705549e+00,-2.906888370749726391e+00,-4.472135954999579610e+00,-2.683281572999747677e+00,-2.236067977499789805e+00,-2.459674775249768519e+00,-2.906888370749726391e+00,-2.683281572999747677e+00,-1.341640786499873839e+00,-1.788854381999831711e+00,-1.118033988749894903e+00,-1.565247584249852775e+00,-6.708203932499369193e-01,-1.341640786499873839e+00,-6.708203932499369193e-01,-6.708203932499369193e-01,4.472135954999579277e-01,4.472135954999579277e-01,1.565247584249852775e+00,2.236067977499789639e-01,-1.565247584249852775e+00,-1.341640786499873839e+00,4.472135954999579277e-01,-1.118033988749894903e+00,-1.341640786499873839e+00,-3.354101966249684263e+00,-2.459674775249768519e+00,-2.236067977499789805e+00,-2.012461179749810647e+00,-3.130495168499705549e+00,-2.459674775249768519e+00,-1.565247584249852775e+00,-2.459674775249768519e+00,-2.906888370749726391e+00,-2.459674775249768519e+00,-1.565247584249852775e+00,-2.012461179749810647e+00,-3.801315561749642136e+00,-2.683281572999747677e+00,-3.130495168499705549e+00,0.000000000000000000e+00,-2.236067977499789639e-01,1.341640786499873839e+00,1.341640786499873839e+00,-1.118033988749894903e+00,4.472135954999579277e-01,6.708203932499369193e-01,-1.341640786499873839e+00,-8.944271909999158554e-01,-2.012461179749810647e+00,-6.708203932499369193e-01,-2.236067977499789639e-01,-4.472135954999579277e-01,-1.565247584249852775e+00,-1.788854381999831711e+00,-8.944271909999158554e-01,-2.236067977499789805e+00,-4.472135954999579277e-01,-4.472135954999579277e-01,-8.944271909999158554e-01,6.708203932499369193e-01,2.683281572999747677e+00,2.236067977499789639e-01,-2.459674775249768519e+00,2.236067977499789639e-01,1.565247584249852775e+00,1.788854381999831711e+00,8.944271909999158554e-01,8.944271909999158554e-01,0.000000000000000000e+00,-2.012461179749810647e+00,-3.354101966249684263e+00,-3.354101966249684263e+00,-1.341640786499873839e+00,-1.118033988749894903e+00,6.708203932499369193e-01,-6.708203932499369193e-01,-2.236067977499789639e-01,-8.944271909999158554e-01,2.236067977499789639e-01,1.118033988749894903e+00,1.341640786499873839e+00,-4.472135954999579277e-01,-4.472135954999579277e-01,8.944271909999158554e-01,4.472135954999579277e-01,1.565247584249852775e+00,8.944271909999158554e-01,2.236067977499789639e-01,2.459674775249768519e+00,4.248529157249600452e+00,3.801315561749642136e+00,3.130495168499705549e+00,2.683281572999747677e+00,2.236067977499789805e+00,1.341640786499873839e+00,8.944271909999158554e-01,1.118033988749894903e+00,3.577708763999663422e+00,4.024922359499621294e+00,2.906888370749726391e+00,8.944271909999158554e-01,2.906888370749726391e+00,3.354101966249684263e+00,2.236067977499789805e+00,3.130495168499705549e+00,2.012461179749810647e+00,6.708203932499369193e-01,0.000000000000000000e+00,1.118033988749894903e+00,-2.012461179749810647e+00,-1.565247584249852775e+00,-6.708203932499369193e-01,2.236067977499789639e-01,-1.341640786499873839e+00,-2.236067977499789639e-01,-2.236067977499789805e+00,-2.236067977499789805e+00,-2.012461179749810647e+00,-2.012461179749810647e+00,-2.012461179749810647e+00,-1.341640786499873839e+00,-2.236067977499789639e-01,2.236067977499789639e-01,-4.472135954999579277e-01,2.236067977499789639e-01,6.708203932499369193e-01,-1.118033988749894903e+00,-6.708203932499369193e-01,-2.906888370749726391e+00,-3.130495168499705549e+00,-2.459674775249768519e+00,-2.459674775249768519e+00,-2.236067977499789805e+00,-6.708203932499369193e-01,-2.683281572999747677e+00,-2.683281572999747677e+00,-2.459674775249768519e+00,-4.472135954999579277e-01,-4.472135954999579277e-01,1.341640786499873839e+00,4.472135954999579277e-01,-4.472135954999579277e-01,6.708203932499369193e-01,-1.118033988749894903e+00,-6.708203932499369193e-01,-2.459674775249768519e+00,-4.472135954999579277e-01,0.000000000000000000e+00,1.341640786499873839e+00,-8.944271909999158554e-01,-2.236067977499789805e+00,-3.354101966249684263e+00,-2.906888370749726391e+00,-3.354101966249684263e+00,-3.130495168499705549e+00,-2.683281572999747677e+00,-2.683281572999747677e+00,-3.801315561749642136e+00,-1.788854381999831711e+00,-1.118033988749894903e+00,-2.683281572999747677e+00,0.000000000000000000e+00,-6.708203932499369193e-01,6.708203932499369193e-01,1.118033988749894903e+00,8.944271909999158554e-01,2.012461179749810647e+00,2.012461179749810647e+00,3.130495168499705549e+00,2.459674775249768519e+00,2.012461179749810647e+00,2.236067977499789805e+00,2.012461179749810647e+00,2.012461179749810647e+00,2.459674775249768519e+00,1.788854381999831711e+00,1.341640786499873839e+00,1.565247584249852775e+00,-1.565247584249852775e+00,-2.236067977499789639e-01,-8.944271909999158554e-01,-8.944271909999158554e-01,-2.012461179749810647e+00,-1.788854381999831711e+00,-2.459674775249768519e+00,-3.354101966249684263e+00,-2.236067977499789805e+00,-2.012461179749810647e+00,-1.565247584249852775e+00,-2.683281572999747677e+00,-2.906888370749726391e+00,-3.354101966249684263e+00,-2.683281572999747677e+00,-2.459674775249768519e+00,-3.130495168499705549e+00,-3.354101966249684263e+00,-2.906888370749726391e+00,-2.236067977499789805e+00,-6.708203932499369193e-01,8.944271909999158554e-01,2.012461179749810647e+00,1.118033988749894903e+00,0.000000000000000000e+00,-1.341640786499873839e+00,4.472135954999579277e-01,2.236067977499789639e-01,6.708203932499369193e-01
6.708203932499369193e-01,-1.788854381999831711e+00,-2.906888370749726391e+00,-2.236067977499789639e-01,1.341640786499873839e+00,-8.944271909999158554e-01,6.708203932499369193e-01,8.944271909999158554e-01,2.236067977499789639e-01,1.341640786499873839e+00,6.708203932499369193e-01,1.118033988749894903e+00,1.118033988749894903e+00,-1.118033988749894903e+00,-1.788854381999831711e+00,-1.565247584249852775e+00,-1.788854381999831711e+00,-1.788854381999831711e+00,-2.012461179749810647e+00,-1.565247584249852775e+00,-2.236067977499789639e-01,-1.565247584249852775e+00,-4.472135954999579277e-01,-2.236067977499789639e-01,-4.472135954999579277e-01,-2.236067977499789639e-01,4.472135954999579277e-01,-8.944271909999158554e-01,-4.472135954999579277e-01,-2.683281572999747677e+00,-4.024922359499621294e+00,-4.472135954999579277e-01,-2.236067977499789639e-01,-4.472135954999579277e-01,1.565247584249852775e+00,5.142956348249516196e+00,4.472135954999579610e+00,4.695742752749557880e+00,2.459674775249768519e+00,2.906888370749726391e+00,4.695742752749557880e+00,4.695742752749557880e+00,3.130495168499705549e+00,1.118033988749894903e+00,6.708203932499369193e-01,-1.341640786499873839e+00,-4.248529157249600452e+00,-5.366563145999495354e+00,-4.472135954999579610e+00,-5.142956348249516196e+00,-3.577708763999663422e+00,-4.248529157249600452e+00,-3.577708763999663422e+00,-5.366563145999495354e+00,-5.142956348249516196e+00,-3.130495168499705549e+00,-4.472135954999579277e-01,-6.708203932499369193e-01,-8.944271909999158554e-01,8.944271909999158554e-01,8.944271909999158554e-01,2.236067977499789639e-01,0.000000000000000000e+00,0.000000000000000000e+00,2.236067977499789639e-01,1.341640786499873839e+00,1.565247584249852775e+00,3.577708763999663422e+00,3.130495168499705549e+00,6.708203932499369193e-01,2.236067977499789805e+00,3.801315561749642136e+00,2.906888370749726391e+00,4.472135954999579610e+00,4.024922359499621294e+00,4.024922359499621294e+00,4.472135954999579610e+00,4.472135954999579610e+00,7.602631123499284271e+00,8.273451516749220858e+00,8.273451516749220858e+00,6.037383539249431941e+00,3.354101966249684263e+00,3.577708763999663422e+00,3.130495168499705549e+00,4.695742752749557880e+00,4.248529157249600452e+00,5.590169943749473624e+00,4.024922359499621294e+00,2.683281572999747677e+00,3.130495168499705549e+00,-2.236067977499789639e-01,-6.708203932499369193e-01,2.459674775249768519e+00,4.024922359499621294e+00,2.459674775249768519e+00,1.118033988749894903e+00,1.565247584249852775e+00,2.236067977499789805e+00,2.906888370749726391e+00,3.354101966249684263e+00,2.683281572999747677e+00,2.906888370749726391e+00,2.906888370749726391e+00,2.906888370749726391e+00,4.024922359499621294e+00,4.472135954999579610e+00,3.130495168499705549e+00,4.024922359499621294e+00,5.366563145999495354e+00,4.472135954999579610e+00,2.459674775249768519e+00,1.341640786499873839e+00,2.906888370749726391e+00,5.590169943749473624e+00,2.906888370749726391e+00,2.459674775249768519e+00,1.788854381999831711e+00,1.341640786499873839e+00,6.708203932499369193e-01,1.118033988749894903e+00,1.118033988749894903e+00,4.472135954999579277e-01,4.472135954999579277e-01,6.708203932499369193e-01,-4.472135954999579277e-01,-1.118033988749894903e+00,-1.788854381999831711e+00,-1.118033988749894903e+00,-8.944271909999158554e-01,-6.708203932499369193e-01,-4.472135954999579277e-01,1.118033988749894903e+00,2.012461179749810647e+00,1.118033988749894903e+00,-1.341640786499873839e+00,-2.906888370749726391e+00,-2.236067977499789805e+00,-1.788854381999831711e+00,-2.012461179749810647e+00,-1.118033988749894903e+00,-2.236067977499789639e-01,-2.236067977499789639e-01,-4.472135954999579277e-01,-2.236067977499789639e-01,-4.472135954999579277e-01,-2.236067977499789639e-01,6.708203932499369193e-01,-6.708203932499369193e-01,3.354101966249684263e+00,2.906888370749726391e+00,3.130495168499705549e+00,8.944271909999158554e-01,2.236067977499789805e+00,8.944271909999158554e-01,1.341640786499873839e+00,2.683281572999747677e+00,5.142956348249516196e+00,8.273451516749220858e+00,7.826237921249263430e+00,7.155417527999326843e+00,6.931810730249347685e+00,6.708203932499368527e+00,7.602631123499284271e+00,6.260990336999411099e+00,7.379024325749306001e+00,6.260990336999411099e+00,4.919349550499537038e+00,6.708203932499368527e+00,5.813776741499452783e+00,6.931810730249347685e+00,7.602631123499284271e+00,7.826237921249263430e+00,8.049844718999242588e+00,6.484597134749389369e+00,6.260990336999411099e+00,4.472135954999579610e+00,5.366563145999495354e+00,4.695742752749557880e+00,3.577708763999663422e+00,4.919349550499537038e+00,3.801315561749642136e+00,2.906888370749726391e+00,-2.236067977499789639e-01,4.472135954999579277e-01,-2.236067977499789639e-01,-2.236067977499789639e-01,-4.472135954999579277e-01,0.000000000000000000e+00,6.708203932499369193e-01,-2.012461179749810647e+00,-1.788854381999831711e+00,-1.565247584249852775e+00,-1.788854381999831711e+00,2.236067977499789639e-01,4.472135954999579277e-01,0.000000000000000000e+00,1.341640786499873839e+00,1.118033988749894903e+00,2.236067977499789805e+00,-8.944271909999158554e-01,-1.341640786499873839e+00,-8.944271909999158554e-01,-1.118033988749894903e+00,-1.788854381999831711e+00,-1.788854381999831711e+00,-2.906888370749726391e+00,-3.577708763999663422e+00,-5.142956348249516196e+00,-2.683281572999747677e+00,-3.130495168499705549e+00,-3.354101966249684263e+00,-3.577708763999663422e+00,-3.801315561749642136e+00,-4.472135954999579610e+00,-3.130495168499705549e+00,-4.248529157249600452e+00,-3.577708763999663422e+00,-4.248529157249600452e+00,-2.906888370749726391e+00,-4.024922359499621294e+00,-2.683281572999747677e+00,-3.354101966249684263e+00,-3.130495168499705549e+00,-1.788854381999831711e+00,-8.944271909999158554e-01,4.472135954999579277e-01,-6.708203932499369193e-01,-2.906888370749726391e+00,-1.565247584249852775e+00,-1.565247584249852775e+00,-2.012461179749810647e+00,-2.236067977499789805e+00,-2.012461179749810647e+00,-2.012461179749810647e+00,-1.341640786499873839e+00,-1.341640786499873839e+00,4.472135954999579277e-01,0.000000000000000000e+00,6.708203932499369193e-01,6.708203932499369193e-01,6.708203932499369193e-01,2.683281572999747677e+00,2.683281572999747677e+00,2.906888370749726391e+00,3.354101966249684263e+00,3.801315561749642136e+00,3.354101966249684263e+00,3.130495168499705549e+00,3.130495168499705549e+00,1.565247584249852775e+00,2.906888370749726391e+00,4.248529157249600452e+00,4.024922359499621294e+00,2.459674775249768519e+00,3.354101966249684263e+00,3.354101966249684263e+00,1.788854381999831711e+00,8.944271909999158554e-01,1.341640786499873839e+00,0.000000000000000000e+00,2.236067977499789639e-01,2.459674775249768519e+00,3.577708763999663422e+00,5.142956348249516196e+00,4.472135954999579610e+00,6.931810730249347685e+00,4.695742752749557880e+00,4.024922359499621294e+00,2.459674775249768519e+00,2.683281572999747677e+00,2.906888370749726391e+00,2.459674775249768519e+00,4.472135954999579610e+00,4.024922359499621294e+00,5.590169943749473624e+00,6.037383539249431941e+00,6.931810730249347685e+00,4.919349550499537038e+00,4.024922359499621294e+00,4.024922359499621294e+00,4.695742752749557880e+00,4.024922359499621294e+00,1.565247584249852775e+00,0.000000000000000000e+00,2.236067977499789639e-01,6.708203932499369193e-01,0.000000000000000000e+00,-1.788854381999831711e+00,0.000000000000000000e+00,2.236067977499789639e-01,2.236067977499789639e-01,-8.944271909999158554e-01,-2.012461179749810647e+00,-2.906888370749726391e+00,-2.012461179749810647e+00,-1.788854381999831711e+00,-1.118033988749894903e+00,-1.565247584249852775e+00,4.472135954999579277e-01,-2.683281572999747677e+00,-2.012461179749810647e+00,-4.695742752749557880e+00,-4.919349550499537038e+00,-4.248529157249600452e+00,-6.484597134749389369e+00,-6.260990336999411099e+00,-5.813776741499452783e+00,-6.484597134749389369e+00,-6.484597134749389369e+00,-8.944271909999159220e+00,-9.391485505499115760e+00,-8.273451516749220858e+00,-8.944271909999159220e+00,-7.379024325749306001e+00,-8.720665112249179174e+00,-9.167878707749137490e+00,-9.615092303249095806e+00,-1.140394668524892730e+01,-1.229837387624884215e+01,-1.028591269649903239e+01,-1.073312629199899071e+01,-9.615092303249095806e+00,-9.838699100999074076e+00,-9.615092303249095806e+00,-1.140394668524892730e+01,-1.140394668524892730e+01,-1.028591269649903239e+01,-8.944271909999159220e+00,-7.826237921249263430e+00,-7.155417527999326843e+00,-6.484597134749389369e+00,-6.708203932499368527e+00,-6.484597134749389369e+00,-8.049844718999242588e+00,-6.931810730249347685e+00,-7.379024325749306001e+00,-5.813776741499452783e+00,-3.577708763999663422e+00,-8.944271909999158554e-01,-4.472135954999579277e-01,-8.944271909999158554e-01,-1.118033988749894903e+00,6.708203932499369193e-01,1.788854381999831711e+00,1.788854381999831711e+00,5.366563145999495354e+00,3.577708763999663422e+00,4.472135954999579610e+00,2.012461179749810647e+00,6.708203932499369193e-01,-8.944271909999158554e-01,2.236067977499789639e-01,-2.236067977499789639e-01,-8.944271909999158554e-01,8.944271909999158554e-01,2.236067977499789805e+00,4.472135954999579277e-01,-2.236067977499789639e-01,-1.118033988749894903e+00,-1.341640786499873839e+00,-1.565247584249852775e+00,1.341640786499873839e+00,1.341640786499873839e+00,4.472135954999579277e-01,-8.944271909999158554e-01,-2.236067977499789805e+00,-2.236067977499789805e+00,-1.565247584249852775e+00,-1.341640786499873839e+00,-1.118033988749894903e+00,-8.944271909999158554e-01,1.341640786499873839e+00,6.708203932499369193e-01,4.472135954999579277e-01,1.118033988749894903e+00,2.012461179749810647e+00,1.565247584249852775e+00,0.000000000000000000e+00,-1.341640786499873839e+00,-1.118033988749894903e+00,-2.236067977499789639e-01,1.341640786499873839e+00,1.788854381999831711e+00,1.118033988749894903e+00,1.341640786499873839e+00,1.788854381999831711e+00,1.788854381999831711e+00,2.012461179749810647e+00,4.248529157249600452e+00,4.472135954999579610e+00,5.142956348249516196e+00,4.695742752749557880e+00,5.142956348249516196e+00,6.260990336999411099e+00,7.155417527999326843e+00,5.813776741499452783e+00,4.248529157249600452e+00,2.906888370749726391e+00,1.118033988749894903e+00,6.708203932499369193e-01,2.236067977499789639e-01,2.236067977499789639e-01,4.472135954999579277e-01,-1.118033988749894903e+00,-6.708203932499369193e-01,-1.118033988749894903e+00,-1.565247584249852775e+00,0.000000000000000000e+00,8.944271909999158554e-01,-4.472135954999579277e-01,1.341640786499873839e+00,4.472135954999579277e-01,2.459674775249768519e+00,2.236067977499789805e+00,1.565247584249852775e+00,3.354101966249684263e+00,2.236067977499789805e+00,1.788854381999831711e+00,2.012461179749810647e+00,0.000000000000000000e+00,8.944271909999158554e-01,2.236067977499789639e-01,-1.341640786499873839e+00,-1.565247584249852775e+00,-2.459674775249768519e+00,-1.565247584249852775e+00,-2.906888370749726391e+00,-2.012461179749810647e+00,-1.788854381999831711e+00,-8.944271909999158554e-01,0.000000000000000000e+00,6.708203932499369193e-01,1.788854381999831711e+00,3.577708763999663422e+00,5.813776741499452783e+00,7.155417527999326843e+00,7.155417527999326843e+00,7.379024325749306001e+00,7.379024325749306001e+00,6.260990336999411099e+00,8.049844718999242588e+00,7.826237921249263430e+00,8.049844718999242588e+00,9.838699100999074076e+00,1.006230589874905235e+01,8.497058314499200904e+00,8.273451516749220858e+00,8.944271909999159220e+00,7.379024325749306001e+00,7.155417527999326843e+00,4.472135954999579610e+00,2.012461179749810647e+00,3.577708763999663422e+00,4.248529157249600452e+00,5.366563145999495354e+00,5.142956348249516196e+00,5.366563145999495354e+00,2.236067977499789805e+00,3.354101966249684263e+00,1.788854381999831711e+00,8.944271909999158554e-01,3.577708763999663422e+00,4.248529157249600452e+00,4.472135954999579610e+00,6.708203932499369193e-01,2.236067977499789639e-01,-2.236067977499789639e-01,4.472135954999579277e-01,1.341640786499873839e+00,8.944271909999158554e-01,6.708203932499369193e-01,2.236067977499789639e-01,4.472135954999579277e-01,1.118033988749894903e+00,2.236067977499789639e-01,2.236067977499789805e+00,1.341640786499873839e+00,1.341640786499873839e+00,0.000000000000000000e+00,-4.472135954999579277e-01,-6.708203932499369193e-01,-2.459674775249768519e+00,-4.472135954999579277e-01,-1.341640786499873839e+00,-6.708203932499369193e-01,-6.708203932499369193e-01,-1.118033988749894903e+00,4.472135954999579277e-01,-8.944271909999158554e-01,2.236067977499789639e-01,0.000000000000000000e+00,4.472135954999579277e-01,1.565247584249852775e+00,2.236067977499789639e-01,-1.341640786499873839e+00,-1.565247584249852775e+00,-2.236067977499789639e-01,-2.236067977499789639e-01,-2.906888370749726391e+00
1.341640786499873839e+00,-2.236067977499789639e-01,-1.341640786499873839e+00,-1.118033988749894903e+00,-4.919349550499537038e+00,-4.919349550499537038e+00,-4.919349550499537038e+00,-5.142956348249516196e+00,-3.354101966249684263e+00,-3.801315561749642136e+00,-1.341640786499873839e+00,-2.459674775249768519e+00,-2.236067977499789805e+00,-1.565247584249852775e+00,-2.012461179749810647e+00,-3.577708763999663422e+00,-2.683281572999747677e+00,-3.577708763999663422e+00,-2.459674775249768519e+00,-1.565247584249852775e+00,-6.708203932499369193e-01,-8.944271909999158554e-01,-1.118033988749894903e+00,-1.788854381999831711e+00,-2.236067977499789805e+00,-1.565247584249852775e+00,-1.341640786499873839e+00,-2.683281572999747677e+00,-3.130495168499705549e+00,-3.577708763999663422e+00,-4.919349550499537038e+00,-6.037383539249431941e+00,-6.260990336999411099e+00,-6.484597134749389369e+00,-8.273451516749220858e+00,-7.826237921249263430e+00,-6.484597134749389369e+00,-5.813776741499452783e+00,-5.142956348249516196e+00,-5.142956348249516196e+00,-4.024922359499621294e+00,-4.248529157249600452e+00,-6.037383539249431941e+00,-5.366563145999495354e+00,-4.472135954999579610e+00,-5.813776741499452783e+00,-6.708203932499368527e+00,-6.931810730249347685e+00,-5.813776741499452783e+00,-5.813776741499452783e+00,-4.472135954999579610e+00,-5.142956348249516196e+00,-2.906888370749726391e+00,-5.142956348249516196e+00,-4.024922359499621294e+00,-5.142956348249516196e+00,-4.695742752749557880e+00,-3.801315561749642136e+00,-3.577708763999663422e+00,-3.577708763999663422e+00,-2.236067977499789805e+00,-2.012461179749810647e+00,-2.906888370749726391e+00,-2.236067977499789805e+00,-1.341640786499873839e+00,1.118033988749894903e+00,2.236067977499789639e-01,-2.236067977499789639e-01,2.236067977499789639e-01,0.000000000000000000e+00,-6.708203932499369193e-01,-1.565247584249852775e+00,-4.024922359499621294e+00,-5.142956348249516196e+00,-4.024922359499621294e+00,-4.919349550499537038e+00,-5.590169943749473624e+00,-4.695742752749557880e+00,-5.366563145999495354e+00,-2.906888370749726391e+00,-2.906888370749726391e+00,-2.683281572999747677e+00,-4.024922359499621294e+00,-2.683281572999747677e+00,-2.236067977499789639e-01,2.236067977499789639e-01,2.236067977499789805e+00,3.130495168499705549e+00,4.472135954999579277e-01,8.944271909999158554e-01,1.118033988749894903e+00,1.788854381999831711e+00,2.012461179749810647e+00,8.944271909999158554e-01,6.708203932499369193e-01,-2.236067977499789639e-01,-4.472135954999579277e-01,-1.565247584249852775e+00,-1.341640786499873839e+00,-1.118033988749894903e+00,4.472135954999579277e-01,0.000000000000000000e+00,-1.118033988749894903e+00,-2.236067977499789639e-01,2.236067977499789639e-01,-2.236067977499789639e-01,8.944271909999158554e-01,4.472135954999579277e-01,-4.472135954999579277e-01,2.236067977499789639e-01,1.341640786499873839e+00,1.341640786499873839e+00,0.000000000000000000e+00,2.012461179749810647e+00,2.906888370749726391e+00,2.236067977499789639e-01,2.236067977499789639e-01,4.472135954999579277e-01,-6.708203932499369193e-01,-1.118033988749894903e+00,-2.236067977499789639e-01,1.118033988749894903e+00,1.341640786499873839e+00,4.472135954999579277e-01,-6.708203932499369193e-01,-6.708203932499369193e-01,-4.472135954999579277e-01,2.683281572999747677e+00,1.788854381999831711e+00,2.459674775249768519e+00,1.341640786499873839e+00,1.565247584249852775e+00,3.354101966249684263e+00,2.459674775249768519e+00,3.130495168499705549e+00,3.801315561749642136e+00,-4.472135954999579277e-01,-4.472135954999579277e-01,-6.708203932499369193e-01,0.000000000000000000e+00,6.708203932499369193e-01,4.472135954999579277e-01,-6.708203932499369193e-01,-6.708203932499369193e-01,2.236067977499789639e-01,4.472135954999579277e-01,-2.236067977499789639e-01,0.000000000000000000e+00,4.472135954999579277e-01,6.708203932499369193e-01,0.000000000000000000e+00,2.236067977499789639e-01,0.000000000000000000e+00,1.341640786499873839e+00,3.577708763999663422e+00,2.012461179749810647e+00,-6.708203932499369193e-01,6.708203932499369193e-01,1.565247584249852775e+00,1.565247584249852775e+00,2.459674775249768519e+00,8.944271909999158554e-01,4.472135954999579277e-01,8.944271909999158554e-01,-4.472135954999579277e-01,-2.012461179749810647e+00,-2.236067977499789639e-01,-8.944271909999158554e-01,-1.565247584249852775e+00,2.236067977499789639e-01,2.236067977499789639e-01,-4.472135954999579277e-01,-1.565247584249852775e+00,-3.577708763999663422e+00,-2.236067977499789805e+00,-3.130495168499705549e+00,-2.683281572999747677e+00,-2.683281572999747677e+00,-2.683281572999747677e+00,-1.341640786499873839e+00,-2.236067977499789805e+00,-2.012461179749810647e+00,-1.565247584249852775e+00,-2.459674775249768519e+00,-3.130495168499705549e+00,-2.012461179749810647e+00,-2.236067977499789805e+00,-3.354101966249684263e+00,-2.906888370749726391e+00,-3.801315561749642136e+00,-3.130495168499705549e+00,-4.472135954999579277e-01,-3.577708763999663422e+00,-1.788854381999831711e+00,-2.236067977499789805e+00,-4.472135954999579277e-01,-1.118033988749894903e+00,1.341640786499873839e+00,4.472135954999579277e-01,8.944271909999158554e-01,1.341640786499873839e+00,-8.944271909999158554e-01,-2.459674775249768519e+00,-8.944271909999158554e-01,-2.236067977499789805e+00,-2.236067977499789805e+00,-4.472135954999579277e-01,-1.788854381999831711e+00,-6.708203932499369193e-01,-2.236067977499789639e-01,1.565247584249852775e+00,1.788854381999831711e+00,6.708203932499369193e-01,2.236067977499789805e+00,1.565247584249852775e+00,-2.236067977499789639e-01,-6.708203932499369193e-01,-2.236067977499789639e-01,0.000000000000000000e+00,6.708203932499369193e-01,2.012461179749810647e+00,2.236067977499789805e+00,2.012461179749810647e+00,2.236067977499789639e-01,4.472135954999579277e-01,2.459674775249768519e+00,3.130495168499705549e+00,4.472135954999579610e+00,5.366563145999495354e+00,5.590169943749473624e+00,3.577708763999663422e+00,3.130495168499705549e+00,5.590169943749473624e+00,3.577708763999663422e+00,2.459674775249768519e+00,1.118033988749894903e+00,3.801315561749642136e+00,2.012461179749810647e+00,6.708203932499369193e-01,3.577708763999663422e+00,3.801315561749642136e+00,2.012461179749810647e+00,2.683281572999747677e+00,1.565247584249852775e+00,2.012461179749810647e+00,2.236067977499789805e+00,2.236067977499789805e+00,3.130495168499705549e+00,3.801315561749642136e+00,2.236067977499789805e+00,3.354101966249684263e+00,8.944271909999158554e-01,2.236067977499789805e+00,8.944271909999158554e-01,-6.708203932499369193e-01,-4.472135954999579277e-01,-2.236067977499789639e-01,1.118033988749894903e+00,1.341640786499873839e+00,1.341640786499873839e+00,2.459674775249768519e+00,2.236067977499789805e+00,1.788854381999831711e+00,8.944271909999158554e-01,1.118033988749894903e+00,1.788854381999831711e+00,2.012461179749810647e+00,6.708203932499369193e-01,4.472135954999579277e-01,-4.472135954999579277e-01,1.118033988749894903e+00,1.118033988749894903e+00,4.472135954999579277e-01,-8.944271909999158554e-01,-1.118033988749894903e+00,-1.788854381999831711e+00,-6.708203932499369193e-01,-1.788854381999831711e+00,-2.012461179749810647e+00,-8.944271909999158554e-01,2.236067977499789639e-01,1.118033988749894903e+00,-8.944271909999158554e-01,-4.472135954999579277e-01,1.341640786499873839e+00,6.708203932499369193e-01,-1.565247584249852775e+00,-2.459674775249768519e+00,-2.236067977499789805e+00,-1.341640786499873839e+00,2.236067977499789639e-01,4.472135954999579277e-01,2.236067977499789639e-01,-2.236067977499789639e-01,0.000000000000000000e+00,6.708203932499369193e-01,4.472135954999579277e-01,8.944271909999158554e-01,2.012461179749810647e+00,6.708203932499369193e-01,2.236067977499789639e-01,-2.906888370749726391e+00,-3.130495168499705549e+00,-2.459674775249768519e+00,-2.459674775249768519e+00,-2.906888370749726391e+00,-2.236067977499789805e+00,-1.565247584249852775e+00,2.236067977499789639e-01,0.000000000000000000e+00,-6.708203932499369193e-01,-1.341640786499873839e+00,4.472135954999579277e-01,2.236067977499789639e-01,4.472135954999579277e-01,6.708203932499369193e-01,1.565247584249852775e+00,-2.236067977499789639e-01,2.236067977499789639e-01,-1.118033988749894903e+00,-2.236067977499789805e+00,-3.130495168499705549e+00,-1.788854381999831711e+00,-1.118033988749894903e+00,0.000000000000000000e+00,8.944271909999158554e-01,2.236067977499789639e-01,-1.341640786499873839e+00,-4.472135954999579277e-01,0.000000000000000000e+00,4.472135954999579277e-01,1.788854381999831711e+00,8.944271909999158554e-01,2.012461179749810647e+00,-1.118033988749894903e+00,-1.565247584249852775e+00,-3.354101966249684263e+00,-4.919349550499537038e+00,-5.366563145999495354e+00,-3.577708763999663422e+00,-4.248529157249600452e+00,-4.919349550499537038e+00,-5.142956348249516196e+00,-7.155417527999326843e+00,-6.708203932499368527e+00,-6.931810730249347685e+00,-5.813776741499452783e+00,-5.142956348249516196e+00,-5.590169943749473624e+00,-4.695742752749557880e+00,-3.801315561749642136e+00,-4.248529157249600452e+00,-3.577708763999663422e+00,-3.577708763999663422e+00,-3.354101966249684263e+00,-2.683281572999747677e+00,-4.248529157249600452e+00,-5.366563145999495354e+00,-4.024922359499621294e+00,-4.024922359499621294e+00,-4.024922359499621294e+00,-5.590169943749473624e+00,-4.024922359499621294e+00,-4.472135954999579610e+00,-3.801315561749642136e+00,-4.919349550499537038e+00,-6.708203932499368527e+00,-5.366563145999495354e+00,-5.590169943749473624e+00,-7.155417527999326843e+00,-4.024922359499621294e+00,-4.472135954999579610e+00,-4.472135954999579610e+00,-6.260990336999411099e+00,-4.919349550499537038e+00,-4.024922359499621294e+00,-3.801315561749642136e+00,-1.565247584249852775e+00,-1.788854381999831711e+00,-3.130495168499705549e+00,-6.708203932499369193e-01,2.236067977499789639e-01,4.472135954999579277e-01,1.341640786499873839e+00,6.708203932499369193e-01,2.459674775249768519e+00,2.236067977499789805e+00,2.012461179749810647e+00,2.459674775249768519e+00,2.012461179749810647e+00,3.354101966249684263e+00,3.130495168499705549e+00,2.236067977499789805e+00,1.118033988749894903e+00,-6.708203932499369193e-01,-4.472135954999579277e-01,-2.236067977499789639e-01,-2.236067977499789805e+00,-1.565247584249852775e+00,1.118033988749894903e+00,-2.236067977499789639e-01,0.000000000000000000e+00,0.000000000000000000e+00,1.788854381999831711e+00,1.565247584249852775e+00,4.024922359499621294e+00,4.695742752749557880e+00,4.919349550499537038e+00,6.484597134749389369e+00,4.024922359499621294e+00,2.906888370749726391e+00,2.906888370749726391e+00,2.683281572999747677e+00,4.248529157249600452e+00,3.801315561749642136e+00,3.577708763999663422e+00,2.906888370749726391e+00,8.944271909999158554e-01,1.118033988749894903e+00,8.944271909999158554e-01,2.683281572999747677e+00,3.130495168499705549e+00,5.366563145999495354e+00,5.366563145999495354e+00,4.919349550499537038e+00,3.577708763999663422e+00,2.683281572999747677e+00,3.130495168499705549e+00,8.944271909999158554e-01,2.683281572999747677e+00,2.012461179749810647e+00,3.801315561749642136e+00,8.944271909999158554e-01,4.472135954999579277e-01,4.472135954999579277e-01,8.944271909999158554e-01,1.118033988749894903e+00,-6.708203932499369193e-01,-1.565247584249852775e+00,8.944271909999158554e-01,2.236067977499789639e-01,6.708203932499369193e-01,1.341640786499873839e+00,1.118033988749894903e+00,-8.944271909999158554e-01,-1.341640786499873839e+00,-1.118033988749894903e+00,-1.341640786499873839e+00,4.472135954999579277e-01,6.708203932499369193e-01,-4.472135954999579277e-01,-1.341640786499873839e+00,-2.236067977499789805e+00,-2.459674775249768519e+00,-2.906888370749726391e+00,-4.024922359499621294e+00,-2.683281572999747677e+00,-2.683281572999747677e+00,-2.012461179749810647e+00,-2.683281572999747677e+00,-4.472135954999579610e+00,-5.366563145999495354e+00,-7.379024325749306001e+00,-4.472135954999579610e+00,-4.248529157249600452e+00,-3.130495168499705549e+00,0.000000000000000000e+00,4.472135954999579277e-01,-8.944271909999158554e-01,4.472135954999579277e-01,-2.236067977499789639e-01,-2.236067977499789639e-01,-1.118033988749894903e+00,-1.118033988749894903e+00,-1.118033988749894903e+00,-4.472135954999579277e-01,-6.708203932499369193e-01,-2.236067977499789639e-01,1.788854381999831711e+00,3.130495168499705549e+00,3.130495168499705549e+00,1.788854381999831711e+00,2.683281572999747677e+00,1.565247584249852775e+00,3.130495168499705549e+00,2.683281572999747677e+00,1.788854381999831711e+00,1.341640786499873839e+00,0.000000000000000000e+00,-1.565247584249852775e+00,-2.683281572999747677e+00,6.708203932499369193e-01,-4.472135954999579277e-01,6.708203932499369193e-01,-4.472135954999579277e-01,8.944271909999158554e-01,8.944271909999158554e-01,1.788854381999831711e+00,1.788854381999831711e+00,2.459674775249768519e+00
2.236067977499789805e+00,8.944271909999158554e-01,6.708203932499369193e-01,1.118033988749894903e+00,6.708203932499369193e-01,3.130495168499705549e+00,2.906888370749726391e+00,2.906888370749726391e+00,2.459674775249768519e+00,2.236067977499789805e+00,3.801315561749642136e+00,2.683281572999747677e+00,2.683281572999747677e+00,2.683281572999747677e+00,2.236067977499789805e+00,2.459674775249768519e+00,4.472135954999579277e-01,1.118033988749894903e+00,8.944271909999158554e-01,-4.472135954999579277e-01,2.236067977499789639e-01,4.472135954999579277e-01,-2.236067977499789805e+00,-2.459674775249768519e+00,-2.459674775249768519e+00,-2.683281572999747677e+00,-2.906888370749726391e+00,-2.236067977499789805e+00,-2.012461179749810647e+00,-1.565247584249852775e+00,2.236067977499789639e-01,2.683281572999747677e+00,4.024922359499621294e+00,2.906888370749726391e+00,6.708203932499369193e-01,0.000000000000000000e+00,-1.341640786499873839e+00,4.472135954999579277e-01,-4.472135954999579277e-01,6.708203932499369193e-01,4.472135954999579277e-01,2.236067977499789805e+00,4.024922359499621294e+00,4.024922359499621294e+00,1.118033988749894903e+00,6.708203932499369193e-01,-1.118033988749894903e+00,-1.341640786499873839e+00,-4.472135954999579277e-01,6.708203932499369193e-01,-1.118033988749894903e+00,-2.236067977499789639e-01,-2.236067977499789639e-01,2.236067977499789639e-01,0.000000000000000000e+00,1.565247584249852775e+00,6.708203932499369193e-01,1.118033988749894903e+00,1.788854381999831711e+00,8.944271909999158554e-01,8.944271909999158554e-01,-8.944271909999158554e-01,-3.354101966249684263e+00,-3.354101966249684263e+00,-6.708203932499369193e-01,-8.944271909999158554e-01,-2.459674775249768519e+00,-4.919349550499537038e+00,-4.024922359499621294e+00,-4.248529157249600452e+00,-3.354101966249684263e+00,-1.565247584249852775e+00,0.000000000000000000e+00,-1.341640786499873839e+00,-1.565247584249852775e+00,-1.118033988749894903e+00,-2.236067977499789639e-01,2.236067977499789639e-01,2.236067977499789639e-01,2.236067977499789639e-01,-1.341640786499873839e+00,-4.472135954999579277e-01,-1.118033988749894903e+00,6.708203932499369193e-01,2.236067977499789805e+00,3.354101966249684263e+00,3.801315561749642136e+00,5.366563145999495354e+00,3.577708763999663422e+00,3.354101966249684263e+00,5.813776741499452783e+00,5.813776741499452783e+00,6.037383539249431941e+00,4.695742752749557880e+00,3.801315561749642136e+00,4.248529157249600452e+00,5.142956348249516196e+00,5.366563145999495354e+00,3.577708763999663422e+00,4.919349550499537038e+00,4.024922359499621294e+00,6.708203932499368527e+00,5.813776741499452783e+00,6.260990336999411099e+00,5.590169943749473624e+00,6.037383539249431941e+00,4.472135954999579610e+00,5.142956348249516196e+00,4.919349550499537038e+00,4.695742752749557880e+00,6.037383539249431941e+00,6.484597134749389369e+00,4.919349550499537038e+00,7.379024325749306001e+00,7.602631123499284271e+00,7.826237921249263430e+00,7.379024325749306001e+00,7.155417527999326843e+00,6.708203932499368527e+00,7.826237921249263430e+00,8.049844718999242588e+00,6.260990336999411099e+00,3.577708763999663422e+00,2.459674775249768519e+00,6.708203932499369193e-01,2.236067977499789805e+00,8.944271909999158554e-01,-4.472135954999579277e-01,0.000000000000000000e+00,-2.906888370749726391e+00,-2.906888370749726391e+00,-3.801315561749642136e+00,-5.142956348249516196e+00,-4.472135954999579610e+00,-2.906888370749726391e+00,-4.248529157249600452e+00,-2.683281572999747677e+00,-1.341640786499873839e+00,-1.565247584249852775e+00,6.708203932499369193e-01,-2.236067977499789639e-01,-2.236067977499789639e-01,8.944271909999158554e-01,2.012461179749810647e+00,2.012461179749810647e+00,3.130495168499705549e+00,4.695742752749557880e+00,3.354101966249684263e+00,4.919349550499537038e+00,5.590169943749473624e+00,6.037383539249431941e+00,4.919349550499537038e+00,5.366563145999495354e+00,4.472135954999579610e+00,3.130495168499705549e+00,5.590169943749473624e+00,4.024922359499621294e+00,4.472135954999579610e+00,2.683281572999747677e+00,2.012461179749810647e+00,6.708203932499369193e-01,2.236067977499789639e-01,2.236067977499789639e-01,-6.708203932499369193e-01,-2.236067977499789639e-01,0.000000000000000000e+00,-4.472135954999579277e-01,4.472135954999579277e-01,1.118033988749894903e+00,1.341640786499873839e+00,8.944271909999158554e-01,8.944271909999158554e-01,8.944271909999158554e-01,1.565247584249852775e+00,0.000000000000000000e+00,-1.118033988749894903e+00,2.236067977499789639e-01,1.118033988749894903e+00,-4.472135954999579277e-01,-6.708203932499369193e-01,-2.236067977499789639e-01,1.118033988749894903e+00,1.565247584249852775e+00,2.236067977499789639e-01,-2.236067977499789639e-01,4.472135954999579277e-01,-1.118033988749894903e+00,4.472135954999579277e-01,8.944271909999158554e-01,1.565247584249852775e+00,6.708203932499369193e-01,-8.944271909999158554e-01,4.472135954999579277e-01,-8.944271909999158554e-01,-6.708203932499369193e-01,-2.683281572999747677e+00,-4.024922359499621294e+00,-4.919349550499537038e+00,-5.366563145999495354e+00,-4.919349550499537038e+00,-2.459674775249768519e+00,-4.248529157249600452e+00,-4.919349550499537038e+00,-4.919349550499537038e+00,-6.260990336999411099e+00,-6.708203932499368527e+00,-7.155417527999326843e+00,-7.379024325749306001e+00,-7.379024325749306001e+00,-5.142956348249516196e+00,-4.695742752749557880e+00,-4.472135954999579610e+00,-2.683281572999747677e+00,-2.683281572999747677e+00,-2.906888370749726391e+00,-2.236067977499789805e+00,-6.708203932499369193e-01,-1.341640786499873839e+00,-1.341640786499873839e+00,2.012461179749810647e+00,1.565247584249852775e+00,4.472135954999579277e-01,6.708203932499369193e-01,-2.236067977499789639e-01,8.944271909999158554e-01,1.565247584249852775e+00,1.565247584249852775e+00,8.944271909999158554e-01,4.472135954999579277e-01,3.130495168499705549e+00,3.130495168499705549e+00,3.801315561749642136e+00,3.577708763999663422e+00,1.565247584249852775e+00,6.708203932499369193e-01,-1.341640786499873839e+00,-3.354101966249684263e+00,-3.130495168499705549e+00,-3.801315561749642136e+00,-4.695742752749557880e+00,-3.130495168499705549e+00,-3.354101966249684263e+00,-3.577708763999663422e+00,-4.919349550499537038e+00,-3.801315561749642136e+00,-2.459674775249768519e+00,-2.906888370749726391e+00,-2.906888370749726391e+00,-6.708203932499369193e-01,0.000000000000000000e+00,-1.788854381999831711e+00,-8.944271909999158554e-01,1.341640786499873839e+00,1.118033988749894903e+00,-2.236067977499789639e-01,-2.236067977499789639e-01,8.944271909999158554e-01,2.683281572999747677e+00,0.000000000000000000e+00,-1.118033988749894903e+00,-1.341640786499873839e+00,-2.236067977499789639e-01,-3.354101966249684263e+00,-4.472135954999579610e+00,-1.565247584249852775e+00,4.472135954999579277e-01,-1.341640786499873839e+00,-2.236067977499789805e+00,-3.354101966249684263e+00,-2.906888370749726391e+00,-4.472135954999579610e+00,-6.037383539249431941e+00,-4.695742752749557880e+00,-5.590169943749473624e+00,-4.695742752749557880e+00,-6.708203932499368527e+00,-6.260990336999411099e+00,-4.695742752749557880e+00,-5.590169943749473624e+00,-2.906888370749726391e+00,-3.577708763999663422e+00,-4.248529157249600452e+00,-4.248529157249600452e+00,-2.236067977499789805e+00,-1.341640786499873839e+00,2.236067977499789639e-01,4.472135954999579277e-01,4.472135954999579277e-01,1.118033988749894903e+00,8.944271909999158554e-01,1.341640786499873839e+00,2.012461179749810647e+00,2.683281572999747677e+00,2.459674775249768519e+00,2.012461179749810647e+00,1.565247584249852775e+00,6.708203932499369193e-01,0.000000000000000000e+00,-2.012461179749810647e+00,-8.944271909999158554e-01,6.708203932499369193e-01,0.000000000000000000e+00,-6.708203932499369193e-01,-6.708203932499369193e-01,-8.944271909999158554e-01,1.565247584249852775e+00,4.472135954999579277e-01,-6.708203932499369193e-01,-2.459674775249768519e+00,-2.236067977499789805e+00,-1.341640786499873839e+00,-2.236067977499789805e+00,-1.565247584249852775e+00,-3.130495168499705549e+00,-1.565247584249852775e+00,-1.118033988749894903e+00,-3.354101966249684263e+00,-3.577708763999663422e+00,-3.577708763999663422e+00,-3.130495168499705549e+00,-2.906888370749726391e+00,-1.341640786499873839e+00,4.472135954999579277e-01,1.565247584249852775e+00,2.236067977499789805e+00,1.565247584249852775e+00,2.459674775249768519e+00,3.354101966249684263e+00,3.354101966249684263e+00,2.459674775249768519e+00,2.459674775249768519e+00,8.944271909999158554e-01,3.130495168499705549e+00,2.459674775249768519e+00,2.906888370749726391e+00,2.236067977499789805e+00,3.130495168499705549e+00,2.012461179749810647e+00,2.459674775249768519e+00,2.906888370749726391e+00,3.354101966249684263e+00,5.142956348249516196e+00,4.919349550499537038e+00,5.366563145999495354e+00,6.484597134749389369e+00,5.366563145999495354e+00,4.919349550499537038e+00,2.459674775249768519e+00,3.801315561749642136e+00,4.248529157249600452e+00,4.024922359499621294e+00,5.366563145999495354e+00,7.379024325749306001e+00,7.155417527999326843e+00,6.708203932499368527e+00,6.484597134749389369e+00,6.260990336999411099e+00,4.695742752749557880e+00,4.248529157249600452e+00,6.484597134749389369e+00,5.813776741499452783e+00,3.577708763999663422e+00,2.906888370749726391e+00,3.354101966249684263e+00,4.919349550499537038e+00,5.142956348249516196e+00,4.919349550499537038e+00,6.260990336999411099e+00,4.695742752749557880e+00,4.695742752749557880e+00,2.459674775249768519e+00,1.788854381999831711e+00,2.459674775249768519e+00,4.695742752749557880e+00,4.919349550499537038e+00,5.366563145999495354e+00,4.695742752749557880e+00,3.577708763999663422e+00,3.801315561749642136e+00,4.248529157249600452e+00,4.248529157249600452e+00,3.577708763999663422e+00,3.577708763999663422e+00,2.683281572999747677e+00,3.354101966249684263e+00,4.024922359499621294e+00,2.906888370749726391e+00,2.459674775249768519e+00,4.472135954999579277e-01,-1.341640786499873839e+00,-2.012461179749810647e+00,-1.118033988749894903e+00,-2.236067977499789805e+00,-3.130495168499705549e+00,-3.577708763999663422e+00,-2.012461179749810647e+00,-1.118033988749894903e+00,-1.788854381999831711e+00,-2.236067977499789805e+00,-2.459674775249768519e+00,-3.130495168499705549e+00,-1.788854381999831711e+00,-2.459674775249768519e+00,-2.906888370749726391e+00,-2.459674775249768519e+00,-2.683281572999747677e+00,-3.130495168499705549e+00,-2.683281572999747677e+00,-2.683281572999747677e+00,-2.683281572999747677e+00,-3.801315561749642136e+00,-4.248529157249600452e+00,-3.577708763999663422e+00,-4.919349550499537038e+00,-4.695742752749557880e+00,-2.236067977499789805e+00,-2.683281572999747677e+00,-2.906888370749726391e+00,-3.801315561749642136e+00,-4.024922359499621294e+00,-2.906888370749726391e+00,-2.236067977499789805e+00,-2.683281572999747677e+00,-2.459674775249768519e+00,-1.341640786499873839e+00,-4.472135954999579277e-01,2.236067977499789639e-01,1.118033988749894903e+00,-6.708203932499369193e-01,-8.944271909999158554e-01,-2.236067977499789639e-01,1.341640786499873839e+00,1.565247584249852775e+00,1.341640786499873839e+00,0.000000000000000000e+00,1.788854381999831711e+00,2.683281572999747677e+00,4.024922359499621294e+00,3.577708763999663422e+00,4.695742752749557880e+00,4.024922359499621294e+00,3.354101966249684263e+00,5.142956348249516196e+00,4.248529157249600452e+00,3.354101966249684263e+00,4.919349550499537038e+00,3.801315561749642136e+00,3.354101966249684263e+00,1.565247584249852775e+00,2.012461179749810647e+00,2.683281572999747677e+00,2.012461179749810647e+00,3.354101966249684263e+00,3.801315561749642136e+00,2.683281572999747677e+00,1.788854381999831711e+00,-6.708203932499369193e-01,-1.565247584249852775e+00,-2.236067977499789805e+00,-1.565247584249852775e+00,1.341640786499873839e+00,-2.236067977499789639e-01,-2.236067977499789639e-01,6.708203932499369193e-01,1.341640786499873839e+00,2.906888370749726391e+00,3.130495168499705549e+00,3.354101966249684263e+00,4.472135954999579610e+00,5.590169943749473624e+00,6.037383539249431941e+00,7.379024325749306001e+00,8.497058314499200904e+00,1.028591269649903239e+01,7.155417527999326843e+00,6.708203932499368527e+00,3.130495168499705549e+00,8.944271909999158554e-01,1.118033988749894903e+00,6.708203932499369193e-01,1.341640786499873839e+00,-2.236067977499789639e-01,-8.944271909999158554e-01,-1.118033988749894903e+00,-4.472135954999579277e-01,1.788854381999831711e+00,8.944271909999158554e-01,-8.944271909999158554e-01,-1.341640786499873839e+00,-1.565247584249852775e+00,-1.788854381999831711e+00,-2.683281572999747677e+00,-6.708203932499369193e-01,-1.118033988749894903e+00,-1.565247584249852775e+00,-2.236067977499789805e+00,-8.944271909999158554e-01,6.708203932499369193e-01,-2.683281572999747677e+00,-3.354101966249684263e+00
-5.813776741499452783e+00,-3.354101966249684263e+00,-2.683281572999747677e+00,-2.012461179749810647e+00,-3.354101966249684263e+00,-3.130495168499705549e+00,-1.788854381999831711e+00,-2.683281572999747677e+00,-2.906888370749726391e+00,-2.906888370749726391e+00,-1.118033988749894903e+00,-2.236067977499789805e+00,-1.565247584249852775e+00,-4.024922359499621294e+00,-3.801315561749642136e+00,-4.919349550499537038e+00,-4.024922359499621294e+00,-3.130495168499705549e+00,-2.012461179749810647e+00,-2.236067977499789639e-01,4.472135954999579277e-01,1.788854381999831711e+00,1.118033988749894903e+00,4.472135954999579610e+00,4.472135954999579610e+00,2.906888370749726391e+00,2.012461179749810647e+00,1.118033988749894903e+00,1.565247584249852775e+00,1.118033988749894903e+00,2.236067977499789639e-01,1.788854381999831711e+00,2.459674775249768519e+00,4.472135954999579610e+00,2.236067977499789805e+00,2.236067977499789639e-01,-1.565247584249852775e+00,-2.236067977499789805e+00,-2.459674775249768519e+00,-3.354101966249684263e+00,-3.801315561749642136e+00,-2.906888370749726391e+00,-2.683281572999747677e+00,-2.683281572999747677e+00,-2.012461179749810647e+00,-2.906888370749726391e+00,-2.236067977499789639e-01,0.000000000000000000e+00,-1.118033988749894903e+00,-1.341640786499873839e+00,-2.459674775249768519e+00,-1.118033988749894903e+00,2.236067977499789639e-01,-1.118033988749894903e+00,-1.565247584249852775e+00,-2.236067977499789639e-01,-6.708203932499369193e-01,-8.944271909999158554e-01,1.788854381999831711e+00,2.906888370749726391e+00,2.906888370749726391e+00,3.577708763999663422e+00,2.012461179749810647e+00,2.236067977499789639e-01,-4.472135954999579277e-01,-1.565247584249852775e+00,-8.944271909999158554e-01,-6.708203932499369193e-01,-8.944271909999158554e-01,0.000000000000000000e+00,0.000000000000000000e+00,-8.944271909999158554e-01,-1.118033988749894903e+00,-1.565247584249852775e+00,-1.788854381999831711e+00,-1.118033988749894903e+00,-4.472135954999579277e-01,-6.708203932499369193e-01,2.236067977499789639e-01,-2.236067977499789639e-01,-4.472135954999579277e-01,-2.236067977499789639e-01,2.236067977499789639e-01,-6.708203932499369193e-01,-2.236067977499789805e+00,-8.944271909999158554e-01,-1.118033988749894903e+00,-2.236067977499789639e-01,-1.788854381999831711e+00,-2.459674775249768519e+00,-3.801315561749642136e+00,-3.354101966249684263e+00,-3.130495168499705549e+00,-5.142956348249516196e+00,-3.354101966249684263e+00,-4.248529157249600452e+00,-4.919349550499537038e+00,-4.024922359499621294e+00,-2.236067977499789805e+00,-1.788854381999831711e+00,-1.788854381999831711e+00,-2.236067977499789805e+00,-3.354101966249684263e+00,-2.012461179749810647e+00,-2.683281572999747677e+00,-2.906888370749726391e+00,-4.248529157249600452e+00,-2.459674775249768519e+00,-1.565247584249852775e+00,-1.118033988749894903e+00,-8.944271909999158554e-01,6.708203932499369193e-01,1.341640786499873839e+00,1.341640786499873839e+00,-8.944271909999158554e-01,-8.944271909999158554e-01,2.236067977499789639e-01,8.944271909999158554e-01,1.565247584249852775e+00,6.708203932499369193e-01,2.236067977499789639e-01,-2.236067977499789639e-01,4.472135954999579277e-01,2.683281572999747677e+00,1.341640786499873839e+00,1.565247584249852775e+00,-1.118033988749894903e+00,-1.788854381999831711e+00,-4.472135954999579610e+00,-5.366563145999495354e+00,-4.695742752749557880e+00,-4.248529157249600452e+00,-5.142956348249516196e+00,-3.354101966249684263e+00,-4.248529157249600452e+00,-4.695742752749557880e+00,-7.155417527999326843e+00,-5.366563145999495354e+00,-5.142956348249516196e+00,-5.366563145999495354e+00,-3.801315561749642136e+00,-4.472135954999579610e+00,-4.248529157249600452e+00,-3.354101966249684263e+00,-4.024922359499621294e+00,-1.341640786499873839e+00,-2.236067977499789639e-01,-4.472135954999579277e-01,-1.118033988749894903e+00,-2.459674775249768519e+00,-2.683281572999747677e+00,-2.683281572999747677e+00,-2.012461179749810647e+00,-2.012461179749810647e+00,-2.236067977499789805e+00,-1.341640786499873839e+00,-2.236067977499789805e+00,-1.565247584249852775e+00,-4.472135954999579277e-01,-8.944271909999158554e-01,1.565247584249852775e+00,1.118033988749894903e+00,0.000000000000000000e+00,2.236067977499789639e-01,4.472135954999579277e-01,-6.708203932499369193e-01,-2.459674775249768519e+00,-2.012461179749810647e+00,-2.236067977499789805e+00,-2.236067977499789805e+00,-1.788854381999831711e+00,-2.459674775249768519e+00,-2.683281572999747677e+00,-1.341640786499873839e+00,-6.708203932499369193e-01,-4.472135954999579277e-01,-1.788854381999831711e+00,6.708203932499369193e-01,1.565247584249852775e+00,2.236067977499789805e+00,1.341640786499873839e+00,-8.944271909999158554e-01,4.472135954999579277e-01,1.341640786499873839e+00,1.341640786499873839e+00,3.130495168499705549e+00,3.577708763999663422e+00,3.130495168499705549e+00,3.577708763999663422e+00,3.354101966249684263e+00,1.341640786499873839e+00,1.788854381999831711e+00,-4.472135954999579277e-01,6.708203932499369193e-01,-2.012461179749810647e+00,-8.944271909999158554e-01,-8.944271909999158554e-01,6.708203932499369193e-01,1.341640786499873839e+00,-4.472135954999579277e-01,-1.341640786499873839e+00,-1.118033988749894903e+00,-8.944271909999158554e-01,-8.944271909999158554e-01,-2.906888370749726391e+00,-2.906888370749726391e+00,-3.130495168499705549e+00,-3.801315561749642136e+00,-2.459674775249768519e+00,-2.012461179749810647e+00,-1.118033988749894903e+00,-6.708203932499369193e-01,2.236067977499789639e-01,-1.118033988749894903e+00,-8.944271909999158554e-01,4.472135954999579277e-01,2.236067977499789805e+00,4.472135954999579610e+00,3.801315561749642136e+00,5.366563145999495354e+00,5.813776741499452783e+00,4.472135954999579610e+00,4.248529157249600452e+00,3.801315561749642136e+00,2.236067977499789805e+00,6.708203932499369193e-01,8.944271909999158554e-01,1.565247584249852775e+00,2.012461179749810647e+00,1.565247584249852775e+00,2.683281572999747677e+00,-4.472135954999579277e-01,-1.341640786499873839e+00,-1.565247584249852775e+00,4.472135954999579277e-01,6.708203932499369193e-01,-1.341640786499873839e+00,-1.341640786499873839e+00,-4.472135954999579277e-01,8.944271909999158554e-01,6.708203932499369193e-01,1.788854381999831711e+00,3.801315561749642136e+00,5.142956348249516196e+00,4.472135954999579610e+00,1.788854381999831711e+00,2.012461179749810647e+00,1.788854381999831711e+00,1.341640786499873839e+00,1.118033988749894903e+00,1.341640786499873839e+00,2.012461179749810647e+00,1.788854381999831711e+00,1.788854381999831711e+00,1.118033988749894903e+00,-1.118033988749894903e+00,1.118033988749894903e+00,1.788854381999831711e+00,1.118033988749894903e+00,6.708203932499369193e-01,1.118033988749894903e+00,1.341640786499873839e+00,1.565247584249852775e+00,2.683281572999747677e+00,2.236067977499789639e-01,-1.118033988749894903e+00,-1.788854381999831711e+00,-2.906888370749726391e+00,-2.012461179749810647e+00,-1.565247584249852775e+00,-6.708203932499369193e-01,2.236067977499789639e-01,4.472135954999579277e-01,-6.708203932499369193e-01,-1.341640786499873839e+00,0.000000000000000000e+00,-2.236067977499789639e-01,-4.024922359499621294e+00,-4.024922359499621294e+00,-5.142956348249516196e+00,-5.142956348249516196e+00,-4.472135954999579610e+00,-3.354101966249684263e+00,-1.565247584249852775e+00,-1.341640786499873839e+00,-2.683281572999747677e+00,-3.354101966249684263e+00,-2.683281572999747677e+00,-2.012461179749810647e+00,-3.130495168499705549e+00,-3.354101966249684263e+00,-2.236067977499789805e+00,-8.944271909999158554e-01,-1.788854381999831711e+00,-1.788854381999831711e+00,-2.683281572999747677e+00,-4.024922359499621294e+00,-1.788854381999831711e+00,0.000000000000000000e+00,2.236067977499789639e-01,-3.130495168499705549e+00,-2.459674775249768519e+00,-2.906888370749726391e+00,-2.012461179749810647e+00,-2.012461179749810647e+00,-2.236067977499789805e+00,-2.906888370749726391e+00,-3.354101966249684263e+00,-2.012461179749810647e+00,-2.683281572999747677e+00,-4.248529157249600452e+00,-4.248529157249600452e+00,-3.354101966249684263e+00,-2.236067977499789805e+00,-3.577708763999663422e+00,-2.683281572999747677e+00,-2.012461179749810647e+00,-2.236067977499789639e-01,-4.472135954999579277e-01,-1.565247584249852775e+00,-2.236067977499789639e-01,1.788854381999831711e+00,4.024922359499621294e+00,2.683281572999747677e+00,4.024922359499621294e+00,2.906888370749726391e+00,3.577708763999663422e+00,2.683281572999747677e+00,3.130495168499705549e+00,2.683281572999747677e+00,8.944271909999158554e-01,2.236067977499789639e-01,-6.708203932499369193e-01,1.565247584249852775e+00,1.118033988749894903e+00,2.683281572999747677e+00,5.590169943749473624e+00,5.813776741499452783e+00,6.037383539249431941e+00,5.142956348249516196e+00,4.248529157249600452e+00,4.248529157249600452e+00,4.024922359499621294e+00,6.260990336999411099e+00,4.695742752749557880e+00,4.695742752749557880e+00,3.801315561749642136e+00,8.944271909999158554e-01,2.906888370749726391e+00,1.788854381999831711e+00,8.944271909999158554e-01,2.683281572999747677e+00,1.341640786499873839e+00,2.459674775249768519e+00,1.788854381999831711e+00,1.565247584249852775e+00,2.236067977499789639e-01,4.472135954999579277e-01,6.708203932499369193e-01,2.012461179749810647e+00,1.788854381999831711e+00,4.472135954999579610e+00,3.801315561749642136e+00,4.024922359499621294e+00,5.590169943749473624e+00,4.472135954999579610e+00,4.024922359499621294e+00,3.801315561749642136e+00,5.366563145999495354e+00,3.801315561749642136e+00,2.012461179749810647e+00,8.944271909999158554e-01,0.000000000000000000e+00,-2.236067977499789805e+00,-4.472135954999579277e-01,-8.944271909999158554e-01,-3.130495168499705549e+00,-4.024922359499621294e+00,-4.248529157249600452e+00,-4.248529157249600452e+00,-3.130495168499705549e+00,-2.906888370749726391e+00,-2.236067977499789805e+00,-2.012461179749810647e+00,-2.459674775249768519e+00,-3.577708763999663422e+00,-3.577708763999663422e+00,-3.801315561749642136e+00,-4.024922359499621294e+00,-3.130495168499705549e+00,-1.788854381999831711e+00,-4.695742752749557880e+00,-4.024922359499621294e+00,-3.801315561749642136e+00,-4.248529157249600452e+00,-5.366563145999495354e+00,-4.919349550499537038e+00,-5.366563145999495354e+00,-4.472135954999579610e+00,-2.906888370749726391e+00,-2.683281572999747677e+00,-4.248529157249600452e+00,-4.472135954999579610e+00,-2.906888370749726391e+00,-2.459674775249768519e+00,-5.813776741499452783e+00,-2.459674775249768519e+00,-4.024922359499621294e+00,-4.024922359499621294e+00,-5.142956348249516196e+00,-6.708203932499368527e+00,-6.260990336999411099e+00,-5.366563145999495354e+00,-5.142956348249516196e+00,-4.919349550499537038e+00,-3.354101966249684263e+00,-4.024922359499621294e+00,-4.919349550499537038e+00,-2.459674775249768519e+00,-3.577708763999663422e+00,-2.906888370749726391e+00,-4.248529157249600452e+00,-3.577708763999663422e+00,-3.130495168499705549e+00,-2.459674775249768519e+00,-2.236067977499789639e-01,2.012461179749810647e+00,1.341640786499873839e+00,4.472135954999579277e-01,2.236067977499789639e-01,-8.944271909999158554e-01,2.236067977499789639e-01,1.565247584249852775e+00,1.788854381999831711e+00,2.906888370749726391e+00,3.130495168499705549e+00,1.788854381999831711e+00,2.459674775249768519e+00,2.236067977499789805e+00,1.118033988749894903e+00,-2.236067977499789639e-01,-2.236067977499789805e+00,2.236067977499789639e-01,1.118033988749894903e+00,2.236067977499789639e-01,3.354101966249684263e+00,3.577708763999663422e+00,3.577708763999663422e+00,1.118033988749894903e+00,8.944271909999158554e-01,1.565247584249852775e+00,1.118033988749894903e+00,2.459674775249768519e+00,3.577708763999663422e+00,2.236067977499789805e+00,2.012461179749810647e+00,8.944271909999158554e-01,1.565247584249852775e+00,3.130495168499705549e+00,3.130495168499705549e+00,1.341640786499873839e+00,2.906888370749726391e+00,2.459674775249768519e+00,3.354101966249684263e+00,4.248529157249600452e+00,3.354101966249684263e+00,3.577708763999663422e+00,5.366563145999495354e+00,4.695742752749557880e+00,6.484597134749389369e+00,3.354101966249684263e+00,4.024922359499621294e+00,4.472135954999579610e+00,4.024922359499621294e+00,2.459674775249768519e+00,2.236067977499789805e+00,0.000000000000000000e+00,4.472135954999579277e-01,1.341640786499873839e+00,1.565247584249852775e+00,2.459674775249768519e+00,4.248529157249600452e+00,4.472135954999579610e+00,4.919349550499537038e+00,2.012461179749810647e+00,2.236067977499789805e+00,4.472135954999579277e-01,-2.236067977499789639e-01,-2.236067977499789639e-01,-1.118033988749894903e+00,2.236067977499789639e-01,-1.118033988749894903e+00,-1.118033988749894903e+00,-2.236067977499789805e+00,-1.118033988749894903e+00,-6.708203932499369193e-01,-1.341640786499873839e+00,-1.341640786499873839e+00,-2.236067977499789805e+00,-2.012461179749810647e+00
-3.577708763999663422e+00,-3.577708763999663422e+00,-3.130495168499705549e+00,-2.459674775249768519e+00,-2.906888370749726391e+00,-4.024922359499621294e+00,-4.024922359499621294e+00,-5.142956348249516196e+00,-5.142956348249516196e+00,-6.037383539249431941e+00,-5.142956348249516196e+00,-6.037383539249431941e+00,-6.260990336999411099e+00,-5.590169943749473624e+00,-6.708203932499368527e+00,-5.366563145999495354e+00,-3.801315561749642136e+00,-4.472135954999579610e+00,-5.813776741499452783e+00,-6.260990336999411099e+00,-7.379024325749306001e+00,-6.708203932499368527e+00,-6.260990336999411099e+00,-6.708203932499368527e+00,-4.919349550499537038e+00,-4.472135954999579610e+00,-4.695742752749557880e+00,-3.577708763999663422e+00,-3.130495168499705549e+00,-2.459674775249768519e+00,-4.248529157249600452e+00,-2.236067977499789805e+00,-1.118033988749894903e+00,-8.944271909999158554e-01,0.000000000000000000e+00,-4.472135954999579277e-01,-4.472135954999579277e-01,0.000000000000000000e+00,1.565247584249852775e+00,1.565247584249852775e+00,4.472135954999579277e-01,2.236067977499789639e-01,2.683281572999747677e+00,4.472135954999579610e+00,4.695742752749557880e+00,3.130495168499705549e+00,1.788854381999831711e+00,4.472135954999579610e+00,2.236067977499789805e+00,4.695742752749557880e+00,3.354101966249684263e+00,3.354101966249684263e+00,2.459674775249768519e+00,3.130495168499705549e+00,2.012461179749810647e+00,3.801315561749642136e+00,4.695742752749557880e+00,4.472135954999579610e+00,4.248529157249600452e+00,5.366563145999495354e+00,5.813776741499452783e+00,5.813776741499452783e+00,4.695742752749557880e+00,1.565247584249852775e+00,1.118033988749894903e+00,1.118033988749894903e+00,1.341640786499873839e+00,2.012461179749810647e+00,1.341640786499873839e+00,4.919349550499537038e+00,4.472135954999579610e+00,5.813776741499452783e+00,2.906888370749726391e+00,2.906888370749726391e+00,2.906888370749726391e+00,3.130495168499705549e+00,1.565247584249852775e+00,-2.236067977499789639e-01,2.236067977499789639e-01,1.341640786499873839e+00,8.944271909999158554e-01,8.944271909999158554e-01,-1.341640786499873839e+00,-2.236067977499789805e+00,-6.708203932499369193e-01,-1.341640786499873839e+00,-2.012461179749810647e+00,-6.708203932499369193e-01,2.236067977499789639e-01,1.788854381999831711e+00,8.944271909999158554e-01,1.788854381999831711e+00,3.577708763999663422e+00,1.565247584249852775e+00,1.118033988749894903e+00,1.341640786499873839e+00,3.130495168499705549e+00,4.695742752749557880e+00,4.248529157249600452e+00,2.012461179749810647e+00,-8.944271909999158554e-01,0.000000000000000000e+00,-4.472135954999579277e-01,-1.118033988749894903e+00,-2.236067977499789639e-01,8.944271909999158554e-01,2.012461179749810647e+00,2.906888370749726391e+00,2.906888370749726391e+00,3.577708763999663422e+00,4.024922359499621294e+00,4.248529157249600452e+00,4.919349550499537038e+00,6.037383539249431941e+00,6.708203932499368527e+00,7.155417527999326843e+00,6.931810730249347685e+00,6.484597134749389369e+00,7.602631123499284271e+00,8.049844718999242588e+00,6.931810730249347685e+00,7.155417527999326843e+00,7.379024325749306001e+00,6.037383539249431941e+00,4.919349550499537038e+00,6.260990336999411099e+00,7.155417527999326843e+00,1.006230589874905235e+01,8.049844718999242588e+00,5.813776741499452783e+00,6.260990336999411099e+00,5.366563145999495354e+00,4.919349550499537038e+00,3.801315561749642136e+00,4.919349550499537038e+00,6.037383539249431941e+00,5.590169943749473624e+00,3.577708763999663422e+00,2.459674775249768519e+00,2.683281572999747677e+00,2.683281572999747677e+00,2.906888370749726391e+00,2.906888370749726391e+00,2.683281572999747677e+00,3.801315561749642136e+00,4.919349550499537038e+00,3.801315561749642136e+00,3.130495168499705549e+00,3.577708763999663422e+00,2.012461179749810647e+00,1.118033988749894903e+00,-2.236067977499789639e-01,6.708203932499369193e-01,-8.944271909999158554e-01,-2.236067977499789639e-01,2.236067977499789639e-01,-1.118033988749894903e+00,-2.683281572999747677e+00,-2.236067977499789805e+00,-3.577708763999663422e+00,-2.236067977499789805e+00,-2.906888370749726391e+00,-2.236067977499789805e+00,-1.341640786499873839e+00,0.000000000000000000e+00,6.708203932499369193e-01,2.459674775249768519e+00,1.565247584249852775e+00,3.130495168499705549e+00,2.683281572999747677e+00,2.683281572999747677e+00,3.577708763999663422e+00,2.012461179749810647e+00,2.906888370749726391e+00,2.459674775249768519e+00,1.565247584249852775e+00,2.236067977499789805e+00,8.944271909999158554e-01,6.708203932499369193e-01,1.788854381999831711e+00,1.788854381999831711e+00,-8.944271909999158554e-01,0.000000000000000000e+00,-2.236067977499789639e-01,-4.472135954999579277e-01,-2.236067977499789639e-01,1.341640786499873839e+00,4.472135954999579277e-01,0.000000000000000000e+00,-1.341640786499873839e+00,4.472135954999579277e-01,-6.708203932499369193e-01,-4.472135954999579277e-01,1.341640786499873839e+00,1.341640786499873839e+00,1.118033988749894903e+00,8.944271909999158554e-01,6.708203932499369193e-01,0.000000000000000000e+00,6.708203932499369193e-01,0.000000000000000000e+00,-4.472135954999579277e-01,-8.944271909999158554e-01,-1.341640786499873839e+00,-2.236067977499789805e+00,-1.788854381999831711e+00,-1.788854381999831711e+00,-2.683281572999747677e+00,-3.130495168499705549e+00,-4.472135954999579277e-01,-4.472135954999579277e-01,-6.708203932499369193e-01,-2.236067977499789639e-01,0.000000000000000000e+00,1.341640786499873839e+00,-4.472135954999579277e-01,-2.236067977499789805e+00,-1.341640786499873839e+00,-4.472135954999579277e-01,1.341640786499873839e+00,0.000000000000000000e+00,0.000000000000000000e+00,2.236067977499789639e-01,1.565247584249852775e+00,1.565247584249852775e+00,4.472135954999579277e-01,-6.708203932499369193e-01,-1.341640786499873839e+00,-6.708203932499369193e-01,-4.472135954999579277e-01,-2.236067977499789639e-01,-6.708203932499369193e-01,1.341640786499873839e+00,8.944271909999158554e-01,-2.236067977499789639e-01,8.944271909999158554e-01,3.577708763999663422e+00,2.236067977499789805e+00,2.236067977499789805e+00,1.341640786499873839e+00,1.341640786499873839e+00,2.906888370749726391e+00,2.459674775249768519e+00,2.012461179749810647e+00,1.788854381999831711e+00,2.459674775249768519e+00,4.024922359499621294e+00,4.695742752749557880e+00,2.459674775249768519e+00,2.459674775249768519e+00,3.801315561749642136e+00,8.944271909999158554e-01,6.708203932499369193e-01,4.472135954999579277e-01,-2.236067977499789639e-01,1.341640786499873839e+00,2.683281572999747677e+00,1.788854381999831711e+00,3.801315561749642136e+00,4.472135954999579610e+00,1.565247584249852775e+00,1.788854381999831711e+00,1.341640786499873839e+00,1.788854381999831711e+00,1.565247584249852775e+00,4.472135954999579277e-01,2.459674775249768519e+00,2.012461179749810647e+00,3.130495168499705549e+00,3.130495168499705549e+00,4.472135954999579610e+00,3.130495168499705549e+00,4.472135954999579277e-01,-8.944271909999158554e-01,-2.683281572999747677e+00,-3.130495168499705549e+00,-8.944271909999158554e-01,-1.118033988749894903e+00,-1.341640786499873839e+00,-1.341640786499873839e+00,-1.788854381999831711e+00,-2.906888370749726391e+00,-1.788854381999831711e+00,-2.459674775249768519e+00,-4.248529157249600452e+00,-2.459674775249768519e+00,-2.906888370749726391e+00,-1.118033988749894903e+00,-8.944271909999158554e-01,2.236067977499789639e-01,2.236067977499789639e-01,8.944271909999158554e-01,4.472135954999579277e-01,1.341640786499873839e+00,8.944271909999158554e-01,1.788854381999831711e+00,1.565247584249852775e+00,6.708203932499369193e-01,2.236067977499789805e+00,2.012461179749810647e+00,1.565247584249852775e+00,6.708203932499369193e-01,1.118033988749894903e+00,-6.708203932499369193e-01,2.236067977499789639e-01,1.788854381999831711e+00,4.248529157249600452e+00,4.919349550499537038e+00,6.708203932499368527e+00,3.577708763999663422e+00,2.236067977499789805e+00,2.236067977499789805e+00,-2.012461179749810647e+00,-3.354101966249684263e+00,-4.024922359499621294e+00,-2.236067977499789805e+00,-3.354101966249684263e+00,-5.142956348249516196e+00,-6.037383539249431941e+00,-4.024922359499621294e+00,-5.142956348249516196e+00,-5.813776741499452783e+00,-4.472135954999579610e+00,-4.472135954999579610e+00,-2.906888370749726391e+00,-4.695742752749557880e+00,-2.683281572999747677e+00,-3.130495168499705549e+00,-3.801315561749642136e+00,-3.130495168499705549e+00,-5.366563145999495354e+00,-4.472135954999579610e+00,-3.130495168499705549e+00,-2.683281572999747677e+00,-4.695742752749557880e+00,-4.472135954999579610e+00,-5.590169943749473624e+00,-5.590169943749473624e+00,-4.919349550499537038e+00,-8.049844718999242588e+00,-6.708203932499368527e+00,-6.708203932499368527e+00,-4.695742752749557880e+00,-3.354101966249684263e+00,-3.130495168499705549e+00,-2.906888370749726391e+00,-4.024922359499621294e+00,-4.024922359499621294e+00,-2.012461179749810647e+00,-5.366563145999495354e+00,-4.248529157249600452e+00,-3.577708763999663422e+00,-4.248529157249600452e+00,-2.683281572999747677e+00,-2.236067977499789805e+00,-3.130495168499705549e+00,-3.130495168499705549e+00,-1.788854381999831711e+00,-2.459674775249768519e+00,-2.236067977499789805e+00,-2.236067977499789639e-01,-1.788854381999831711e+00,-2.459674775249768519e+00,-1.788854381999831711e+00,-4.248529157249600452e+00,-3.801315561749642136e+00,-3.577708763999663422e+00,-2.459674775249768519e+00,6.708203932499369193e-01,1.341640786499873839e+00,1.341640786499873839e+00,1.788854381999831711e+00,1.788854381999831711e+00,2.683281572999747677e+00,2.459674775249768519e+00,0.000000000000000000e+00,-1.118033988749894903e+00,4.472135954999579277e-01,8.944271909999158554e-01,8.944271909999158554e-01,1.565247584249852775e+00,2.683281572999747677e+00,-2.236067977499789639e-01,-2.236067977499789805e+00,-2.012461179749810647e+00,-2.236067977499789805e+00,-2.236067977499789805e+00,-1.788854381999831711e+00,-3.130495168499705549e+00,-4.024922359499621294e+00,-4.248529157249600452e+00,-3.354101966249684263e+00,-4.695742752749557880e+00,-4.024922359499621294e+00,-3.801315561749642136e+00,-1.788854381999831711e+00,-1.565247584249852775e+00,-2.012461179749810647e+00,-2.683281572999747677e+00,-8.944271909999158554e-01,-2.012461179749810647e+00,-2.012461179749810647e+00,-8.944271909999158554e-01,-8.944271909999158554e-01,-1.565247584249852775e+00,-1.788854381999831711e+00,-2.236067977499789805e+00,-1.118033988749894903e+00,-2.236067977499789639e-01,-2.012461179749810647e+00,-1.565247584249852775e+00,-1.118033988749894903e+00,-1.118033988749894903e+00,-2.683281572999747677e+00,-8.944271909999158554e-01,1.118033988749894903e+00,2.236067977499789639e-01,-4.472135954999579277e-01,-2.236067977499789639e-01,-2.236067977499789639e-01,-2.236067977499789639e-01,1.341640786499873839e+00,1.565247584249852775e+00,3.577708763999663422e+00,2.906888370749726391e+00,2.459674775249768519e+00,2.683281572999747677e+00,2.236067977499789805e+00,2.459674775249768519e+00,-8.944271909999158554e-01,6.708203932499369193e-01,-4.472135954999579277e-01,-1.565247584249852775e+00,-2.236067977499789639e-01,2.459674775249768519e+00,1.788854381999831711e+00,1.341640786499873839e+00,0.000000000000000000e+00,2.236067977499789639e-01,2.236067977499789805e+00,-2.683281572999747677e+00,-2.459674775249768519e+00,-6.708203932499369193e-01,-2.236067977499789639e-01,-2.236067977499789639e-01,1.341640786499873839e+00,3.130495168499705549e+00,1.341640786499873839e+00,4.472135954999579277e-01,6.708203932499369193e-01,0.000000000000000000e+00,-4.472135954999579277e-01,1.565247584249852775e+00,3.130495168499705549e+00,3.801315561749642136e+00,6.260990336999411099e+00,6.260990336999411099e+00,4.248529157249600452e+00,4.248529157249600452e+00,2.459674775249768519e+00,1.341640786499873839e+00,1.118033988749894903e+00,2.683281572999747677e+00,-4.472135954999579277e-01,-4.472135954999579277e-01,-1.118033988749894903e+00,-8.944271909999158554e-01,-8.944271909999158554e-01,-1.341640786499873839e+00,-2.012461179749810647e+00,-2.236067977499789805e+00,-6.708203932499369193e-01,-8.944271909999158554e-01,-1.118033988749894903e+00,-1.341640786499873839e+00,0.000000000000000000e+00,8.944271909999158554e-01,1.341640786499873839e+00,2.236067977499789639e-01,-6.708203932499369193e-01,-1.118033988749894903e+00,-2.236067977499789639e-01,-2.236067977499789639e-01,-2.236067977499789639e-01,1.118033988749894903e+00,0.000000000000000000e+00,-4.472135954999579277e-01,-1.341640786499873839e+00,-4.472135954999579277e-01,2.459674775249768519e+00,2.012461179749810647e+00,1.565247584249852775e+00,2.236067977499789805e+00,2.236067977499789805e+00,8.944271909999158554e-01,-4.472135954999579277e-01,-1.118033988749894903e+00,-2.012461179749810647e+00,-3.577708763999663422e+00,-2.683281572999747677e+00
-4.024922359499621294e+00,-3.354101966249684263e+00,-3.577708763999663422e+00,-8.944271909999158554e-01,0.000000000000000000e+00,-1.341640786499873839e+00,-6.708203932499369193e-01,-6.708203932499369193e-01,1.565247584249852775e+00,2.012461179749810647e+00,3.801315561749642136e+00,4.919349550499537038e+00,2.906888370749726391e+00,2.683281572999747677e+00,2.459674775249768519e+00,3.354101966249684263e+00,2.012461179749810647e+00,2.236067977499789805e+00,2.012461179749810647e+00,4.248529157249600452e+00,4.024922359499621294e+00,2.683281572999747677e+00,8.944271909999158554e-01,-4.472135954999579277e-01,-8.944271909999158554e-01,-6.708203932499369193e-01,0.000000000000000000e+00,-1.788854381999831711e+00,-2.236067977499789639e-01,-2.236067977499789805e+00,-2.459674775249768519e+00,-1.341640786499873839e+00,-2.236067977499789805e+00,-3.801315561749642136e+00,-4.919349550499537038e+00,-4.472135954999579610e+00,-4.695742752749557880e+00,-4.024922359499621294e+00,-4.472135954999579610e+00,-4.472135954999579610e+00,-3.130495168499705549e+00,-2.459674775249768519e+00,0.000000000000000000e+00,6.708203932499369193e-01,0.000000000000000000e+00,-8.944271909999158554e-01,-1.565247584249852775e+00,-1.341640786499873839e+00,-1.341640786499873839e+00,-3.130495168499705549e+00,-2.683281572999747677e+00,-2.236067977499789805e+00,-2.683281572999747677e+00,-3.577708763999663422e+00,-4.024922359499621294e+00,-1.788854381999831711e+00,-1.341640786499873839e+00,1.118033988749894903e+00,2.236067977499789805e+00,2.459674775249768519e+00,1.788854381999831711e+00,1.565247584249852775e+00,2.012461179749810647e+00,2.683281572999747677e+00,2.906888370749726391e+00,1.788854381999831711e+00,2.012461179749810647e+00,1.788854381999831711e+00,2.012461179749810647e+00,2.459674775249768519e+00,2.683281572999747677e+00,2.683281572999747677e+00,3.577708763999663422e+00,5.366563145999495354e+00,3.354101966249684263e+00,3.801315561749642136e+00,5.813776741499452783e+00,6.484597134749389369e+00,6.037383539249431941e+00,4.919349550499537038e+00,5.590169943749473624e+00,2.906888370749726391e+00,3.354101966249684263e+00,3.130495168499705549e+00,4.024922359499621294e+00,4.248529157249600452e+00,4.248529157249600452e+00,4.248529157249600452e+00,1.341640786499873839e+00,-1.788854381999831711e+00,-2.012461179749810647e+00,-2.236067977499789805e+00,-2.459674775249768519e+00,-2.683281572999747677e+00,-4.472135954999579277e-01,-4.472135954999579277e-01,-4.472135954999579277e-01,4.472135954999579277e-01,-1.118033988749894903e+00,-1.788854381999831711e+00,-2.906888370749726391e+00,-1.341640786499873839e+00,0.000000000000000000e+00,-2.236067977499789805e+00,-1.341640786499873839e+00,-1.565247584249852775e+00,-8.944271909999158554e-01,-8.944271909999158554e-01,6.708203932499369193e-01,4.472135954999579277e-01,0.000000000000000000e+00,6.708203932499369193e-01,-1.118033988749894903e+00,-2.012461179749810647e+00,-1.341640786499873839e+00,-6.708203932499369193e-01,-2.459674775249768519e+00,-2.906888370749726391e+00,-3.130495168499705549e+00,-4.248529157249600452e+00,-3.354101966249684263e+00,-4.248529157249600452e+00,-6.037383539249431941e+00,-5.590169943749473624e+00,-4.695742752749557880e+00,-4.472135954999579610e+00,-3.130495168499705549e+00,-2.459674775249768519e+00,-3.354101966249684263e+00,-3.577708763999663422e+00,-4.919349550499537038e+00,-5.590169943749473624e+00,-5.142956348249516196e+00,-3.577708763999663422e+00,-1.341640786499873839e+00,-2.236067977499789805e+00,-2.683281572999747677e+00,-2.236067977499789639e-01,-1.341640786499873839e+00,-1.118033988749894903e+00,-2.236067977499789639e-01,-4.472135954999579277e-01,0.000000000000000000e+00,-4.472135954999579277e-01,8.944271909999158554e-01,-2.236067977499789639e-01,-4.472135954999579277e-01,6.708203932499369193e-01,1.118033988749894903e+00,8.944271909999158554e-01,2.012461179749810647e+00,1.118033988749894903e+00,4.472135954999579277e-01,-2.236067977499789639e-01,0.000000000000000000e+00,-8.944271909999158554e-01,-2.012461179749810647e+00,-1.118033988749894903e+00,-2.236067977499789805e+00,-2.683281572999747677e+00,-3.801315561749642136e+00,-4.024922359499621294e+00,-3.577708763999663422e+00,-2.683281572999747677e+00,-4.248529157249600452e+00,-2.236067977499789805e+00,-3.577708763999663422e+00,-2.906888370749726391e+00,-1.788854381999831711e+00,-1.565247584249852775e+00,-2.683281572999747677e+00,-1.565247584249852775e+00,-2.459674775249768519e+00,-6.708203932499369193e-01,6.708203932499369193e-01,4.472135954999579277e-01,2.236067977499789639e-01,0.000000000000000000e+00,4.472135954999579277e-01,2.459674775249768519e+00,2.683281572999747677e+00,3.354101966249684263e+00,2.459674775249768519e+00,2.012461179749810647e+00,2.683281572999747677e+00,2.236067977499789639e-01,8.944271909999158554e-01,-2.012461179749810647e+00,-2.459674775249768519e+00,-3.801315561749642136e+00,-3.801315561749642136e+00,-2.683281572999747677e+00,-1.565247584249852775e+00,-1.565247584249852775e+00,-2.683281572999747677e+00,-4.024922359499621294e+00,-4.024922359499621294e+00,-2.012461179749810647e+00,-4.472135954999579277e-01,-6.708203932499369193e-01,0.000000000000000000e+00,-1.118033988749894903e+00,4.472135954999579277e-01,1.788854381999831711e+00,0.000000000000000000e+00,-1.565247584249852775e+00,-1.565247584249852775e+00,-4.472135954999579277e-01,-4.472135954999579277e-01,-8.944271909999158554e-01,-1.788854381999831711e+00,4.472135954999579277e-01,4.472135954999579277e-01,-2.236067977499789639e-01,6.708203932499369193e-01,4.472135954999579277e-01,8.944271909999158554e-01,1.341640786499873839e+00,8.944271909999158554e-01,6.708203932499369193e-01,1.341640786499873839e+00,2.683281572999747677e+00,2.236067977499789805e+00,1.788854381999831711e+00,3.130495168499705549e+00,1.788854381999831711e+00,1.565247584249852775e+00,3.130495168499705549e+00,1.565247584249852775e+00,-2.236067977499789639e-01,0.000000000000000000e+00,-1.565247584249852775e+00,-1.565247584249852775e+00,-3.354101966249684263e+00,-4.248529157249600452e+00,-4.695742752749557880e+00,-4.024922359499621294e+00,-2.906888370749726391e+00,-2.459674775249768519e+00,-1.341640786499873839e+00,-8.944271909999158554e-01,2.236067977499789639e-01,6.708203932499369193e-01,2.012461179749810647e+00,3.577708763999663422e+00,5.366563145999495354e+00,3.354101966249684263e+00,1.341640786499873839e+00,1.118033988749894903e+00,1.788854381999831711e+00,6.708203932499369193e-01,2.459674775249768519e+00,2.236067977499789805e+00,1.788854381999831711e+00,2.683281572999747677e+00,1.341640786499873839e+00,8.944271909999158554e-01,-4.472135954999579277e-01,-6.708203932499369193e-01,-2.683281572999747677e+00,-3.130495168499705549e+00,-3.130495168499705549e+00,-4.472135954999579610e+00,-3.577708763999663422e+00,-3.577708763999663422e+00,-3.354101966249684263e+00,-3.354101966249684263e+00,-3.130495168499705549e+00,-1.565247584249852775e+00,-8.944271909999158554e-01,4.472135954999579277e-01,6.708203932499369193e-01,4.472135954999579277e-01,1.118033988749894903e+00,4.472135954999579277e-01,6.708203932499369193e-01,1.788854381999831711e+00,8.944271909999158554e-01,1.341640786499873839e+00,2.236067977499789805e+00,2.236067977499789805e+00,1.788854381999831711e+00,8.944271909999158554e-01,2.012461179749810647e+00,8.944271909999158554e-01,-2.236067977499789639e-01,4.472135954999579277e-01,1.118033988749894903e+00,1.341640786499873839e+00,2.236067977499789805e+00,4.472135954999579277e-01,0.000000000000000000e+00,-1.341640786499873839e+00,-1.788854381999831711e+00,-8.944271909999158554e-01,-2.459674775249768519e+00,-2.236067977499789805e+00,-2.012461179749810647e+00,-1.565247584249852775e+00,-2.236067977499789805e+00,-2.683281572999747677e+00,-2.906888370749726391e+00,-1.788854381999831711e+00,-2.012461179749810647e+00,-3.577708763999663422e+00,-3.801315561749642136e+00,-4.695742752749557880e+00,-7.155417527999326843e+00,-8.944271909999159220e+00,-7.379024325749306001e+00,-6.260990336999411099e+00,-5.590169943749473624e+00,-4.024922359499621294e+00,-3.801315561749642136e+00,-6.708203932499369193e-01,4.472135954999579277e-01,8.944271909999158554e-01,-2.236067977499789639e-01,-8.944271909999158554e-01,-2.236067977499789639e-01,-6.708203932499369193e-01,8.944271909999158554e-01,1.565247584249852775e+00,1.565247584249852775e+00,3.577708763999663422e+00,3.354101966249684263e+00,3.354101966249684263e+00,3.801315561749642136e+00,3.801315561749642136e+00,4.024922359499621294e+00,2.683281572999747677e+00,4.024922359499621294e+00,5.366563145999495354e+00,4.024922359499621294e+00,4.024922359499621294e+00,3.801315561749642136e+00,3.801315561749642136e+00,2.683281572999747677e+00,4.024922359499621294e+00,4.024922359499621294e+00,3.354101966249684263e+00,4.248529157249600452e+00,6.708203932499369193e-01,-2.236067977499789639e-01,1.341640786499873839e+00,2.012461179749810647e+00,2.236067977499789805e+00,2.012461179749810647e+00,8.944271909999158554e-01,0.000000000000000000e+00,-2.236067977499789805e+00,-1.788854381999831711e+00,-2.012461179749810647e+00,-1.565247584249852775e+00,-2.459674775249768519e+00,-3.577708763999663422e+00,-2.236067977499789805e+00,-1.565247584249852775e+00,-2.012461179749810647e+00,-2.906888370749726391e+00,-2.012461179749810647e+00,-2.683281572999747677e+00,-2.906888370749726391e+00,-2.683281572999747677e+00,-3.577708763999663422e+00,-3.801315561749642136e+00,-4.024922359499621294e+00,-2.459674775249768519e+00,-3.130495168499705549e+00,-2.906888370749726391e+00,-4.024922359499621294e+00,-4.472135954999579610e+00,-3.801315561749642136e+00,-1.118033988749894903e+00,-4.472135954999579277e-01,-2.683281572999747677e+00,-2.683281572999747677e+00,-4.472135954999579610e+00,-5.813776741499452783e+00,-6.037383539249431941e+00,-5.366563145999495354e+00,-6.708203932499368527e+00,-6.037383539249431941e+00,-6.931810730249347685e+00,-6.708203932499368527e+00,-5.590169943749473624e+00,-4.919349550499537038e+00,-4.248529157249600452e+00,-3.801315561749642136e+00,-4.248529157249600452e+00,-2.459674775249768519e+00,-1.788854381999831711e+00,1.565247584249852775e+00,8.944271909999158554e-01,1.118033988749894903e+00,1.565247584249852775e+00,2.012461179749810647e+00,1.341640786499873839e+00,1.118033988749894903e+00,-2.236067977499789639e-01,-1.118033988749894903e+00,-6.708203932499369193e-01,-2.906888370749726391e+00,-3.801315561749642136e+00,-2.236067977499789805e+00,-2.236067977499789805e+00,-2.459674775249768519e+00,-2.906888370749726391e+00,-4.024922359499621294e+00,-2.236067977499789805e+00,-1.565247584249852775e+00,-6.708203932499369193e-01,-2.236067977499789639e-01,-8.944271909999158554e-01,1.341640786499873839e+00,1.341640786499873839e+00,4.472135954999579277e-01,1.565247584249852775e+00,2.012461179749810647e+00,1.788854381999831711e+00,3.354101966249684263e+00,2.906888370749726391e+00,1.118033988749894903e+00,1.788854381999831711e+00,2.012461179749810647e+00,1.118033988749894903e+00,-1.118033988749894903e+00,-1.118033988749894903e+00,-2.236067977499789805e+00,-3.130495168499705549e+00,-5.142956348249516196e+00,-2.683281572999747677e+00,-1.788854381999831711e+00,-6.708203932499369193e-01,-4.472135954999579277e-01,-1.565247584249852775e+00,-3.354101966249684263e+00,-4.248529157249600452e+00,-2.459674775249768519e+00,-3.130495168499705549e+00,-4.919349550499537038e+00,-5.142956348249516196e+00,-4.472135954999579610e+00,-4.919349550499537038e+00,-4.248529157249600452e+00,-2.906888370749726391e+00,-2.236067977499789805e+00,-1.565247584249852775e+00,0.000000000000000000e+00,0.000000000000000000e+00,1.341640786499873839e+00,2.012461179749810647e+00,3.801315561749642136e+00,3.354101966249684263e+00,4.248529157249600452e+00,3.801315561749642136e+00,1.788854381999831711e+00,1.565247584249852775e+00,2.236067977499789639e-01,0.000000000000000000e+00,-2.906888370749726391e+00,-8.944271909999158554e-01,-2.236067977499789805e+00,-2.012461179749810647e+00,-1.118033988749894903e+00,-1.341640786499873839e+00,-2.459674775249768519e+00,-3.130495168499705549e+00,-3.130495168499705549e+00,-3.801315561749642136e+00,-2.236067977499789805e+00,-1.118033988749894903e+00,-4.472135954999579277e-01,-1.341640786499873839e+00,-8.944271909999158554e-01,-4.472135954999579277e-01,2.236067977499789639e-01,-2.236067977499789639e-01,4.472135954999579277e-01,1.565247584249852775e+00,1.788854381999831711e+00,8.944271909999158554e-01,2.236067977499789639e-01,1.118033988749894903e+00,-1.118033988749894903e+00,-6.708203932499369193e-01,0.000000000000000000e+00,-1.565247584249852775e+00,-2.236067977499789805e+00,-1.341640786499873839e+00,0.000000000000000000e+00,-4.472135954999579277e-01,6.708203932499369193e-01,2.236067977499789639e-01,-8.944271909999158554e-01,-2.236067977499789639e-01,3.130495168499705549e+00,3.130495168499705549e+00,4.695742752749557880e+00,4.919349550499537038e+00
-3.354101966249684263e+00,-3.577708763999663422e+00,-5.366563145999495354e+00,-4.024922359499621294e+00,-2.459674775249768519e+00,-3.577708763999663422e+00,-2.012461179749810647e+00,0.000000000000000000e+00,0.000000000000000000e+00,-4.472135954999579277e-01,-2.012461179749810647e+00,-6.708203932499369193e-01,6.708203932499369193e-01,4.472135954999579277e-01,2.683281572999747677e+00,1.788854381999831711e+00,4.472135954999579277e-01,1.565247584249852775e+00,3.130495168499705549e+00,3.354101966249684263e+00,2.012461179749810647e+00,2.459674775249768519e+00,2.459674775249768519e+00,3.130495168499705549e+00,2.906888370749726391e+00,3.130495168499705549e+00,2.683281572999747677e+00,2.236067977499789805e+00,6.708203932499369193e-01,8.944271909999158554e-01,-8.944271909999158554e-01,0.000000000000000000e+00,4.472135954999579277e-01,-2.236067977499789639e-01,-1.341640786499873839e+00,-4.695742752749557880e+00,-6.260990336999411099e+00,-4.919349550499537038e+00,-5.142956348249516196e+00,-6.931810730249347685e+00,-6.037383539249431941e+00,-6.708203932499368527e+00,-6.037383539249431941e+00,-7.155417527999326843e+00,-3.354101966249684263e+00,-4.695742752749557880e+00,-5.813776741499452783e+00,-4.472135954999579610e+00,-3.801315561749642136e+00,-3.354101966249684263e+00,-2.012461179749810647e+00,-4.248529157249600452e+00,-4.024922359499621294e+00,-4.695742752749557880e+00,-5.366563145999495354e+00,-4.248529157249600452e+00,-5.142956348249516196e+00,-4.695742752749557880e+00,-4.919349550499537038e+00,-5.590169943749473624e+00,-4.695742752749557880e+00,-5.366563145999495354e+00,-2.236067977499789805e+00,-1.788854381999831711e+00,-5.813776741499452783e+00,-4.024922359499621294e+00,-1.565247584249852775e+00,-2.459674775249768519e+00,-2.906888370749726391e+00,-3.354101966249684263e+00,-3.801315561749642136e+00,-4.919349550499537038e+00,-3.801315561749642136e+00,-3.354101966249684263e+00,-2.459674775249768519e+00,-2.906888370749726391e+00,-1.565247584249852775e+00,-3.354101966249684263e+00,-2.683281572999747677e+00,-4.248529157249600452e+00,-5.590169943749473624e+00,-5.142956348249516196e+00,-3.577708763999663422e+00,-2.683281572999747677e+00,-1.341640786499873839e+00,-4.024922359499621294e+00,-4.472135954999579610e+00,-4.472135954999579610e+00,-3.130495168499705549e+00,-4.472135954999579610e+00,-4.248529157249600452e+00,-5.813776741499452783e+00,-4.919349550499537038e+00,-4.024922359499621294e+00,-4.472135954999579610e+00,-4.248529157249600452e+00,-2.683281572999747677e+00,-3.130495168499705549e+00,-2.683281572999747677e+00,-6.708203932499369193e-01,-2.012461179749810647e+00,-2.236067977499789805e+00,-4.695742752749557880e+00,-4.919349550499537038e+00,-3.130495168499705549e+00,-3.130495168499705549e+00,-4.472135954999579277e-01,-4.472135954999579277e-01,2.236067977499789639e-01,1.341640786499873839e+00,1.118033988749894903e+00,1.788854381999831711e+00,2.236067977499789805e+00,1.565247584249852775e+00,1.341640786499873839e+00,1.565247584249852775e+00,2.012461179749810647e+00,2.459674775249768519e+00,1.788854381999831711e+00,1.788854381999831711e+00,4.248529157249600452e+00,3.130495168499705549e+00,3.577708763999663422e+00,4.248529157249600452e+00,4.472135954999579610e+00,5.813776741499452783e+00,6.484597134749389369e+00,5.590169943749473624e+00,6.037383539249431941e+00,5.813776741499452783e+00,6.037383539249431941e+00,3.801315561749642136e+00,3.130495168499705549e+00,1.788854381999831711e+00,1.118033988749894903e+00,6.708203932499369193e-01,2.906888370749726391e+00,1.788854381999831711e+00,1.788854381999831711e+00,2.012461179749810647e+00,0.000000000000000000e+00,-1.788854381999831711e+00,-2.683281572999747677e+00,-2.683281572999747677e+00,-1.341640786499873839e+00,-1.565247584249852775e+00,-1.565247584249852775e+00,-2.236067977499789805e+00,-2.683281572999747677e+00,-3.577708763999663422e+00,-4.919349550499537038e+00,-6.708203932499368527e+00,-3.801315561749642136e+00,-3.801315561749642136e+00,-5.142956348249516196e+00,-4.695742752749557880e+00,-3.801315561749642136e+00,-3.130495168499705549e+00,-2.906888370749726391e+00,-2.236067977499789805e+00,-2.459674775249768519e+00,-4.248529157249600452e+00,-3.577708763999663422e+00,-3.801315561749642136e+00,-2.459674775249768519e+00,-3.801315561749642136e+00,-2.683281572999747677e+00,-2.236067977499789805e+00,-3.801315561749642136e+00,-3.577708763999663422e+00,-4.024922359499621294e+00,-2.683281572999747677e+00,-4.024922359499621294e+00,-3.577708763999663422e+00,-2.906888370749726391e+00,-2.236067977499789805e+00,0.000000000000000000e+00,-6.708203932499369193e-01,-2.236067977499789639e-01,-1.118033988749894903e+00,-8.944271909999158554e-01,-2.236067977499789639e-01,-1.788854381999831711e+00,-3.354101966249684263e+00,-3.577708763999663422e+00,-3.577708763999663422e+00,-4.695742752749557880e+00,-6.037383539249431941e+00,-5.813776741499452783e+00,-4.919349550499537038e+00,-6.484597134749389369e+00,-6.708203932499368527e+00,-6.708203932499368527e+00,-4.472135954999579610e+00,-4.472135954999579610e+00,-5.142956348249516196e+00,-5.142956348249516196e+00,-4.472135954999579610e+00,-4.472135954999579610e+00,-5.142956348249516196e+00,-5.590169943749473624e+00,-5.813776741499452783e+00,-4.248529157249600452e+00,-5.366563145999495354e+00,-6.708203932499368527e+00,-4.472135954999579610e+00,-6.484597134749389369e+00,-6.484597134749389369e+00,-8.273451516749220858e+00,-5.142956348249516196e+00,-3.577708763999663422e+00,-3.130495168499705549e+00,-3.801315561749642136e+00,-5.366563145999495354e+00,-6.260990336999411099e+00,-6.260990336999411099e+00,-5.142956348249516196e+00,-5.813776741499452783e+00,-4.472135954999579610e+00,-6.037383539249431941e+00,-6.037383539249431941e+00,-6.260990336999411099e+00,-6.708203932499368527e+00,-5.366563145999495354e+00,-6.931810730249347685e+00,-5.590169943749473624e+00,-5.590169943749473624e+00,-4.472135954999579610e+00,-5.366563145999495354e+00,-4.919349550499537038e+00,-3.801315561749642136e+00,-3.801315561749642136e+00,-4.248529157249600452e+00,-4.472135954999579610e+00,-4.472135954999579610e+00,-2.012461179749810647e+00,-2.683281572999747677e+00,-2.906888370749726391e+00,-1.341640786499873839e+00,-2.012461179749810647e+00,-1.341640786499873839e+00,-4.472135954999579277e-01,1.565247584249852775e+00,4.472135954999579277e-01,1.118033988749894903e+00,6.708203932499369193e-01,1.118033988749894903e+00,-2.236067977499789639e-01,8.944271909999158554e-01,-8.944271909999158554e-01,-6.708203932499369193e-01,-1.565247584249852775e+00,-2.683281572999747677e+00,-1.788854381999831711e+00,-1.788854381999831711e+00,-2.236067977499789805e+00,-2.012461179749810647e+00,-2.236067977499789639e-01,2.236067977499789639e-01,6.708203932499369193e-01,8.944271909999158554e-01,4.472135954999579277e-01,2.236067977499789639e-01,-1.118033988749894903e+00,0.000000000000000000e+00,1.788854381999831711e+00,2.459674775249768519e+00,6.708203932499369193e-01,1.118033988749894903e+00,1.341640786499873839e+00,0.000000000000000000e+00,-2.012461179749810647e+00,-2.459674775249768519e+00,-2.906888370749726391e+00,-3.577708763999663422e+00,-4.919349550499537038e+00,-4.919349550499537038e+00,-5.813776741499452783e+00,-4.024922359499621294e+00,-2.683281572999747677e+00,-1.788854381999831711e+00,2.236067977499789639e-01,-6.708203932499369193e-01,-1.788854381999831711e+00,-2.012461179749810647e+00,-4.472135954999579277e-01,2.236067977499789639e-01,0.000000000000000000e+00,-2.236067977499789639e-01,6.708203932499369193e-01,2.236067977499789805e+00,-4.472135954999579277e-01,1.565247584249852775e+00,2.459674775249768519e+00,3.354101966249684263e+00,2.459674775249768519e+00,1.788854381999831711e+00,2.012461179749810647e+00,2.459674775249768519e+00,2.683281572999747677e+00,3.801315561749642136e+00,4.472135954999579610e+00,5.813776741499452783e+00,6.484597134749389369e+00,7.379024325749306001e+00,6.037383539249431941e+00,5.590169943749473624e+00,5.813776741499452783e+00,6.260990336999411099e+00,5.142956348249516196e+00,6.484597134749389369e+00,5.366563145999495354e+00,7.826237921249263430e+00,5.590169943749473624e+00,6.708203932499368527e+00,6.708203932499368527e+00,4.919349550499537038e+00,4.472135954999579610e+00,4.919349550499537038e+00,4.472135954999579610e+00,2.236067977499789805e+00,8.944271909999158554e-01,4.472135954999579277e-01,-6.708203932499369193e-01,-1.565247584249852775e+00,-2.012461179749810647e+00,-1.341640786499873839e+00,-2.459674775249768519e+00,-2.236067977499789805e+00,-3.577708763999663422e+00,-5.366563145999495354e+00,-6.484597134749389369e+00,-4.472135954999579610e+00,-5.142956348249516196e+00,-5.142956348249516196e+00,-6.260990336999411099e+00,-4.248529157249600452e+00,-3.354101966249684263e+00,-4.472135954999579610e+00,-4.024922359499621294e+00,-3.354101966249684263e+00,-2.236067977499789805e+00,-1.341640786499873839e+00,-1.118033988749894903e+00,1.118033988749894903e+00,3.130495168499705549e+00,2.683281572999747677e+00,2.459674775249768519e+00,1.788854381999831711e+00,4.024922359499621294e+00,5.142956348249516196e+00,4.695742752749557880e+00,4.472135954999579610e+00,6.037383539249431941e+00,6.484597134749389369e+00,4.919349550499537038e+00,5.142956348249516196e+00,5.590169943749473624e+00,6.260990336999411099e+00,5.590169943749473624e+00,5.813776741499452783e+00,6.931810730249347685e+00,5.366563145999495354e+00,6.708203932499368527e+00,5.590169943749473624e+00,6.260990336999411099e+00,5.590169943749473624e+00,6.037383539249431941e+00,5.590169943749473624e+00,6.037383539249431941e+00,7.155417527999326843e+00,6.260990336999411099e+00,4.472135954999579610e+00,4.695742752749557880e+00,2.906888370749726391e+00,2.906888370749726391e+00,2.683281572999747677e+00,2.459674775249768519e+00,8.944271909999158554e-01,-2.236067977499789639e-01,-1.118033988749894903e+00,-1.565247584249852775e+00,6.708203932499369193e-01,-4.472135954999579277e-01,-2.236067977499789639e-01,4.472135954999579277e-01,1.118033988749894903e+00,2.236067977499789805e+00,0.000000000000000000e+00,-1.118033988749894903e+00,-2.012461179749810647e+00,-2.236067977499789805e+00,-8.944271909999158554e-01,-1.118033988749894903e+00,1.118033988749894903e+00,-6.708203932499369193e-01,6.708203932499369193e-01,1.118033988749894903e+00,1.118033988749894903e+00,1.118033988749894903e+00,8.944271909999158554e-01,-6.708203932499369193e-01,-2.012461179749810647e+00,-6.708203932499369193e-01,6.708203932499369193e-01,1.341640786499873839e+00,-1.118033988749894903e+00,-2.459674775249768519e+00,-2.012461179749810647e+00,-3.577708763999663422e+00,-2.012461179749810647e+00,-3.130495168499705549e+00,0.000000000000000000e+00,-6.708203932499369193e-01,0.000000000000000000e+00,6.708203932499369193e-01,1.565247584249852775e+00,0.000000000000000000e+00,-6.708203932499369193e-01,-1.788854381999831711e+00,-2.236067977499789805e+00,-3.130495168499705549e+00,-2.683281572999747677e+00,-2.236067977499789805e+00,-3.354101966249684263e+00,-5.142956348249516196e+00,-4.024922359499621294e+00,-3.577708763999663422e+00,-3.354101966249684263e+00,-3.354101966249684263e+00,-3.577708763999663422e+00,-4.919349550499537038e+00,-4.024922359499621294e+00,-5.813776741499452783e+00,-5.590169943749473624e+00,-6.260990336999411099e+00,-6.037383539249431941e+00,-6.484597134749389369e+00,-6.260990336999411099e+00,-5.142956348249516196e+00,-5.813776741499452783e+00,-4.024922359499621294e+00,-4.472135954999579610e+00,-7.155417527999326843e+00,-7.379024325749306001e+00,-7.602631123499284271e+00,-5.813776741499452783e+00,-6.037383539249431941e+00,-6.260990336999411099e+00,-5.142956348249516196e+00,-6.484597134749389369e+00,-5.142956348249516196e+00,-2.683281572999747677e+00,-2.683281572999747677e+00,-3.577708763999663422e+00,-3.354101966249684263e+00,-5.813776741499452783e+00,-5.590169943749473624e+00,-4.472135954999579610e+00,-3.577708763999663422e+00,-4.472135954999579610e+00,-3.577708763999663422e+00,-3.354101966249684263e+00,-2.012461179749810647e+00,-6.708203932499369193e-01,-1.341640786499873839e+00,-1.565247584249852775e+00,2.012461179749810647e+00,2.906888370749726391e+00,3.577708763999663422e+00,3.354101966249684263e+00,6.260990336999411099e+00,4.919349550499537038e+00,4.248529157249600452e+00,4.695742752749557880e+00,4.472135954999579610e+00,5.366563145999495354e+00,5.142956348249516196e+00,4.472135954999579610e+00,3.130495168499705549e+00,3.130495168499705549e+00,4.695742752749557880e+00,2.683281572999747677e+00,4.472135954999579277e-01,2.236067977499789805e+00,2.683281572999747677e+00,2.459674775249768519e+00,1.341640786499873839e+00,1.788854381999831711e+00,2.459674775249768519e+00,4.472135954999579610e+00,2.236067977499789805e+00,2.012461179749810647e+00,2.683281572999747677e+00,2.236067977499789805e+00,4.472135954999579277e-01,1.788854381999831711e+00,2.683281572999747677e+00,2.906888370749726391e+00,2.012461179749810647e+00
-5.142956348249516196e+00,-5.142956348249516196e+00,-2.459674775249768519e+00,-4.024922359499621294e+00,-3.130495168499705549e+00,-8.944271909999158554e-01,8.944271909999158554e-01,-2.236067977499789639e-01,-6.708203932499369193e-01,-2.236067977499789639e-01,0.000000000000000000e+00,-8.944271909999158554e-01,-1.565247584249852775e+00,-1.788854381999831711e+00,-3.801315561749642136e+00,-2.906888370749726391e+00,-4.248529157249600452e+00,-2.906888370749726391e+00,-4.248529157249600452e+00,-6.037383539249431941e+00,-6.931810730249347685e+00,-4.024922359499621294e+00,-4.248529157249600452e+00,-4.472135954999579610e+00,-5.142956348249516196e+00,-4.695742752749557880e+00,-2.906888370749726391e+00,-2.236067977499789805e+00,-2.683281572999747677e+00,-3.801315561749642136e+00,-2.236067977499789805e+00,-1.788854381999831711e+00,-4.472135954999579277e-01,-3.577708763999663422e+00,-3.577708763999663422e+00,-3.130495168499705549e+00,-3.354101966249684263e+00,-3.130495168499705549e+00,-2.683281572999747677e+00,-2.459674775249768519e+00,-3.577708763999663422e+00,-3.577708763999663422e+00,-3.577708763999663422e+00,-2.459674775249768519e+00,-2.236067977499789805e+00,-2.459674775249768519e+00,-4.695742752749557880e+00,-5.142956348249516196e+00,-6.484597134749389369e+00,-6.260990336999411099e+00,-8.049844718999242588e+00,-8.720665112249179174e+00,-8.273451516749220858e+00,-9.391485505499115760e+00,-9.391485505499115760e+00,-8.273451516749220858e+00,-9.391485505499115760e+00,-8.497058314499200904e+00,-1.095673308974896898e+01,-8.497058314499200904e+00,-7.602631123499284271e+00,-6.484597134749389369e+00,-6.037383539249431941e+00,-5.142956348249516196e+00,-4.919349550499537038e+00,-3.130495168499705549e+00,-3.801315561749642136e+00,-4.248529157249600452e+00,-4.919349550499537038e+00,-2.683281572999747677e+00,-2.906888370749726391e+00,-2.236067977499789805e+00,-2.683281572999747677e+00,-4.024922359499621294e+00,-4.024922359499621294e+00,-2.683281572999747677e+00,-1.118033988749894903e+00,-1.118033988749894903e+00,-1.565247584249852775e+00,-2.459674775249768519e+00,-3.577708763999663422e+00,-3.354101966249684263e+00,-1.565247584249852775e+00,-2.012461179749810647e+00,-4.472135954999579277e-01,4.472135954999579277e-01,2.012461179749810647e+00,1.565247584249852775e+00,2.236067977499789639e-01,-4.472135954999579277e-01,-2.236067977499789639e-01,-1.118033988749894903e+00,-8.944271909999158554e-01,-1.788854381999831711e+00,-2.012461179749810647e+00,-2.459674775249768519e+00,-2.906888370749726391e+00,-1.565247584249852775e+00,-1.341640786499873839e+00,1.341640786499873839e+00,0.000000000000000000e+00,8.944271909999158554e-01,2.683281572999747677e+00,4.024922359499621294e+00,5.366563145999495354e+00,6.931810730249347685e+00,5.142956348249516196e+00,6.484597134749389369e+00,5.590169943749473624e+00,5.813776741499452783e+00,5.590169943749473624e+00,5.590169943749473624e+00,4.919349550499537038e+00,3.801315561749642136e+00,4.472135954999579610e+00,3.354101966249684263e+00,2.236067977499789805e+00,2.906888370749726391e+00,3.801315561749642136e+00,5.590169943749473624e+00,3.577708763999663422e+00,1.565247584249852775e+00,1.118033988749894903e+00,0.000000000000000000e+00,-8.944271909999158554e-01,-2.012461179749810647e+00,-2.906888370749726391e+00,-3.354101966249684263e+00,-3.354101966249684263e+00,-2.459674775249768519e+00,-6.708203932499369193e-01,-1.341640786499873839e+00,-2.236067977499789805e+00,-4.472135954999579277e-01,2.236067977499789639e-01,1.341640786499873839e+00,2.236067977499789639e-01,2.236067977499789639e-01,-2.236067977499789639e-01,8.944271909999158554e-01,4.472135954999579277e-01,-4.472135954999579277e-01,-1.118033988749894903e+00,-2.236067977499789805e+00,-1.565247584249852775e+00,0.000000000000000000e+00,-1.341640786499873839e+00,-1.341640786499873839e+00,-8.944271909999158554e-01,-8.944271909999158554e-01,-2.683281572999747677e+00,-3.354101966249684263e+00,-4.695742752749557880e+00,-3.354101966249684263e+00,-2.012461179749810647e+00,-4.472135954999579277e-01,-1.565247584249852775e+00,-8.944271909999158554e-01,-1.118033988749894903e+00,-1.565247584249852775e+00,-2.459674775249768519e+00,-4.248529157249600452e+00,-6.484597134749389369e+00,-6.037383539249431941e+00,-5.142956348249516196e+00,-3.354101966249684263e+00,-6.484597134749389369e+00,-7.155417527999326843e+00,-6.931810730249347685e+00,-6.708203932499368527e+00,-6.037383539249431941e+00,-8.273451516749220858e+00,-7.602631123499284271e+00,-6.484597134749389369e+00,-4.919349550499537038e+00,-4.024922359499621294e+00,-3.577708763999663422e+00,-3.354101966249684263e+00,-3.354101966249684263e+00,-2.906888370749726391e+00,-2.012461179749810647e+00,-2.459674775249768519e+00,-2.683281572999747677e+00,-4.024922359499621294e+00,-7.155417527999326843e+00,-8.049844718999242588e+00,-7.602631123499284271e+00,-7.826237921249263430e+00,-6.484597134749389369e+00,-8.049844718999242588e+00,-6.037383539249431941e+00,-5.590169943749473624e+00,-5.590169943749473624e+00,-3.130495168499705549e+00,-3.801315561749642136e+00,-4.919349550499537038e+00,-2.459674775249768519e+00,-2.459674775249768519e+00,-2.459674775249768519e+00,-2.236067977499789805e+00,-1.788854381999831711e+00,2.236067977499789639e-01,-4.472135954999579277e-01,-8.944271909999158554e-01,2.236067977499789639e-01,4.472135954999579277e-01,-8.944271909999158554e-01,-2.236067977499789639e-01,-1.788854381999831711e+00,-2.459674775249768519e+00,-2.236067977499789805e+00,-3.130495168499705549e+00,-2.236067977499789805e+00,-2.906888370749726391e+00,-4.248529157249600452e+00,-2.683281572999747677e+00,-1.788854381999831711e+00,-1.565247584249852775e+00,4.472135954999579277e-01,2.459674775249768519e+00,1.341640786499873839e+00,-4.472135954999579277e-01,4.472135954999579277e-01,-1.565247584249852775e+00,-1.565247584249852775e+00,-1.341640786499873839e+00,-2.012461179749810647e+00,-3.130495168499705549e+00,-1.341640786499873839e+00,-4.472135954999579277e-01,-1.118033988749894903e+00,-6.708203932499369193e-01,-3.130495168499705549e+00,-4.472135954999579610e+00,-2.459674775249768519e+00,-2.236067977499789805e+00,-2.236067977499789805e+00,-1.565247584249852775e+00,-2.459674775249768519e+00,-2.012461179749810647e+00,-3.801315561749642136e+00,-4.024922359499621294e+00,-2.683281572999747677e+00,-2.459674775249768519e+00,-2.236067977499789805e+00,-3.577708763999663422e+00,-4.472135954999579610e+00,-3.354101966249684263e+00,-2.906888370749726391e+00,-4.919349550499537038e+00,-3.577708763999663422e+00,-2.459674775249768519e+00,-3.130495168499705549e+00,-1.565247584249852775e+00,-2.012461179749810647e+00,-2.459674775249768519e+00,-3.354101966249684263e+00,-3.130495168499705549e+00,-2.906888370749726391e+00,-1.565247584249852775e+00,-4.472135954999579277e-01,-2.683281572999747677e+00,-2.012461179749810647e+00,-2.236067977499789805e+00,-2.906888370749726391e+00,-3.354101966249684263e+00,-2.683281572999747677e+00,-3.354101966249684263e+00,-2.459674775249768519e+00,-2.236067977499789805e+00,0.000000000000000000e+00,6.708203932499369193e-01,1.118033988749894903e+00,4.472135954999579277e-01,-3.130495168499705549e+00,-2.906888370749726391e+00,-5.590169943749473624e+00,-5.590169943749473624e+00,-5.590169943749473624e+00,-3.801315561749642136e+00,-4.024922359499621294e+00,-5.366563145999495354e+00,-2.236067977499789805e+00,-1.565247584249852775e+00,-2.459674775249768519e+00,-1.788854381999831711e+00,-3.354101966249684263e+00,-3.354101966249684263e+00,-3.577708763999663422e+00,-2.012461179749810647e+00,-2.683281572999747677e+00,-3.354101966249684263e+00,-4.695742752749557880e+00,-5.366563145999495354e+00,-3.130495168499705549e+00,-3.577708763999663422e+00,-4.472135954999579610e+00,-5.813776741499452783e+00,-5.366563145999495354e+00,-5.366563145999495354e+00,-4.472135954999579610e+00,-4.472135954999579610e+00,-3.801315561749642136e+00,-2.683281572999747677e+00,-4.695742752749557880e+00,-2.906888370749726391e+00,-4.695742752749557880e+00,-4.919349550499537038e+00,-3.801315561749642136e+00,-3.130495168499705549e+00,-4.472135954999579610e+00,-4.919349550499537038e+00,-5.366563145999495354e+00,-2.906888370749726391e+00,-2.236067977499789805e+00,-2.459674775249768519e+00,-1.788854381999831711e+00,-1.565247584249852775e+00,-2.012461179749810647e+00,-2.459674775249768519e+00,-2.459674775249768519e+00,-1.341640786499873839e+00,-2.236067977499789639e-01,-2.236067977499789639e-01,-2.683281572999747677e+00,-3.354101966249684263e+00,-2.236067977499789805e+00,-1.341640786499873839e+00,-2.683281572999747677e+00,-8.944271909999158554e-01,-1.118033988749894903e+00,-6.708203932499369193e-01,6.708203932499369193e-01,6.708203932499369193e-01,-2.906888370749726391e+00,-1.565247584249852775e+00,-2.906888370749726391e+00,-3.130495168499705549e+00,-3.801315561749642136e+00,-2.012461179749810647e+00,-1.565247584249852775e+00,-2.012461179749810647e+00,-1.565247584249852775e+00,-2.236067977499789639e-01,0.000000000000000000e+00,4.472135954999579277e-01,2.236067977499789639e-01,2.236067977499789639e-01,-6.708203932499369193e-01,-1.341640786499873839e+00,-1.118033988749894903e+00,-6.708203932499369193e-01,-6.708203932499369193e-01,-1.118033988749894903e+00,-2.236067977499789639e-01,8.944271909999158554e-01,1.341640786499873839e+00,4.919349550499537038e+00,5.813776741499452783e+00,5.142956348249516196e+00,4.919349550499537038e+00,5.366563145999495354e+00,3.354101966249684263e+00,2.459674775249768519e+00,3.354101966249684263e+00,4.248529157249600452e+00,5.813776741499452783e+00,6.484597134749389369e+00,6.037383539249431941e+00,6.037383539249431941e+00,6.484597134749389369e+00,5.366563145999495354e+00,4.472135954999579610e+00,6.484597134749389369e+00,5.142956348249516196e+00,4.695742752749557880e+00,4.919349550499537038e+00,5.590169943749473624e+00,5.813776741499452783e+00,2.906888370749726391e+00,-4.472135954999579277e-01,-1.341640786499873839e+00,8.944271909999158554e-01,2.236067977499789639e-01,-8.944271909999158554e-01,2.236067977499789639e-01,6.708203932499369193e-01,8.944271909999158554e-01,-2.236067977499789639e-01,0.000000000000000000e+00,2.236067977499789639e-01,-1.118033988749894903e+00,8.944271909999158554e-01,8.944271909999158554e-01,6.708203932499369193e-01,-4.472135954999579277e-01,-1.118033988749894903e+00,0.000000000000000000e+00,2.459674775249768519e+00,2.012461179749810647e+00,2.236067977499789805e+00,1.788854381999831711e+00,2.683281572999747677e+00,3.577708763999663422e+00,2.236067977499789805e+00,-4.472135954999579277e-01,1.788854381999831711e+00,1.118033988749894903e+00,1.118033988749894903e+00,2.236067977499789639e-01,-6.708203932499369193e-01,0.000000000000000000e+00,2.236067977499789639e-01,6.708203932499369193e-01,-1.788854381999831711e+00,-2.012461179749810647e+00,-1.788854381999831711e+00,-1.788854381999831711e+00,-1.341640786499873839e+00,0.000000000000000000e+00,-4.472135954999579277e-01,-2.236067977499789639e-01,-1.341640786499873839e+00,-4.472135954999579277e-01,-1.788854381999831711e+00,-2.012461179749810647e+00,-1.341640786499873839e+00,1.341640786499873839e+00,2.012461179749810647e+00,1.788854381999831711e+00,4.472135954999579277e-01,6.708203932499369193e-01,-2.236067977499789639e-01,1.788854381999831711e+00,1.788854381999831711e+00,1.788854381999831711e+00,6.708203932499369193e-01,3.130495168499705549e+00,4.248529157249600452e+00,2.459674775249768519e+00,2.459674775249768519e+00,2.683281572999747677e+00,2.683281572999747677e+00,3.130495168499705549e+00,4.472135954999579610e+00,4.248529157249600452e+00,4.024922359499621294e+00,3.577708763999663422e+00,4.919349550499537038e+00,5.813776741499452783e+00,4.248529157249600452e+00,2.906888370749726391e+00,2.459674775249768519e+00,-1.341640786499873839e+00,-1.788854381999831711e+00,-1.118033988749894903e+00,-1.788854381999831711e+00,-2.459674775249768519e+00,-1.341640786499873839e+00,-4.472135954999579277e-01,-8.944271909999158554e-01,6.708203932499369193e-01,1.565247584249852775e+00,3.354101966249684263e+00,2.683281572999747677e+00,2.236067977499789805e+00,2.906888370749726391e+00,1.341640786499873839e+00,1.118033988749894903e+00,-2.236067977499789639e-01,2.236067977499789639e-01,-2.236067977499789639e-01,1.341640786499873839e+00,6.708203932499369193e-01,4.472135954999579277e-01,1.341640786499873839e+00,1.341640786499873839e+00,1.118033988749894903e+00,2.459674775249768519e+00,2.459674775249768519e+00,2.683281572999747677e+00,3.130495168499705549e+00,3.130495168499705549e+00,1.341640786499873839e+00,1.341640786499873839e+00,1.118033988749894903e+00,2.236067977499789805e+00,2.236067977499789805e+00,4.024922359499621294e+00,3.801315561749642136e+00,2.012461179749810647e+00,1.788854381999831711e+00,1.118033988749894903e+00,6.708203932499369193e-01,2.683281572999747677e+00,2.012461179749810647e+00,0.000000000000000000e+00,-2.236067977499789639e-01,-1.341640786499873839e+00,-2.906888370749726391e+00
-2.236067977499789805e+00,-4.024922359499621294e+00,-3.801315561749642136e+00,-4.919349550499537038e+00,-4.472135954999579610e+00,-3.354101966249684263e+00,-2.906888370749726391e+00,-2.906888370749726391e+00,-3.577708763999663422e+00,-2.906888370749726391e+00,-4.024922359499621294e+00,-4.472135954999579610e+00,-4.248529157249600452e+00,-4.695742752749557880e+00,-3.577708763999663422e+00,-1.341640786499873839e+00,-2.012461179749810647e+00,-4.472135954999579277e-01,2.906888370749726391e+00,4.248529157249600452e+00,4.919349550499537038e+00,6.708203932499368527e+00,7.155417527999326843e+00,6.708203932499368527e+00,5.590169943749473624e+00,4.472135954999579610e+00,4.024922359499621294e+00,2.906888370749726391e+00,3.130495168499705549e+00,2.906888370749726391e+00,4.472135954999579610e+00,2.236067977499789805e+00,2.236067977499789805e+00,3.130495168499705549e+00,4.024922359499621294e+00,4.919349550499537038e+00,3.130495168499705549e+00,2.906888370749726391e+00,2.906888370749726391e+00,3.801315561749642136e+00,3.577708763999663422e+00,6.037383539249431941e+00,5.366563145999495354e+00,5.142956348249516196e+00,3.577708763999663422e+00,2.683281572999747677e+00,1.565247584249852775e+00,2.459674775249768519e+00,2.459674775249768519e+00,4.472135954999579277e-01,1.788854381999831711e+00,8.944271909999158554e-01,6.708203932499369193e-01,-1.565247584249852775e+00,-1.788854381999831711e+00,-4.024922359499621294e+00,-4.024922359499621294e+00,-4.695742752749557880e+00,-6.037383539249431941e+00,-6.260990336999411099e+00,-4.248529157249600452e+00,-2.012461179749810647e+00,-1.788854381999831711e+00,-1.341640786499873839e+00,-2.906888370749726391e+00,-2.906888370749726391e+00,-2.906888370749726391e+00,-3.354101966249684263e+00,-3.577708763999663422e+00,-4.024922359499621294e+00,-4.472135954999579610e+00,-4.919349550499537038e+00,-5.366563145999495354e+00,-6.037383539249431941e+00,-6.260990336999411099e+00,-5.366563145999495354e+00,-4.024922359499621294e+00,-2.906888370749726391e+00,-8.944271909999158554e-01,0.000000000000000000e+00,-4.472135954999579277e-01,-1.118033988749894903e+00,-6.708203932499369193e-01,-8.944271909999158554e-01,-1.565247584249852775e+00,0.000000000000000000e+00,2.236067977499789639e-01,4.472135954999579277e-01,1.341640786499873839e+00,6.708203932499369193e-01,8.944271909999158554e-01,-2.236067977499789639e-01,-2.236067977499789805e+00,-6.708203932499369193e-01,-6.708203932499369193e-01,0.000000000000000000e+00,1.565247584249852775e+00,-8.944271909999158554e-01,-6.708203932499369193e-01,0.000000000000000000e+00,2.236067977499789639e-01,6.708203932499369193e-01,1.341640786499873839e+00,6.708203932499369193e-01,2.906888370749726391e+00,2.236067977499789805e+00,1.341640786499873839e+00,6.708203932499369193e-01,2.236067977499789805e+00,2.012461179749810647e+00,2.236067977499789805e+00,2.459674775249768519e+00,4.695742752749557880e+00,5.590169943749473624e+00,3.130495168499705549e+00,4.024922359499621294e+00,3.801315561749642136e+00,3.801315561749642136e+00,4.472135954999579610e+00,4.695742752749557880e+00,5.590169943749473624e+00,5.366563145999495354e+00,2.906888370749726391e+00,2.906888370749726391e+00,6.484597134749389369e+00,6.931810730249347685e+00,8.720665112249179174e+00,7.826237921249263430e+00,8.273451516749220858e+00,7.379024325749306001e+00,7.826237921249263430e+00,8.273451516749220858e+00,6.037383539249431941e+00,7.602631123499284271e+00,6.931810730249347685e+00,6.484597134749389369e+00,5.142956348249516196e+00,5.590169943749473624e+00,4.695742752749557880e+00,4.024922359499621294e+00,3.801315561749642136e+00,4.695742752749557880e+00,4.024922359499621294e+00,1.565247584249852775e+00,2.236067977499789639e-01,2.236067977499789639e-01,-1.565247584249852775e+00,-6.708203932499369193e-01,-1.118033988749894903e+00,-1.341640786499873839e+00,-3.354101966249684263e+00,-3.130495168499705549e+00,-3.354101966249684263e+00,4.472135954999579277e-01,6.708203932499369193e-01,2.012461179749810647e+00,1.565247584249852775e+00,3.354101966249684263e+00,3.577708763999663422e+00,2.906888370749726391e+00,3.130495168499705549e+00,1.565247584249852775e+00,2.236067977499789805e+00,1.118033988749894903e+00,-8.944271909999158554e-01,-4.472135954999579277e-01,-1.341640786499873839e+00,-4.472135954999579277e-01,-6.708203932499369193e-01,-1.341640786499873839e+00,-8.944271909999158554e-01,-1.118033988749894903e+00,1.118033988749894903e+00,1.341640786499873839e+00,2.012461179749810647e+00,2.906888370749726391e+00,3.130495168499705549e+00,1.788854381999831711e+00,8.944271909999158554e-01,2.012461179749810647e+00,2.459674775249768519e+00,1.565247584249852775e+00,-4.472135954999579277e-01,-2.012461179749810647e+00,-2.459674775249768519e+00,-4.024922359499621294e+00,-4.248529157249600452e+00,-5.142956348249516196e+00,-4.919349550499537038e+00,-3.130495168499705549e+00,-2.012461179749810647e+00,-2.236067977499789805e+00,-2.459674775249768519e+00,-2.683281572999747677e+00,-1.565247584249852775e+00,-6.708203932499369193e-01,-8.944271909999158554e-01,-1.341640786499873839e+00,-2.012461179749810647e+00,-2.236067977499789805e+00,-1.788854381999831711e+00,-1.118033988749894903e+00,-1.341640786499873839e+00,-3.801315561749642136e+00,-3.801315561749642136e+00,-5.366563145999495354e+00,-6.484597134749389369e+00,-5.590169943749473624e+00,-2.906888370749726391e+00,-1.788854381999831711e+00,-4.472135954999579277e-01,-8.944271909999158554e-01,-1.341640786499873839e+00,-3.130495168499705549e+00,-2.906888370749726391e+00,-2.459674775249768519e+00,-2.236067977499789805e+00,1.341640786499873839e+00,-2.236067977499789639e-01,0.000000000000000000e+00,-4.472135954999579277e-01,1.565247584249852775e+00,1.788854381999831711e+00,2.459674775249768519e+00,2.236067977499789805e+00,1.118033988749894903e+00,1.118033988749894903e+00,1.788854381999831711e+00,2.683281572999747677e+00,3.130495168499705549e+00,2.236067977499789805e+00,5.366563145999495354e+00,4.919349550499537038e+00,4.919349550499537038e+00,4.248529157249600452e+00,3.577708763999663422e+00,3.130495168499705549e+00,1.118033988749894903e+00,1.788854381999831711e+00,-1.788854381999831711e+00,-8.944271909999158554e-01,-2.683281572999747677e+00,-2.236067977499789805e+00,-2.236067977499789639e-01,1.565247584249852775e+00,6.708203932499369193e-01,1.788854381999831711e+00,1.341640786499873839e+00,2.012461179749810647e+00,2.459674775249768519e+00,3.354101966249684263e+00,3.130495168499705549e+00,3.577708763999663422e+00,3.801315561749642136e+00,3.577708763999663422e+00,1.788854381999831711e+00,2.012461179749810647e+00,3.577708763999663422e+00,5.813776741499452783e+00,5.366563145999495354e+00,2.906888370749726391e+00,1.341640786499873839e+00,0.000000000000000000e+00,2.012461179749810647e+00,2.459674775249768519e+00,2.906888370749726391e+00,4.024922359499621294e+00,2.459674775249768519e+00,3.130495168499705549e+00,4.472135954999579610e+00,2.906888370749726391e+00,-6.708203932499369193e-01,-1.565247584249852775e+00,-2.906888370749726391e+00,-2.012461179749810647e+00,-3.130495168499705549e+00,-2.459674775249768519e+00,-1.565247584249852775e+00,-2.012461179749810647e+00,-3.354101966249684263e+00,-3.354101966249684263e+00,-3.130495168499705549e+00,-1.788854381999831711e+00,-3.354101966249684263e+00,-4.024922359499621294e+00,-3.354101966249684263e+00,-2.906888370749726391e+00,-4.248529157249600452e+00,-3.354101966249684263e+00,-1.788854381999831711e+00,-1.788854381999831711e+00,-4.472135954999579277e-01,-3.130495168499705549e+00,-2.459674775249768519e+00,-2.683281572999747677e+00,-2.012461179749810647e+00,-1.565247584249852775e+00,-6.708203932499369193e-01,-6.708203932499369193e-01,-6.708203932499369193e-01,-1.118033988749894903e+00,-1.788854381999831711e+00,-1.341640786499873839e+00,-3.577708763999663422e+00,-1.341640786499873839e+00,-1.341640786499873839e+00,-1.788854381999831711e+00,-2.683281572999747677e+00,-2.236067977499789805e+00,-1.118033988749894903e+00,-1.341640786499873839e+00,-2.236067977499789805e+00,-2.012461179749810647e+00,-2.459674775249768519e+00,-4.919349550499537038e+00,-3.577708763999663422e+00,-3.577708763999663422e+00,-2.683281572999747677e+00,-2.906888370749726391e+00,-4.919349550499537038e+00,-4.024922359499621294e+00,-4.919349550499537038e+00,-5.142956348249516196e+00,-5.813776741499452783e+00,-2.683281572999747677e+00,-1.565247584249852775e+00,-2.236067977499789805e+00,-3.354101966249684263e+00,-4.024922359499621294e+00,-3.801315561749642136e+00,-2.236067977499789805e+00,-1.565247584249852775e+00,-8.944271909999158554e-01,-1.341640786499873839e+00,6.708203932499369193e-01,1.341640786499873839e+00,1.341640786499873839e+00,1.788854381999831711e+00,8.944271909999158554e-01,1.788854381999831711e+00,-2.236067977499789639e-01,-1.788854381999831711e+00,-1.118033988749894903e+00,-8.944271909999158554e-01,-8.944271909999158554e-01,-2.012461179749810647e+00,-1.788854381999831711e+00,-4.472135954999579277e-01,-8.944271909999158554e-01,-2.236067977499789639e-01,6.708203932499369193e-01,6.708203932499369193e-01,1.565247584249852775e+00,2.683281572999747677e+00,1.118033988749894903e+00,6.708203932499369193e-01,0.000000000000000000e+00,6.708203932499369193e-01,1.118033988749894903e+00,3.801315561749642136e+00,3.577708763999663422e+00,2.906888370749726391e+00,2.236067977499789805e+00,1.788854381999831711e+00,2.683281572999747677e+00,2.683281572999747677e+00,4.248529157249600452e+00,1.788854381999831711e+00,2.012461179749810647e+00,4.472135954999579277e-01,0.000000000000000000e+00,2.236067977499789639e-01,1.565247584249852775e+00,-2.236067977499789805e+00,-3.130495168499705549e+00,-3.577708763999663422e+00,-3.130495168499705549e+00,-2.906888370749726391e+00,-3.801315561749642136e+00,-3.130495168499705549e+00,-2.683281572999747677e+00,-2.906888370749726391e+00,-3.577708763999663422e+00,-2.906888370749726391e+00,-2.459674775249768519e+00,-2.236067977499789805e+00,2.236067977499789639e-01,8.944271909999158554e-01,2.236067977499789639e-01,2.236067977499789639e-01,-4.472135954999579277e-01,1.341640786499873839e+00,2.906888370749726391e+00,1.565247584249852775e+00,1.341640786499873839e+00,2.012461179749810647e+00,2.683281572999747677e+00,2.012461179749810647e+00,4.472135954999579277e-01,2.683281572999747677e+00,3.130495168499705549e+00,2.236067977499789805e+00,2.906888370749726391e+00,3.801315561749642136e+00,3.801315561749642136e+00,4.024922359499621294e+00,2.906888370749726391e+00,2.459674775249768519e+00,2.236067977499789639e-01,8.944271909999158554e-01,1.565247584249852775e+00,1.788854381999831711e+00,2.236067977499789805e+00,4.695742752749557880e+00,2.236067977499789805e+00,1.788854381999831711e+00,6.708203932499369193e-01,-8.944271909999158554e-01,-8.944271909999158554e-01,-4.472135954999579277e-01,-1.118033988749894903e+00,-4.472135954999579277e-01,1.118033988749894903e+00,2.012461179749810647e+00,2.236067977499789805e+00,2.906888370749726391e+00,2.236067977499789805e+00,2.236067977499789805e+00,2.906888370749726391e+00,3.354101966249684263e+00,4.695742752749557880e+00,4.695742752749557880e+00,4.024922359499621294e+00,2.683281572999747677e+00,1.565247584249852775e+00,1.341640786499873839e+00,1.565247584249852775e+00,1.788854381999831711e+00,3.354101966249684263e+00,6.037383539249431941e+00,4.472135954999579610e+00,3.354101966249684263e+00,3.801315561749642136e+00,2.906888370749726391e+00,2.236067977499789805e+00,1.341640786499873839e+00,2.459674775249768519e+00,1.565247584249852775e+00,2.459674775249768519e+00,2.236067977499789805e+00,2.906888370749726391e+00,2.906888370749726391e+00,3.577708763999663422e+00,4.695742752749557880e+00,7.155417527999326843e+00,8.273451516749220858e+00,8.944271909999159220e+00,9.838699100999074076e+00,8.049844718999242588e+00,6.931810730249347685e+00,3.354101966249684263e+00,3.801315561749642136e+00,2.683281572999747677e+00,4.695742752749557880e+00,4.919349550499537038e+00,3.801315561749642136e+00,5.366563145999495354e+00,2.459674775249768519e+00,1.341640786499873839e+00,8.944271909999158554e-01,1.341640786499873839e+00,1.118033988749894903e+00,2.906888370749726391e+00,3.577708763999663422e+00,3.130495168499705549e+00,2.683281572999747677e+00,2.236067977499789639e-01,8.944271909999158554e-01,1.341640786499873839e+00,8.944271909999158554e-01,2.683281572999747677e+00,2.012461179749810647e+00,2.459674775249768519e+00,2.012461179749810647e+00,2.236067977499789805e+00,4.472135954999579277e-01,-2.236067977499789805e+00,-1.565247584249852775e+00,1.341640786499873839e+00,1.118033988749894903e+00,-2.236067977499789639e-01,1.118033988749894903e+00,8.944271909999158554e-01,1.788854381999831711e+00,2.683281572999747677e+00,1.341640786499873839e+00,1.118033988749894903e+00,-8.944271909999158554e-01,-6.708203932499369193e-01,-2.236067977499789639e-01
-6.260990336999411099e+00,-5.813776741499452783e+00,-5.813776741499452783e+00,-5.590169943749473624e+00,-6.708203932499368527e+00,-6.484597134749389369e+00,-4.919349550499537038e+00,-3.130495168499705549e+00,-3.577708763999663422e+00,-3.130495168499705549e+00,-3.130495168499705549e+00,-1.118033988749894903e+00,2.236067977499789639e-01,8.944271909999158554e-01,1.565247584249852775e+00,3.354101966249684263e+00,4.695742752749557880e+00,2.459674775249768519e+00,2.236067977499789805e+00,3.130495168499705549e+00,3.801315561749642136e+00,2.236067977499789805e+00,3.130495168499705549e+00,8.944271909999158554e-01,8.944271909999158554e-01,-6.708203932499369193e-01,8.944271909999158554e-01,2.236067977499789639e-01,6.708203932499369193e-01,3.354101966249684263e+00,4.695742752749557880e+00,5.813776741499452783e+00,4.024922359499621294e+00,2.236067977499789805e+00,2.236067977499789639e-01,-2.236067977499789639e-01,2.012461179749810647e+00,3.130495168499705549e+00,2.236067977499789805e+00,4.024922359499621294e+00,2.906888370749726391e+00,2.012461179749810647e+00,2.012461179749810647e+00,1.118033988749894903e+00,2.236067977499789639e-01,-1.118033988749894903e+00,-8.944271909999158554e-01,-4.472135954999579277e-01,-2.236067977499789639e-01,-2.236067977499789639e-01,1.341640786499873839e+00,1.118033988749894903e+00,-8.944271909999158554e-01,-8.944271909999158554e-01,-1.565247584249852775e+00,-1.565247584249852775e+00,-4.472135954999579277e-01,-1.118033988749894903e+00,2.236067977499789639e-01,-4.472135954999579277e-01,0.000000000000000000e+00,-1.118033988749894903e+00,-1.565247584249852775e+00,-2.236067977499789805e+00,-2.906888370749726391e+00,-2.236067977499789805e+00,-3.130495168499705549e+00,-1.341640786499873839e+00,-1.118033988749894903e+00,-2.683281572999747677e+00,-2.012461179749810647e+00,-1.341640786499873839e+00,-6.708203932499369193e-01,-2.683281572999747677e+00,-3.130495168499705549e+00,-4.024922359499621294e+00,-2.683281572999747677e+00,-3.577708763999663422e+00,-4.695742752749557880e+00,-4.024922359499621294e+00,-1.788854381999831711e+00,-2.683281572999747677e+00,-2.012461179749810647e+00,-3.354101966249684263e+00,-5.590169943749473624e+00,-4.919349550499537038e+00,-4.248529157249600452e+00,-4.248529157249600452e+00,-5.813776741499452783e+00,-2.459674775249768519e+00,-2.459674775249768519e+00,-2.683281572999747677e+00,-1.565247584249852775e+00,-3.577708763999663422e+00,-2.683281572999747677e+00,-2.012461179749810647e+00,-1.788854381999831711e+00,-2.683281572999747677e+00,-2.906888370749726391e+00,-4.472135954999579277e-01,-1.788854381999831711e+00,-1.341640786499873839e+00,-4.472135954999579277e-01,-6.708203932499369193e-01,-8.944271909999158554e-01,-8.944271909999158554e-01,2.236067977499789639e-01,6.708203932499369193e-01,-8.944271909999158554e-01,-8.944271909999158554e-01,-8.944271909999158554e-01,-2.236067977499789805e+00,-1.788854381999831711e+00,-2.236067977499789639e-01,8.944271909999158554e-01,-2.012461179749810647e+00,-1.118033988749894903e+00,-1.341640786499873839e+00,-2.683281572999747677e+00,-1.788854381999831711e+00,-4.472135954999579277e-01,-6.708203932499369193e-01,0.000000000000000000e+00,-4.472135954999579277e-01,1.118033988749894903e+00,4.472135954999579277e-01,6.708203932499369193e-01,1.788854381999831711e+00,1.118033988749894903e+00,1.565247584249852775e+00,1.341640786499873839e+00,1.565247584249852775e+00,6.708203932499369193e-01,2.236067977499789639e-01,-2.236067977499789639e-01,-2.236067977499789639e-01,6.708203932499369193e-01,1.565247584249852775e+00,-8.944271909999158554e-01,-4.472135954999579277e-01,-2.459674775249768519e+00,-6.708203932499369193e-01,-4.472135954999579277e-01,-1.788854381999831711e+00,-2.906888370749726391e+00,-2.459674775249768519e+00,-5.142956348249516196e+00,-7.155417527999326843e+00,-6.260990336999411099e+00,-6.260990336999411099e+00,-6.260990336999411099e+00,-6.037383539249431941e+00,-6.260990336999411099e+00,-4.024922359499621294e+00,-4.695742752749557880e+00,-3.801315561749642136e+00,-3.801315561749642136e+00,-3.577708763999663422e+00,-2.459674775249768519e+00,-3.801315561749642136e+00,-4.472135954999579610e+00,-3.577708763999663422e+00,-2.683281572999747677e+00,-3.801315561749642136e+00,-2.236067977499789805e+00,-6.708203932499369193e-01,1.118033988749894903e+00,1.788854381999831711e+00,2.459674775249768519e+00,2.683281572999747677e+00,5.142956348249516196e+00,5.813776741499452783e+00,6.708203932499368527e+00,6.708203932499368527e+00,6.037383539249431941e+00,4.919349550499537038e+00,6.931810730249347685e+00,8.273451516749220858e+00,7.379024325749306001e+00,4.695742752749557880e+00,6.037383539249431941e+00,6.037383539249431941e+00,3.577708763999663422e+00,1.118033988749894903e+00,1.788854381999831711e+00,2.906888370749726391e+00,1.118033988749894903e+00,-6.708203932499369193e-01,-1.788854381999831711e+00,-2.906888370749726391e+00,-2.236067977499789805e+00,0.000000000000000000e+00,1.565247584249852775e+00,3.130495168499705549e+00,2.906888370749726391e+00,1.565247584249852775e+00,3.130495168499705549e+00,2.906888370749726391e+00,4.024922359499621294e+00,3.577708763999663422e+00,2.459674775249768519e+00,3.577708763999663422e+00,2.459674775249768519e+00,2.236067977499789805e+00,-6.708203932499369193e-01,-8.944271909999158554e-01,-1.341640786499873839e+00,-8.944271909999158554e-01,-1.341640786499873839e+00,-6.708203932499369193e-01,0.000000000000000000e+00,-6.708203932499369193e-01,-3.130495168499705549e+00,-1.565247584249852775e+00,-1.341640786499873839e+00,-2.236067977499789805e+00,-2.236067977499789805e+00,-2.459674775249768519e+00,-2.459674775249768519e+00,-1.565247584249852775e+00,-2.236067977499789805e+00,-2.012461179749810647e+00,-2.236067977499789805e+00,-1.118033988749894903e+00,-3.577708763999663422e+00,-2.236067977499789805e+00,-4.024922359499621294e+00,-4.919349550499537038e+00,-3.801315561749642136e+00,-3.577708763999663422e+00,-4.248529157249600452e+00,-3.577708763999663422e+00,-2.459674775249768519e+00,-2.683281572999747677e+00,-2.012461179749810647e+00,-1.118033988749894903e+00,1.565247584249852775e+00,-2.236067977499789639e-01,2.236067977499789639e-01,1.341640786499873839e+00,2.012461179749810647e+00,3.577708763999663422e+00,3.354101966249684263e+00,3.801315561749642136e+00,2.012461179749810647e+00,3.577708763999663422e+00,3.801315561749642136e+00,5.142956348249516196e+00,6.260990336999411099e+00,5.142956348249516196e+00,5.142956348249516196e+00,4.919349550499537038e+00,3.577708763999663422e+00,2.906888370749726391e+00,2.906888370749726391e+00,3.577708763999663422e+00,2.906888370749726391e+00,4.695742752749557880e+00,3.354101966249684263e+00,1.565247584249852775e+00,2.683281572999747677e+00,3.354101966249684263e+00,5.142956348249516196e+00,4.919349550499537038e+00,5.813776741499452783e+00,4.472135954999579610e+00,4.024922359499621294e+00,5.142956348249516196e+00,5.366563145999495354e+00,4.919349550499537038e+00,5.813776741499452783e+00,5.142956348249516196e+00,4.472135954999579610e+00,6.037383539249431941e+00,5.366563145999495354e+00,5.366563145999495354e+00,3.354101966249684263e+00,4.024922359499621294e+00,4.695742752749557880e+00,4.695742752749557880e+00,4.695742752749557880e+00,5.366563145999495354e+00,6.260990336999411099e+00,4.024922359499621294e+00,3.577708763999663422e+00,3.130495168499705549e+00,2.459674775249768519e+00,3.577708763999663422e+00,3.577708763999663422e+00,2.683281572999747677e+00,3.354101966249684263e+00,5.142956348249516196e+00,4.695742752749557880e+00,4.472135954999579610e+00,4.695742752749557880e+00,4.472135954999579610e+00,2.906888370749726391e+00,3.354101966249684263e+00,5.590169943749473624e+00,6.037383539249431941e+00,5.366563145999495354e+00,4.472135954999579610e+00,3.354101966249684263e+00,2.236067977499789805e+00,3.130495168499705549e+00,2.683281572999747677e+00,3.354101966249684263e+00,3.130495168499705549e+00,3.354101966249684263e+00,3.801315561749642136e+00,4.248529157249600452e+00,2.459674775249768519e+00,2.236067977499789805e+00,3.801315561749642136e+00,3.130495168499705549e+00,2.236067977499789805e+00,4.472135954999579277e-01,4.472135954999579277e-01,0.000000000000000000e+00,2.012461179749810647e+00,1.788854381999831711e+00,2.012461179749810647e+00,2.236067977499789805e+00,1.788854381999831711e+00,1.565247584249852775e+00,2.012461179749810647e+00,3.130495168499705549e+00,2.683281572999747677e+00,3.354101966249684263e+00,3.354101966249684263e+00,3.577708763999663422e+00,3.354101966249684263e+00,4.695742752749557880e+00,8.497058314499200904e+00,7.826237921249263430e+00,7.379024325749306001e+00,7.155417527999326843e+00,4.695742752749557880e+00,5.813776741499452783e+00,5.142956348249516196e+00,2.459674775249768519e+00,4.695742752749557880e+00,3.801315561749642136e+00,4.024922359499621294e+00,3.801315561749642136e+00,3.354101966249684263e+00,3.577708763999663422e+00,3.354101966249684263e+00,4.024922359499621294e+00,4.248529157249600452e+00,4.248529157249600452e+00,3.577708763999663422e+00,5.813776741499452783e+00,4.248529157249600452e+00,3.801315561749642136e+00,1.788854381999831711e+00,2.236067977499789805e+00,2.906888370749726391e+00,8.944271909999158554e-01,8.944271909999158554e-01,2.012461179749810647e+00,3.801315561749642136e+00,3.130495168499705549e+00,3.130495168499705549e+00,2.236067977499789805e+00,1.118033988749894903e+00,1.788854381999831711e+00,1.788854381999831711e+00,-1.565247584249852775e+00,-4.472135954999579277e-01,8.944271909999158554e-01,2.236067977499789639e-01,0.000000000000000000e+00,0.000000000000000000e+00,-8.944271909999158554e-01,-6.708203932499369193e-01,1.341640786499873839e+00,-2.236067977499789639e-01,1.341640786499873839e+00,1.118033988749894903e+00,4.472135954999579277e-01,-6.708203932499369193e-01,-1.788854381999831711e+00,-1.118033988749894903e+00,8.944271909999158554e-01,1.118033988749894903e+00,3.130495168499705549e+00,2.683281572999747677e+00,6.708203932499369193e-01,-1.788854381999831711e+00,-1.565247584249852775e+00,-1.341640786499873839e+00,-2.236067977499789639e-01,2.236067977499789639e-01,-4.472135954999579277e-01,-8.944271909999158554e-01,-8.944271909999158554e-01,-2.236067977499789639e-01,2.236067977499789639e-01,1.565247584249852775e+00,1.118033988749894903e+00,4.472135954999579277e-01,0.000000000000000000e+00,-8.944271909999158554e-01,-2.906888370749726391e+00,-2.683281572999747677e+00,-1.341640786499873839e+00,-6.708203932499369193e-01,-1.565247584249852775e+00,-2.236067977499789805e+00,-1.118033988749894903e+00,-1.118033988749894903e+00,-2.906888370749726391e+00,-2.459674775249768519e+00,-2.012461179749810647e+00,-6.708203932499369193e-01,-1.565247584249852775e+00,-1.565247584249852775e+00,0.000000000000000000e+00,-4.472135954999579277e-01,-8.944271909999158554e-01,-2.459674775249768519e+00,-2.906888370749726391e+00,-4.472135954999579277e-01,1.565247584249852775e+00,2.459674775249768519e+00,-4.472135954999579277e-01,-1.118033988749894903e+00,-1.788854381999831711e+00,-2.906888370749726391e+00,-4.248529157249600452e+00,-2.906888370749726391e+00,-2.683281572999747677e+00,-1.565247584249852775e+00,-1.788854381999831711e+00,-1.788854381999831711e+00,-2.683281572999747677e+00,-3.801315561749642136e+00,-4.248529157249600452e+00,-4.695742752749557880e+00,-4.248529157249600452e+00,-2.906888370749726391e+00,-2.459674775249768519e+00,-2.012461179749810647e+00,-1.788854381999831711e+00,-8.944271909999158554e-01,-4.472135954999579277e-01,-6.708203932499369193e-01,-8.944271909999158554e-01,-1.341640786499873839e+00,2.236067977499789639e-01,8.944271909999158554e-01,-1.341640786499873839e+00,-2.683281572999747677e+00,-3.130495168499705549e+00,-2.683281572999747677e+00,-2.459674775249768519e+00,-2.236067977499789805e+00,-3.130495168499705549e+00,-2.683281572999747677e+00,-1.788854381999831711e+00,-1.565247584249852775e+00,-8.944271909999158554e-01,-2.459674775249768519e+00,-3.577708763999663422e+00,-4.695742752749557880e+00,-3.577708763999663422e+00,-3.354101966249684263e+00,-2.683281572999747677e+00,-2.012461179749810647e+00,-2.906888370749726391e+00,-4.472135954999579610e+00,-5.590169943749473624e+00,-6.037383539249431941e+00,-6.037383539249431941e+00,-4.472135954999579610e+00,-4.472135954999579610e+00,-4.472135954999579610e+00,-4.695742752749557880e+00,-5.590169943749473624e+00,-4.695742752749557880e+00,-4.472135954999579610e+00,-5.813776741499452783e+00,-6.037383539249431941e+00,-6.037383539249431941e+00,-4.472135954999579610e+00,-4.919349550499537038e+00,-5.813776741499452783e+00,-5.142956348249516196e+00,-5.142956348249516196e+00,-4.695742752749557880e+00,-3.354101966249684263e+00,-3.577708763999663422e+00,-2.906888370749726391e+00,-2.012461179749810647e+00,-8.944271909999158554e-01,8.944271909999158554e-01,1.118033988749894903e+00,8.944271909999158554e-01,8.944271909999158554e-01
-4.248529157249600452e+00,-4.919349550499537038e+00,-3.801315561749642136e+00,-3.130495168499705549e+00,-2.236067977499789805e+00,-4.472135954999579277e-01,4.472135954999579277e-01,4.472135954999579277e-01,6.708203932499369193e-01,-2.236067977499789639e-01,1.341640786499873839e+00,2.012461179749810647e+00,1.341640786499873839e+00,1.341640786499873839e+00,-4.472135954999579277e-01,4.472135954999579277e-01,-1.118033988749894903e+00,6.708203932499369193e-01,2.459674775249768519e+00,2.683281572999747677e+00,2.683281572999747677e+00,3.130495168499705549e+00,3.577708763999663422e+00,3.354101966249684263e+00,2.459674775249768519e+00,1.565247584249852775e+00,0.000000000000000000e+00,4.472135954999579277e-01,0.000000000000000000e+00,6.708203932499369193e-01,1.118033988749894903e+00,8.944271909999158554e-01,-4.472135954999579277e-01,-4.472135954999579277e-01,-1.118033988749894903e+00,-1.788854381999831711e+00,-1.788854381999831711e+00,-4.472135954999579277e-01,-6.708203932499369193e-01,-1.788854381999831711e+00,-1.118033988749894903e+00,-2.236067977499789639e-01,2.012461179749810647e+00,-2.012461179749810647e+00,-2.012461179749810647e+00,-2.236067977499789805e+00,-2.459674775249768519e+00,-2.236067977499789805e+00,-3.577708763999663422e+00,-3.354101966249684263e+00,-1.788854381999831711e+00,-4.472135954999579277e-01,2.236067977499789639e-01,4.472135954999579277e-01,1.118033988749894903e+00,1.565247584249852775e+00,1.118033988749894903e+00,2.236067977499789639e-01,-6.708203932499369193e-01,-2.236067977499789805e+00,-3.130495168499705549e+00,-2.012461179749810647e+00,-2.012461179749810647e+00,-8.944271909999158554e-01,-2.906888370749726391e+00,-1.118033988749894903e+00,0.000000000000000000e+00,2.012461179749810647e+00,1.788854381999831711e+00,1.788854381999831711e+00,1.788854381999831711e+00,1.788854381999831711e+00,1.788854381999831711e+00,3.354101966249684263e+00,3.130495168499705549e+00,4.024922359499621294e+00,3.801315561749642136e+00,4.248529157249600452e+00,5.366563145999495354e+00,4.024922359499621294e+00,2.683281572999747677e+00,1.565247584249852775e+00,1.788854381999831711e+00,1.118033988749894903e+00,-6.708203932499369193e-01,-6.708203932499369193e-01,-3.130495168499705549e+00,-2.906888370749726391e+00,-3.130495168499705549e+00,-4.472135954999579610e+00,-4.472135954999579610e+00,-4.024922359499621294e+00,-5.142956348249516196e+00,-3.130495168499705549e+00,-3.801315561749642136e+00,-4.248529157249600452e+00,-1.788854381999831711e+00,-2.459674775249768519e+00,-2.683281572999747677e+00,-2.012461179749810647e+00,-6.708203932499369193e-01,4.472135954999579277e-01,-8.944271909999158554e-01,2.236067977499789639e-01,2.012461179749810647e+00,3.354101966249684263e+00,2.459674775249768519e+00,1.788854381999831711e+00,3.801315561749642136e+00,3.130495168499705549e+00,2.012461179749810647e+00,1.341640786499873839e+00,2.459674775249768519e+00,6.708203932499369193e-01,2.236067977499789639e-01,6.708203932499369193e-01,-4.472135954999579277e-01,-1.118033988749894903e+00,-1.341640786499873839e+00,-2.012461179749810647e+00,-2.236067977499789805e+00,-2.683281572999747677e+00,-3.130495168499705549e+00,-5.813776741499452783e+00,-6.708203932499368527e+00,-8.273451516749220858e+00,-8.720665112249179174e+00,-6.931810730249347685e+00,-6.931810730249347685e+00,-5.142956348249516196e+00,-5.590169943749473624e+00,-4.248529157249600452e+00,-3.801315561749642136e+00,-3.801315561749642136e+00,-2.236067977499789805e+00,-8.944271909999158554e-01,-6.708203932499369193e-01,4.472135954999579277e-01,2.236067977499789805e+00,2.236067977499789805e+00,2.236067977499789805e+00,4.472135954999579277e-01,-2.236067977499789805e+00,-1.565247584249852775e+00,-2.236067977499789805e+00,-2.236067977499789805e+00,-6.708203932499369193e-01,-1.341640786499873839e+00,-1.118033988749894903e+00,-1.565247584249852775e+00,-3.130495168499705549e+00,-2.906888370749726391e+00,-3.130495168499705549e+00,-4.248529157249600452e+00,-3.577708763999663422e+00,-3.801315561749642136e+00,-4.248529157249600452e+00,-6.037383539249431941e+00,-5.142956348249516196e+00,-4.919349550499537038e+00,-5.590169943749473624e+00,-4.472135954999579610e+00,-4.248529157249600452e+00,-5.590169943749473624e+00,-3.354101966249684263e+00,-3.130495168499705549e+00,-2.236067977499789805e+00,2.236067977499789639e-01,1.118033988749894903e+00,3.577708763999663422e+00,4.919349550499537038e+00,4.024922359499621294e+00,2.906888370749726391e+00,2.683281572999747677e+00,4.024922359499621294e+00,3.354101966249684263e+00,3.801315561749642136e+00,2.683281572999747677e+00,2.906888370749726391e+00,2.012461179749810647e+00,6.708203932499369193e-01,-1.341640786499873839e+00,-1.341640786499873839e+00,1.118033988749894903e+00,1.788854381999831711e+00,1.341640786499873839e+00,4.472135954999579277e-01,-1.118033988749894903e+00,-8.944271909999158554e-01,-1.341640786499873839e+00,-2.012461179749810647e+00,-1.565247584249852775e+00,-1.341640786499873839e+00,-2.012461179749810647e+00,-1.788854381999831711e+00,0.000000000000000000e+00,-1.341640786499873839e+00,-3.354101966249684263e+00,-2.906888370749726391e+00,-1.565247584249852775e+00,-2.012461179749810647e+00,-6.708203932499369193e-01,0.000000000000000000e+00,6.708203932499369193e-01,-1.341640786499873839e+00,-1.565247584249852775e+00,-1.118033988749894903e+00,-4.472135954999579277e-01,6.708203932499369193e-01,-8.944271909999158554e-01,2.236067977499789639e-01,8.944271909999158554e-01,8.944271909999158554e-01,0.000000000000000000e+00,1.341640786499873839e+00,2.459674775249768519e+00,2.459674775249768519e+00,-1.341640786499873839e+00,-4.472135954999579277e-01,-1.565247584249852775e+00,-1.565247584249852775e+00,-2.012461179749810647e+00,-2.906888370749726391e+00,-1.341640786499873839e+00,0.000000000000000000e+00,-6.708203932499369193e-01,6.708203932499369193e-01,2.459674775249768519e+00,3.577708763999663422e+00,3.801315561749642136e+00,3.354101966249684263e+00,4.472135954999579610e+00,4.472135954999579610e+00,5.813776741499452783e+00,3.354101966249684263e+00,3.801315561749642136e+00,2.683281572999747677e+00,2.236067977499789805e+00,2.459674775249768519e+00,2.236067977499789805e+00,2.459674775249768519e+00,1.565247584249852775e+00,0.000000000000000000e+00,2.012461179749810647e+00,3.130495168499705549e+00,3.577708763999663422e+00,3.801315561749642136e+00,2.683281572999747677e+00,3.354101966249684263e+00,3.130495168499705549e+00,2.236067977499789805e+00,2.459674775249768519e+00,2.236067977499789805e+00,2.906888370749726391e+00,2.236067977499789805e+00,2.236067977499789805e+00,2.906888370749726391e+00,3.801315561749642136e+00,3.130495168499705549e+00,2.236067977499789805e+00,1.341640786499873839e+00,1.341640786499873839e+00,-6.708203932499369193e-01,-1.341640786499873839e+00,-3.130495168499705549e+00,-2.683281572999747677e+00,-2.459674775249768519e+00,4.472135954999579277e-01,-2.236067977499789639e-01,2.459674775249768519e+00,1.788854381999831711e+00,3.801315561749642136e+00,4.248529157249600452e+00,2.683281572999747677e+00,3.577708763999663422e+00,2.236067977499789805e+00,1.565247584249852775e+00,2.012461179749810647e+00,1.565247584249852775e+00,4.248529157249600452e+00,4.472135954999579610e+00,3.130495168499705549e+00,4.472135954999579277e-01,-8.944271909999158554e-01,-1.788854381999831711e+00,6.708203932499369193e-01,-2.236067977499789639e-01,-1.341640786499873839e+00,-1.565247584249852775e+00,-2.236067977499789805e+00,-4.472135954999579277e-01,2.236067977499789639e-01,1.341640786499873839e+00,1.118033988749894903e+00,1.565247584249852775e+00,1.788854381999831711e+00,3.354101966249684263e+00,3.801315561749642136e+00,3.577708763999663422e+00,3.801315561749642136e+00,1.788854381999831711e+00,1.118033988749894903e+00,2.459674775249768519e+00,2.683281572999747677e+00,4.695742752749557880e+00,2.906888370749726391e+00,3.577708763999663422e+00,2.236067977499789805e+00,-2.236067977499789639e-01,-1.565247584249852775e+00,-1.565247584249852775e+00,-1.565247584249852775e+00,-2.459674775249768519e+00,-2.236067977499789805e+00,0.000000000000000000e+00,2.236067977499789639e-01,-1.341640786499873839e+00,-2.906888370749726391e+00,-2.236067977499789805e+00,-1.788854381999831711e+00,1.788854381999831711e+00,2.012461179749810647e+00,3.354101966249684263e+00,4.919349550499537038e+00,4.919349550499537038e+00,2.236067977499789805e+00,-4.472135954999579277e-01,-2.906888370749726391e+00,-3.577708763999663422e+00,-3.801315561749642136e+00,-1.788854381999831711e+00,2.236067977499789639e-01,6.708203932499369193e-01,1.118033988749894903e+00,3.130495168499705549e+00,2.906888370749726391e+00,3.577708763999663422e+00,3.130495168499705549e+00,2.012461179749810647e+00,2.459674775249768519e+00,1.341640786499873839e+00,6.708203932499369193e-01,-2.236067977499789639e-01,-4.472135954999579277e-01,2.236067977499789639e-01,1.565247584249852775e+00,2.459674775249768519e+00,1.788854381999831711e+00,3.130495168499705549e+00,2.012461179749810647e+00,1.788854381999831711e+00,3.577708763999663422e+00,2.012461179749810647e+00,1.788854381999831711e+00,4.472135954999579277e-01,0.000000000000000000e+00,2.906888370749726391e+00,4.695742752749557880e+00,3.801315561749642136e+00,2.459674775249768519e+00,2.236067977499789805e+00,8.944271909999158554e-01,0.000000000000000000e+00,-8.944271909999158554e-01,-4.472135954999579277e-01,-4.472135954999579277e-01,-1.788854381999831711e+00,-2.683281572999747677e+00,-2.236067977499789805e+00,-3.130495168499705549e+00,-1.788854381999831711e+00,-2.459674775249768519e+00,-3.577708763999663422e+00,-5.142956348249516196e+00,-4.919349550499537038e+00,-6.484597134749389369e+00,-5.813776741499452783e+00,-5.142956348249516196e+00,-6.260990336999411099e+00,-6.931810730249347685e+00,-4.695742752749557880e+00,-4.472135954999579610e+00,-3.354101966249684263e+00,-2.683281572999747677e+00,-1.341640786499873839e+00,-1.118033988749894903e+00,1.565247584249852775e+00,2.236067977499789805e+00,2.683281572999747677e+00,1.118033988749894903e+00,1.118033988749894903e+00,-2.459674775249768519e+00,-2.683281572999747677e+00,-1.118033988749894903e+00,-2.236067977499789639e-01,-1.341640786499873839e+00,-2.236067977499789639e-01,2.236067977499789639e-01,-1.788854381999831711e+00,-2.236067977499789639e-01,-1.788854381999831711e+00,-2.683281572999747677e+00,-4.024922359499621294e+00,-5.590169943749473624e+00,-5.142956348249516196e+00,-4.248529157249600452e+00,-3.577708763999663422e+00,-3.577708763999663422e+00,-3.354101966249684263e+00,-3.577708763999663422e+00,-4.919349550499537038e+00,-4.472135954999579610e+00,-4.248529157249600452e+00,-4.472135954999579610e+00,-3.577708763999663422e+00,-3.354101966249684263e+00,-2.236067977499789805e+00,-2.683281572999747677e+00,-1.565247584249852775e+00,-8.944271909999158554e-01,-1.341640786499873839e+00,-1.118033988749894903e+00,0.000000000000000000e+00,1.118033988749894903e+00,2.459674775249768519e+00,1.341640786499873839e+00,2.459674775249768519e+00,2.683281572999747677e+00,4.472135954999579610e+00,4.248529157249600452e+00,6.037383539249431941e+00,6.037383539249431941e+00,5.142956348249516196e+00,6.260990336999411099e+00,5.366563145999495354e+00,3.577708763999663422e+00,3.130495168499705549e+00,3.130495168499705549e+00,1.565247584249852775e+00,2.459674775249768519e+00,2.012461179749810647e+00,0.000000000000000000e+00,2.012461179749810647e+00,2.683281572999747677e+00,2.012461179749810647e+00,6.708203932499369193e-01,4.472135954999579277e-01,2.236067977499789639e-01,-2.236067977499789639e-01,-4.472135954999579277e-01,1.118033988749894903e+00,1.788854381999831711e+00,3.130495168499705549e+00,2.012461179749810647e+00,4.472135954999579277e-01,-1.565247584249852775e+00,-2.012461179749810647e+00,-2.906888370749726391e+00,-2.236067977499789805e+00,-1.341640786499873839e+00,-8.944271909999158554e-01,-2.459674775249768519e+00,-2.012461179749810647e+00,-2.236067977499789639e-01,-6.708203932499369193e-01,-1.341640786499873839e+00,8.944271909999158554e-01,-2.236067977499789639e-01,-2.236067977499789639e-01,1.788854381999831711e+00,2.012461179749810647e+00,1.788854381999831711e+00,2.906888370749726391e+00,4.248529157249600452e+00,4.695742752749557880e+00,3.577708763999663422e+00,3.577708763999663422e+00,4.695742752749557880e+00,4.919349550499537038e+00,2.459674775249768519e+00,2.236067977499789805e+00,2.683281572999747677e+00,4.248529157249600452e+00,3.577708763999663422e+00,2.683281572999747677e+00,2.906888370749726391e+00,4.919349550499537038e+00,4.248529157249600452e+00,3.354101966249684263e+00,3.801315561749642136e+00,2.012461179749810647e+00,1.788854381999831711e+00,2.459674775249768519e+00,2.459674775249768519e+00,2.236067977499789805e+00,-2.236067977499789639e-01,-4.472135954999579277e-01,2.236067977499789639e-01,-2.236067977499789639e-01,8.944271909999158554e-01
-6.931810730249347685e+00,-7.826237921249263430e+00,-6.484597134749389369e+00,-6.037383539249431941e+00,-7.602631123499284271e+00,-9.615092303249095806e+00,-8.720665112249179174e+00,-9.838699100999074076e+00,-9.615092303249095806e+00,-7.379024325749306001e+00,-8.049844718999242588e+00,-9.391485505499115760e+00,-9.615092303249095806e+00,-1.118033988749894725e+01,-1.006230589874905235e+01,-6.037383539249431941e+00,-3.801315561749642136e+00,-2.459674775249768519e+00,-2.683281572999747677e+00,-1.118033988749894903e+00,-1.565247584249852775e+00,-8.944271909999158554e-01,-8.944271909999158554e-01,-6.708203932499369193e-01,2.236067977499789639e-01,1.341640786499873839e+00,1.341640786499873839e+00,4.472135954999579277e-01,1.565247584249852775e+00,8.944271909999158554e-01,4.472135954999579277e-01,1.788854381999831711e+00,2.012461179749810647e+00,3.130495168499705549e+00,4.248529157249600452e+00,3.354101966249684263e+00,4.024922359499621294e+00,6.037383539249431941e+00,7.379024325749306001e+00,7.155417527999326843e+00,6.708203932499368527e+00,7.602631123499284271e+00,7.155417527999326843e+00,4.919349550499537038e+00,4.919349550499537038e+00,3.577708763999663422e+00,3.801315561749642136e+00,2.012461179749810647e+00,2.906888370749726391e+00,3.130495168499705549e+00,3.577708763999663422e+00,2.906888370749726391e+00,1.341640786499873839e+00,-2.236067977499789639e-01,-1.341640786499873839e+00,-1.788854381999831711e+00,-1.118033988749894903e+00,-1.118033988749894903e+00,-1.118033988749894903e+00,-1.118033988749894903e+00,-2.459674775249768519e+00,-3.130495168499705549e+00,-4.024922359499621294e+00,-2.906888370749726391e+00,-2.906888370749726391e+00,-2.683281572999747677e+00,-3.130495168499705549e+00,-3.801315561749642136e+00,-3.577708763999663422e+00,-3.354101966249684263e+00,-2.906888370749726391e+00,-2.012461179749810647e+00,-1.118033988749894903e+00,-2.683281572999747677e+00,-1.118033988749894903e+00,-1.118033988749894903e+00,-1.788854381999831711e+00,4.472135954999579277e-01,6.708203932499369193e-01,-8.944271909999158554e-01,0.000000000000000000e+00,8.944271909999158554e-01,3.577708763999663422e+00,3.577708763999663422e+00,3.801315561749642136e+00,4.248529157249600452e+00,4.472135954999579610e+00,4.695742752749557880e+00,4.472135954999579610e+00,4.695742752749557880e+00,2.683281572999747677e+00,3.354101966249684263e+00,2.906888370749726391e+00,4.472135954999579610e+00,3.801315561749642136e+00,2.906888370749726391e+00,8.944271909999158554e-01,2.683281572999747677e+00,4.472135954999579277e-01,0.000000000000000000e+00,6.708203932499369193e-01,0.000000000000000000e+00,-6.708203932499369193e-01,1.565247584249852775e+00,-4.472135954999579277e-01,4.248529157249600452e+00,3.130495168499705549e+00,3.130495168499705549e+00,2.906888370749726391e+00,2.012461179749810647e+00,3.130495168499705549e+00,4.248529157249600452e+00,2.683281572999747677e+00,1.788854381999831711e+00,0.000000000000000000e+00,-4.472135954999579277e-01,0.000000000000000000e+00,0.000000000000000000e+00,-8.944271909999158554e-01,-2.012461179749810647e+00,-1.341640786499873839e+00,-4.472135954999579277e-01,-6.708203932499369193e-01,0.000000000000000000e+00,0.000000000000000000e+00,1.788854381999831711e+00,1.341640786499873839e+00,2.683281572999747677e+00,3.130495168499705549e+00,1.341640786499873839e+00,1.788854381999831711e+00,6.708203932499369193e-01,-1.118033988749894903e+00,-1.341640786499873839e+00,1.118033988749894903e+00,1.341640786499873839e+00,2.906888370749726391e+00,3.130495168499705549e+00,3.130495168499705549e+00,1.565247584249852775e+00,1.788854381999831711e+00,2.459674775249768519e+00,2.906888370749726391e+00,4.248529157249600452e+00,4.472135954999579610e+00,3.577708763999663422e+00,3.801315561749642136e+00,2.906888370749726391e+00,2.236067977499789639e-01,1.788854381999831711e+00,8.944271909999158554e-01,2.459674775249768519e+00,2.012461179749810647e+00,2.683281572999747677e+00,2.906888370749726391e+00,3.354101966249684263e+00,3.801315561749642136e+00,4.472135954999579610e+00,4.695742752749557880e+00,3.130495168499705549e+00,1.341640786499873839e+00,1.118033988749894903e+00,2.683281572999747677e+00,1.788854381999831711e+00,3.130495168499705549e+00,4.472135954999579610e+00,2.459674775249768519e+00,2.236067977499789805e+00,2.236067977499789805e+00,1.341640786499873839e+00,8.944271909999158554e-01,8.944271909999158554e-01,8.944271909999158554e-01,1.565247584249852775e+00,1.565247584249852775e+00,2.683281572999747677e+00,2.906888370749726391e+00,0.000000000000000000e+00,-8.944271909999158554e-01,-2.236067977499789639e-01,2.236067977499789639e-01,8.944271909999158554e-01,2.236067977499789805e+00,6.708203932499369193e-01,1.118033988749894903e+00,1.341640786499873839e+00,-2.236067977499789639e-01,-6.708203932499369193e-01,1.118033988749894903e+00,6.708203932499369193e-01,1.341640786499873839e+00,-4.472135954999579277e-01,-1.565247584249852775e+00,-2.236067977499789805e+00,-1.341640786499873839e+00,2.236067977499789639e-01,2.683281572999747677e+00,3.801315561749642136e+00,4.024922359499621294e+00,2.906888370749726391e+00,2.236067977499789639e-01,1.118033988749894903e+00,6.708203932499369193e-01,2.683281572999747677e+00,2.683281572999747677e+00,2.459674775249768519e+00,4.024922359499621294e+00,4.472135954999579610e+00,4.919349550499537038e+00,5.813776741499452783e+00,4.024922359499621294e+00,4.024922359499621294e+00,4.248529157249600452e+00,3.130495168499705549e+00,2.236067977499789805e+00,2.236067977499789805e+00,1.118033988749894903e+00,6.708203932499369193e-01,1.788854381999831711e+00,4.248529157249600452e+00,3.130495168499705549e+00,6.484597134749389369e+00,4.248529157249600452e+00,4.472135954999579610e+00,3.577708763999663422e+00,4.024922359499621294e+00,3.354101966249684263e+00,2.236067977499789805e+00,-2.236067977499789639e-01,-1.341640786499873839e+00,-8.944271909999158554e-01,2.236067977499789639e-01,1.341640786499873839e+00,2.012461179749810647e+00,2.683281572999747677e+00,4.472135954999579610e+00,3.130495168499705549e+00,2.683281572999747677e+00,8.944271909999158554e-01,2.236067977499789805e+00,2.459674775249768519e+00,3.801315561749642136e+00,3.130495168499705549e+00,2.236067977499789805e+00,2.236067977499789805e+00,6.708203932499369193e-01,2.012461179749810647e+00,8.944271909999158554e-01,-4.472135954999579277e-01,-8.944271909999158554e-01,-1.788854381999831711e+00,-2.683281572999747677e+00,-1.788854381999831711e+00,-1.788854381999831711e+00,0.000000000000000000e+00,6.708203932499369193e-01,-1.118033988749894903e+00,-2.236067977499789639e-01,-1.118033988749894903e+00,-1.565247584249852775e+00,-2.683281572999747677e+00,-3.801315561749642136e+00,-2.683281572999747677e+00,-3.577708763999663422e+00,-4.024922359499621294e+00,-3.354101966249684263e+00,-4.919349550499537038e+00,-3.801315561749642136e+00,-3.801315561749642136e+00,-3.130495168499705549e+00,-1.565247584249852775e+00,-8.944271909999158554e-01,-4.472135954999579277e-01,-4.472135954999579277e-01,4.472135954999579277e-01,-1.788854381999831711e+00,-1.565247584249852775e+00,-2.459674775249768519e+00,-8.944271909999158554e-01,6.708203932499369193e-01,8.944271909999158554e-01,2.236067977499789639e-01,-6.708203932499369193e-01,1.341640786499873839e+00,3.130495168499705549e+00,2.012461179749810647e+00,3.354101966249684263e+00,4.472135954999579610e+00,4.472135954999579610e+00,6.484597134749389369e+00,6.931810730249347685e+00,9.167878707749137490e+00,8.497058314499200904e+00,8.720665112249179174e+00,7.379024325749306001e+00,8.049844718999242588e+00,8.049844718999242588e+00,9.167878707749137490e+00,8.497058314499200904e+00,7.379024325749306001e+00,9.167878707749137490e+00,7.826237921249263430e+00,7.155417527999326843e+00,8.944271909999159220e+00,7.602631123499284271e+00,6.708203932499368527e+00,4.919349550499537038e+00,4.695742752749557880e+00,3.354101966249684263e+00,4.024922359499621294e+00,2.459674775249768519e+00,3.130495168499705549e+00,2.683281572999747677e+00,2.459674775249768519e+00,2.683281572999747677e+00,1.341640786499873839e+00,8.944271909999158554e-01,3.577708763999663422e+00,1.341640786499873839e+00,1.118033988749894903e+00,2.236067977499789639e-01,2.012461179749810647e+00,3.130495168499705549e+00,1.118033988749894903e+00,1.565247584249852775e+00,2.236067977499789639e-01,-6.708203932499369193e-01,-8.944271909999158554e-01,-3.130495168499705549e+00,-3.130495168499705549e+00,-2.906888370749726391e+00,-2.012461179749810647e+00,-6.708203932499369193e-01,6.708203932499369193e-01,-8.944271909999158554e-01,-8.944271909999158554e-01,-1.341640786499873839e+00,-3.354101966249684263e+00,-1.788854381999831711e+00,-1.118033988749894903e+00,-2.012461179749810647e+00,-2.459674775249768519e+00,-2.236067977499789805e+00,-3.801315561749642136e+00,-4.695742752749557880e+00,-2.459674775249768519e+00,-2.012461179749810647e+00,-6.708203932499369193e-01,-8.944271909999158554e-01,-4.472135954999579277e-01,8.944271909999158554e-01,-2.236067977499789639e-01,2.236067977499789639e-01,-3.577708763999663422e+00,-5.590169943749473624e+00,-5.366563145999495354e+00,-6.931810730249347685e+00,-5.813776741499452783e+00,-4.472135954999579610e+00,-2.906888370749726391e+00,-2.012461179749810647e+00,-1.788854381999831711e+00,-8.944271909999158554e-01,-1.341640786499873839e+00,-2.459674775249768519e+00,-3.354101966249684263e+00,-4.248529157249600452e+00,-4.472135954999579610e+00,-5.142956348249516196e+00,-3.577708763999663422e+00,-3.801315561749642136e+00,-2.236067977499789805e+00,-6.708203932499369193e-01,-1.565247584249852775e+00,2.236067977499789639e-01,1.565247584249852775e+00,8.944271909999158554e-01,8.944271909999158554e-01,2.459674775249768519e+00,1.118033988749894903e+00,2.459674775249768519e+00,1.788854381999831711e+00,1.565247584249852775e+00,1.788854381999831711e+00,2.012461179749810647e+00,2.683281572999747677e+00,1.788854381999831711e+00,1.118033988749894903e+00,2.459674775249768519e+00,8.944271909999158554e-01,-4.472135954999579277e-01,-3.130495168499705549e+00,-5.142956348249516196e+00,-4.695742752749557880e+00,-3.130495168499705549e+00,-3.354101966249684263e+00,-2.459674775249768519e+00,-2.236067977499789805e+00,-1.788854381999831711e+00,-8.944271909999158554e-01,-2.236067977499789639e-01,-2.236067977499789805e+00,-4.472135954999579277e-01,2.236067977499789639e-01,1.788854381999831711e+00,4.472135954999579277e-01,1.788854381999831711e+00,0.000000000000000000e+00,-1.788854381999831711e+00,-1.118033988749894903e+00,-2.012461179749810647e+00,-1.788854381999831711e+00,-2.012461179749810647e+00,-1.118033988749894903e+00,-2.459674775249768519e+00,-3.801315561749642136e+00,-3.801315561749642136e+00,-3.354101966249684263e+00,-6.037383539249431941e+00,-6.037383539249431941e+00,-5.813776741499452783e+00,-3.801315561749642136e+00,-2.012461179749810647e+00,-1.118033988749894903e+00,2.236067977499789639e-01,4.472135954999579277e-01,-6.708203932499369193e-01,-2.683281572999747677e+00,-2.459674775249768519e+00,-2.236067977499789639e-01,2.236067977499789639e-01,-1.341640786499873839e+00,-3.130495168499705549e+00,-2.459674775249768519e+00,-3.130495168499705549e+00,-1.341640786499873839e+00,-3.577708763999663422e+00,-4.695742752749557880e+00,-5.590169943749473624e+00,-5.142956348249516196e+00,-3.801315561749642136e+00,-5.366563145999495354e+00,-3.801315561749642136e+00,-3.801315561749642136e+00,-4.024922359499621294e+00,-3.354101966249684263e+00,-1.118033988749894903e+00,-2.012461179749810647e+00,-1.565247584249852775e+00,-1.565247584249852775e+00,-1.565247584249852775e+00,-1.565247584249852775e+00,2.236067977499789639e-01,8.944271909999158554e-01,4.472135954999579277e-01,1.118033988749894903e+00,8.944271909999158554e-01,-1.341640786499873839e+00,-6.708203932499369193e-01,1.788854381999831711e+00,1.565247584249852775e+00,1.565247584249852775e+00,2.236067977499789805e+00,1.118033988749894903e+00,0.000000000000000000e+00,4.472135954999579277e-01,-8.944271909999158554e-01,0.000000000000000000e+00,-1.118033988749894903e+00,-8.944271909999158554e-01,0.000000000000000000e+00,-6.708203932499369193e-01,-4.472135954999579277e-01,-1.118033988749894903e+00,-1.788854381999831711e+00,-1.118033988749894903e+00,-1.118033988749894903e+00,-6.708203932499369193e-01,-2.236067977499789639e-01,-6.708203932499369193e-01,-1.565247584249852775e+00,-1.118033988749894903e+00,-4.472135954999579277e-01,-2.236067977499789639e-01,1.118033988749894903e+00,2.012461179749810647e+00,2.459674775249768519e+00,2.012461179749810647e+00,4.472135954999579277e-01,0.000000000000000000e+00,8.944271909999158554e-01,2.236067977499789639e-01,4.472135954999579277e-01,-1.565247584249852775e+00,-1.118033988749894903e+00,-2.683281572999747677e+00,-3.801315561749642136e+00,-2.683281572999747677e+00,-1.118033988749894903e+00,-3.354101966249684263e+00
-8.944271909999158554e-01,-4.472135954999579277e-01,-1.118033988749894903e+00,-1.788854381999831711e+00,-1.788854381999831711e+00,-2.906888370749726391e+00,-4.248529157249600452e+00,-6.708203932499368527e+00,-5.813776741499452783e+00,-6.260990336999411099e+00,-5.142956348249516196e+00,-5.366563145999495354e+00,-5.142956348249516196e+00,-4.919349550499537038e+00,-5.366563145999495354e+00,-5.142956348249516196e+00,-4.695742752749557880e+00,-4.919349550499537038e+00,-4.024922359499621294e+00,-4.695742752749557880e+00,-5.590169943749473624e+00,-4.695742752749557880e+00,-4.024922359499621294e+00,-3.801315561749642136e+00,-5.366563145999495354e+00,-6.260990336999411099e+00,-4.248529157249600452e+00,-3.130495168499705549e+00,-3.354101966249684263e+00,-8.944271909999158554e-01,0.000000000000000000e+00,0.000000000000000000e+00,-4.472135954999579277e-01,0.000000000000000000e+00,6.708203932499369193e-01,-4.472135954999579277e-01,1.118033988749894903e+00,3.354101966249684263e+00,3.801315561749642136e+00,4.919349550499537038e+00,4.248529157249600452e+00,6.260990336999411099e+00,5.366563145999495354e+00,4.919349550499537038e+00,2.683281572999747677e+00,2.236067977499789805e+00,1.118033988749894903e+00,1.341640786499873839e+00,1.788854381999831711e+00,2.906888370749726391e+00,1.118033988749894903e+00,0.000000000000000000e+00,2.236067977499789639e-01,8.944271909999158554e-01,-2.012461179749810647e+00,-6.708203932499369193e-01,-1.341640786499873839e+00,-8.944271909999158554e-01,-2.236067977499789639e-01,2.236067977499789639e-01,-4.472135954999579277e-01,0.000000000000000000e+00,-1.118033988749894903e+00,4.472135954999579277e-01,0.000000000000000000e+00,1.118033988749894903e+00,2.906888370749726391e+00,2.906888370749726391e+00,4.024922359499621294e+00,4.248529157249600452e+00,2.683281572999747677e+00,1.565247584249852775e+00,2.906888370749726391e+00,1.788854381999831711e+00,3.130495168499705549e+00,4.472135954999579610e+00,4.248529157249600452e+00,4.695742752749557880e+00,4.695742752749557880e+00,4.695742752749557880e+00,2.906888370749726391e+00,2.012461179749810647e+00,4.024922359499621294e+00,4.919349550499537038e+00,4.024922359499621294e+00,4.248529157249600452e+00,2.906888370749726391e+00,3.577708763999663422e+00,3.801315561749642136e+00,3.577708763999663422e+00,4.024922359499621294e+00,3.354101966249684263e+00,4.248529157249600452e+00,2.236067977499789805e+00,-4.472135954999579277e-01,-1.118033988749894903e+00,4.472135954999579277e-01,8.944271909999158554e-01,2.906888370749726391e+00,2.906888370749726391e+00,4.919349550499537038e+00,4.472135954999579610e+00,4.472135954999579610e+00,4.024922359499621294e+00,3.130495168499705549e+00,2.906888370749726391e+00,1.788854381999831711e+00,3.354101966249684263e+00,2.906888370749726391e+00,5.142956348249516196e+00,2.906888370749726391e+00,4.248529157249600452e+00,6.484597134749389369e+00,5.366563145999495354e+00,5.813776741499452783e+00,4.919349550499537038e+00,2.683281572999747677e+00,2.012461179749810647e+00,2.683281572999747677e+00,2.459674775249768519e+00,2.012461179749810647e+00,1.565247584249852775e+00,1.565247584249852775e+00,1.341640786499873839e+00,2.906888370749726391e+00,2.459674775249768519e+00,2.683281572999747677e+00,8.944271909999158554e-01,-2.236067977499789639e-01,-6.708203932499369193e-01,-2.236067977499789639e-01,0.000000000000000000e+00,0.000000000000000000e+00,2.012461179749810647e+00,3.354101966249684263e+00,2.012461179749810647e+00,1.118033988749894903e+00,2.236067977499789639e-01,4.472135954999579277e-01,-2.236067977499789639e-01,-4.472135954999579277e-01,-8.944271909999158554e-01,1.565247584249852775e+00,8.944271909999158554e-01,-1.118033988749894903e+00,-4.472135954999579277e-01,2.236067977499789639e-01,4.472135954999579277e-01,-1.565247584249852775e+00,-1.118033988749894903e+00,-2.906888370749726391e+00,-4.472135954999579610e+00,-4.248529157249600452e+00,-5.142956348249516196e+00,-2.236067977499789805e+00,-1.565247584249852775e+00,-2.906888370749726391e+00,-1.341640786499873839e+00,-1.341640786499873839e+00,-1.565247584249852775e+00,0.000000000000000000e+00,-2.012461179749810647e+00,-2.236067977499789639e-01,1.118033988749894903e+00,2.236067977499789639e-01,-6.708203932499369193e-01,0.000000000000000000e+00,2.236067977499789639e-01,3.354101966249684263e+00,3.801315561749642136e+00,4.472135954999579610e+00,1.565247584249852775e+00,2.906888370749726391e+00,2.906888370749726391e+00,3.577708763999663422e+00,4.919349550499537038e+00,4.695742752749557880e+00,4.024922359499621294e+00,3.801315561749642136e+00,4.695742752749557880e+00,3.577708763999663422e+00,3.130495168499705549e+00,2.906888370749726391e+00,4.472135954999579610e+00,2.236067977499789805e+00,3.130495168499705549e+00,4.024922359499621294e+00,3.130495168499705549e+00,2.683281572999747677e+00,2.012461179749810647e+00,2.906888370749726391e+00,3.801315561749642136e+00,2.683281572999747677e+00,4.248529157249600452e+00,5.142956348249516196e+00,4.919349550499537038e+00,3.354101966249684263e+00,5.366563145999495354e+00,5.366563145999495354e+00,5.366563145999495354e+00,5.142956348249516196e+00,3.577708763999663422e+00,4.248529157249600452e+00,4.695742752749557880e+00,1.565247584249852775e+00,-6.708203932499369193e-01,-6.708203932499369193e-01,2.236067977499789639e-01,-8.944271909999158554e-01,4.472135954999579277e-01,6.708203932499369193e-01,8.944271909999158554e-01,-2.236067977499789639e-01,2.236067977499789639e-01,2.236067977499789805e+00,2.236067977499789639e-01,1.341640786499873839e+00,4.472135954999579277e-01,0.000000000000000000e+00,-1.565247584249852775e+00,2.236067977499789639e-01,-1.788854381999831711e+00,8.944271909999158554e-01,1.118033988749894903e+00,2.012461179749810647e+00,2.236067977499789805e+00,2.906888370749726391e+00,4.024922359499621294e+00,2.906888370749726391e+00,4.472135954999579610e+00,3.577708763999663422e+00,3.130495168499705549e+00,1.118033988749894903e+00,1.788854381999831711e+00,1.788854381999831711e+00,2.012461179749810647e+00,8.944271909999158554e-01,0.000000000000000000e+00,1.341640786499873839e+00,1.565247584249852775e+00,0.000000000000000000e+00,-1.118033988749894903e+00,-6.708203932499369193e-01,-8.944271909999158554e-01,-2.683281572999747677e+00,-2.012461179749810647e+00,-6.708203932499369193e-01,-1.341640786499873839e+00,2.236067977499789639e-01,1.788854381999831711e+00,1.788854381999831711e+00,1.565247584249852775e+00,1.565247584249852775e+00,2.683281572999747677e+00,3.354101966249684263e+00,3.130495168499705549e+00,3.801315561749642136e+00,1.341640786499873839e+00,3.130495168499705549e+00,4.248529157249600452e+00,3.130495168499705549e+00,5.590169943749473624e+00,5.366563145999495354e+00,5.366563145999495354e+00,4.472135954999579610e+00,4.695742752749557880e+00,4.472135954999579610e+00,4.024922359499621294e+00,3.577708763999663422e+00,4.919349550499537038e+00,5.366563145999495354e+00,6.037383539249431941e+00,5.590169943749473624e+00,4.248529157249600452e+00,3.577708763999663422e+00,2.459674775249768519e+00,1.565247584249852775e+00,1.788854381999831711e+00,1.565247584249852775e+00,1.118033988749894903e+00,1.565247584249852775e+00,1.788854381999831711e+00,1.788854381999831711e+00,4.472135954999579277e-01,6.708203932499369193e-01,-8.944271909999158554e-01,1.118033988749894903e+00,-1.788854381999831711e+00,-6.708203932499369193e-01,-2.459674775249768519e+00,-1.565247584249852775e+00,-2.236067977499789639e-01,0.000000000000000000e+00,6.708203932499369193e-01,-4.472135954999579277e-01,-2.236067977499789639e-01,1.565247584249852775e+00,2.683281572999747677e+00,3.354101966249684263e+00,4.248529157249600452e+00,4.024922359499621294e+00,5.590169943749473624e+00,4.024922359499621294e+00,2.459674775249768519e+00,4.472135954999579277e-01,-1.118033988749894903e+00,-4.472135954999579277e-01,-1.341640786499873839e+00,-2.236067977499789639e-01,-1.565247584249852775e+00,-2.012461179749810647e+00,-2.683281572999747677e+00,-3.801315561749642136e+00,-3.130495168499705549e+00,-3.354101966249684263e+00,-4.024922359499621294e+00,-3.801315561749642136e+00,-4.024922359499621294e+00,-6.037383539249431941e+00,-5.142956348249516196e+00,-5.813776741499452783e+00,-5.142956348249516196e+00,-6.037383539249431941e+00,-5.366563145999495354e+00,-5.590169943749473624e+00,-4.024922359499621294e+00,-3.354101966249684263e+00,-4.024922359499621294e+00,-1.565247584249852775e+00,-1.565247584249852775e+00,-4.472135954999579610e+00,-4.248529157249600452e+00,-4.919349550499537038e+00,-2.906888370749726391e+00,-3.577708763999663422e+00,-4.248529157249600452e+00,-3.577708763999663422e+00,-2.906888370749726391e+00,-4.024922359499621294e+00,-4.695742752749557880e+00,-3.577708763999663422e+00,-3.577708763999663422e+00,-4.919349550499537038e+00,-5.142956348249516196e+00,-5.366563145999495354e+00,-5.366563145999495354e+00,-4.695742752749557880e+00,-3.801315561749642136e+00,-3.801315561749642136e+00,-3.577708763999663422e+00,-3.577708763999663422e+00,-2.236067977499789805e+00,-4.024922359499621294e+00,-4.024922359499621294e+00,-2.906888370749726391e+00,-6.708203932499369193e-01,6.708203932499369193e-01,-2.236067977499789639e-01,0.000000000000000000e+00,-2.236067977499789639e-01,-6.708203932499369193e-01,-1.341640786499873839e+00,-2.683281572999747677e+00,-6.708203932499369193e-01,4.472135954999579277e-01,2.459674775249768519e+00,2.683281572999747677e+00,1.341640786499873839e+00,2.236067977499789805e+00,1.341640786499873839e+00,8.944271909999158554e-01,1.341640786499873839e+00,2.236067977499789639e-01,-6.708203932499369193e-01,-6.708203932499369193e-01,-1.341640786499873839e+00,-6.708203932499369193e-01,-1.118033988749894903e+00,-2.236067977499789639e-01,-4.472135954999579277e-01,-2.236067977499789805e+00,-1.341640786499873839e+00,-2.236067977499789805e+00,-1.341640786499873839e+00,-4.472135954999579277e-01,2.236067977499789639e-01,6.708203932499369193e-01,2.012461179749810647e+00,1.565247584249852775e+00,1.565247584249852775e+00,2.459674775249768519e+00,2.236067977499789639e-01,0.000000000000000000e+00,-1.788854381999831711e+00,-2.683281572999747677e+00,-6.708203932499369193e-01,-2.459674775249768519e+00,-2.683281572999747677e+00,-2.012461179749810647e+00,-2.459674775249768519e+00,-1.118033988749894903e+00,-6.708203932499369193e-01,-1.118033988749894903e+00,-1.118033988749894903e+00,-8.944271909999158554e-01,-2.236067977499789639e-01,8.944271909999158554e-01,-8.944271909999158554e-01,-4.472135954999579277e-01,1.341640786499873839e+00,2.906888370749726391e+00,4.472135954999579277e-01,-2.236067977499789639e-01,4.472135954999579277e-01,1.788854381999831711e+00,2.459674775249768519e+00,2.906888370749726391e+00,2.906888370749726391e+00,3.354101966249684263e+00,4.695742752749557880e+00,5.366563145999495354e+00,3.801315561749642136e+00,5.142956348249516196e+00,4.919349550499537038e+00,3.577708763999663422e+00,3.577708763999663422e+00,4.695742752749557880e+00,2.906888370749726391e+00,2.459674775249768519e+00,3.577708763999663422e+00,3.130495168499705549e+00,2.236067977499789805e+00,1.565247584249852775e+00,-6.708203932499369193e-01,2.236067977499789639e-01,1.118033988749894903e+00,1.565247584249852775e+00,8.944271909999158554e-01,1.341640786499873839e+00,3.577708763999663422e+00,2.012461179749810647e+00,1.565247584249852775e+00,2.236067977499789805e+00,1.341640786499873839e+00,2.459674775249768519e+00,1.341640786499873839e+00,3.801315561749642136e+00,1.118033988749894903e+00,2.236067977499789805e+00,2.236067977499789805e+00,2.683281572999747677e+00,2.012461179749810647e+00,2.459674775249768519e+00,2.906888370749726391e+00,5.813776741499452783e+00,6.484597134749389369e+00,7.379024325749306001e+00,1.028591269649903239e+01,1.006230589874905235e+01,9.167878707749137490e+00,7.155417527999326843e+00,4.472135954999579610e+00,2.683281572999747677e+00,3.354101966249684263e+00,1.788854381999831711e+00,2.906888370749726391e+00,3.577708763999663422e+00,1.788854381999831711e+00,1.565247584249852775e+00,2.683281572999747677e+00,1.118033988749894903e+00,1.118033988749894903e+00,4.472135954999579277e-01,4.472135954999579277e-01,8.944271909999158554e-01,0.000000000000000000e+00,-1.341640786499873839e+00,8.944271909999158554e-01,6.708203932499369193e-01,2.236067977499789805e+00,2.683281572999747677e+00,3.130495168499705549e+00,2.459674775249768519e+00,1.341640786499873839e+00,4.472135954999579277e-01,6.708203932499369193e-01,-1.341640786499873839e+00,-2.683281572999747677e+00,0.000000000000000000e+00,-1.788854381999831711e+00,-1.788854381999831711e+00,-1.118033988749894903e+00,-2.906888370749726391e+00,-1.341640786499873839e+00,-2.236067977499789805e+00,-2.683281572999747677e+00,-4.472135954999579277e-01,-1.788854381999831711e+00,-3.801315561749642136e+00,-3.801315561749642136e+00
-1.565247584249852775e+00,-8.944271909999158554e-01,-2.459674775249768519e+00,-1.118033988749894903e+00,-1.565247584249852775e+00,-2.012461179749810647e+00,-3.354101966249684263e+00,-5.142956348249516196e+00,-5.813776741499452783e+00,-6.260990336999411099e+00,-6.708203932499368527e+00,-8.720665112249179174e+00,-9.167878707749137490e+00,-6.484597134749389369e+00,-6.260990336999411099e+00,-7.155417527999326843e+00,-6.260990336999411099e+00,-6.931810730249347685e+00,-6.484597134749389369e+00,-4.472135954999579610e+00,-5.366563145999495354e+00,-6.931810730249347685e+00,-5.813776741499452783e+00,-4.472135954999579610e+00,-5.366563145999495354e+00,-4.919349550499537038e+00,-4.248529157249600452e+00,-4.024922359499621294e+00,-3.577708763999663422e+00,-2.906888370749726391e+00,-1.788854381999831711e+00,-2.906888370749726391e+00,-3.354101966249684263e+00,-2.236067977499789805e+00,-1.565247584249852775e+00,-1.788854381999831711e+00,-4.472135954999579277e-01,4.472135954999579277e-01,2.012461179749810647e+00,1.788854381999831711e+00,3.577708763999663422e+00,2.683281572999747677e+00,4.024922359499621294e+00,5.366563145999495354e+00,4.472135954999579610e+00,5.366563145999495354e+00,5.590169943749473624e+00,3.801315561749642136e+00,3.130495168499705549e+00,1.565247584249852775e+00,-6.708203932499369193e-01,-4.472135954999579277e-01,-6.708203932499369193e-01,-1.118033988749894903e+00,-2.236067977499789805e+00,-3.354101966249684263e+00,-1.341640786499873839e+00,2.236067977499789639e-01,0.000000000000000000e+00,2.236067977499789639e-01,-6.708203932499369193e-01,-2.012461179749810647e+00,-3.577708763999663422e+00,-2.012461179749810647e+00,-3.577708763999663422e+00,-3.354101966249684263e+00,-3.130495168499705549e+00,-2.012461179749810647e+00,-1.118033988749894903e+00,1.118033988749894903e+00,1.788854381999831711e+00,3.130495168499705549e+00,3.354101966249684263e+00,4.472135954999579610e+00,4.248529157249600452e+00,4.024922359499621294e+00,5.813776741499452783e+00,6.708203932499368527e+00,6.037383539249431941e+00,4.919349550499537038e+00,4.248529157249600452e+00,3.801315561749642136e+00,2.683281572999747677e+00,2.236067977499789805e+00,1.341640786499873839e+00,0.000000000000000000e+00,-6.708203932499369193e-01,-2.236067977499789805e+00,-1.788854381999831711e+00,-4.024922359499621294e+00,-5.142956348249516196e+00,-6.260990336999411099e+00,-6.037383539249431941e+00,-6.037383539249431941e+00,-8.944271909999159220e+00,-8.720665112249179174e+00,-7.826237921249263430e+00,-6.931810730249347685e+00,-5.142956348249516196e+00,-5.142956348249516196e+00,-3.801315561749642136e+00,-4.472135954999579610e+00,-2.459674775249768519e+00,-1.788854381999831711e+00,-2.683281572999747677e+00,-5.366563145999495354e+00,-5.813776741499452783e+00,-4.472135954999579610e+00,-3.130495168499705549e+00,-3.577708763999663422e+00,-2.906888370749726391e+00,-1.788854381999831711e+00,-6.708203932499369193e-01,2.236067977499789639e-01,-8.944271909999158554e-01,-8.944271909999158554e-01,-4.472135954999579277e-01,-1.118033988749894903e+00,-1.788854381999831711e+00,-3.801315561749642136e+00,-4.248529157249600452e+00,-6.037383539249431941e+00,-4.472135954999579610e+00,-4.695742752749557880e+00,-4.024922359499621294e+00,-3.577708763999663422e+00,-2.683281572999747677e+00,-2.459674775249768519e+00,-1.788854381999831711e+00,-2.012461179749810647e+00,-3.354101966249684263e+00,-2.683281572999747677e+00,-4.695742752749557880e+00,-4.024922359499621294e+00,-5.813776741499452783e+00,-4.024922359499621294e+00,-3.354101966249684263e+00,-3.354101966249684263e+00,-3.130495168499705549e+00,-3.577708763999663422e+00,-1.565247584249852775e+00,-1.788854381999831711e+00,-2.459674775249768519e+00,-3.130495168499705549e+00,-2.236067977499789805e+00,-2.236067977499789805e+00,-2.906888370749726391e+00,-4.024922359499621294e+00,-2.906888370749726391e+00,-1.788854381999831711e+00,-2.236067977499789805e+00,-2.236067977499789805e+00,-2.459674775249768519e+00,-2.012461179749810647e+00,-6.708203932499369193e-01,-6.708203932499369193e-01,2.012461179749810647e+00,1.118033988749894903e+00,0.000000000000000000e+00,2.683281572999747677e+00,3.130495168499705549e+00,2.683281572999747677e+00,2.683281572999747677e+00,2.459674775249768519e+00,2.683281572999747677e+00,2.236067977499789639e-01,1.118033988749894903e+00,1.565247584249852775e+00,6.708203932499369193e-01,-1.118033988749894903e+00,-6.708203932499369193e-01,8.944271909999158554e-01,4.472135954999579277e-01,6.708203932499369193e-01,-4.472135954999579277e-01,-2.236067977499789639e-01,8.944271909999158554e-01,1.118033988749894903e+00,1.118033988749894903e+00,1.118033988749894903e+00,0.000000000000000000e+00,4.472135954999579277e-01,-4.472135954999579277e-01,-2.236067977499789639e-01,-8.944271909999158554e-01,-2.012461179749810647e+00,-4.472135954999579610e+00,-4.248529157249600452e+00,-6.037383539249431941e+00,-5.366563145999495354e+00,-5.813776741499452783e+00,-4.248529157249600452e+00,-6.484597134749389369e+00,-6.484597134749389369e+00,-7.826237921249263430e+00,-8.049844718999242588e+00,-8.944271909999159220e+00,-7.155417527999326843e+00,-6.037383539249431941e+00,-5.813776741499452783e+00,-5.590169943749473624e+00,-5.142956348249516196e+00,-4.919349550499537038e+00,-4.695742752749557880e+00,-3.354101966249684263e+00,-3.801315561749642136e+00,-2.683281572999747677e+00,-1.565247584249852775e+00,-1.118033988749894903e+00,4.472135954999579277e-01,-6.708203932499369193e-01,-1.341640786499873839e+00,-1.118033988749894903e+00,2.236067977499789639e-01,4.472135954999579277e-01,1.118033988749894903e+00,1.341640786499873839e+00,2.236067977499789639e-01,1.788854381999831711e+00,2.236067977499789639e-01,2.236067977499789805e+00,2.236067977499789805e+00,2.459674775249768519e+00,1.341640786499873839e+00,3.130495168499705549e+00,1.341640786499873839e+00,-4.472135954999579277e-01,-4.472135954999579277e-01,-2.906888370749726391e+00,-4.248529157249600452e+00,-3.577708763999663422e+00,-1.565247584249852775e+00,-1.565247584249852775e+00,-1.118033988749894903e+00,-2.012461179749810647e+00,-2.012461179749810647e+00,-2.236067977499789805e+00,-3.354101966249684263e+00,-2.236067977499789805e+00,-1.788854381999831711e+00,-8.944271909999158554e-01,-2.236067977499789639e-01,-1.118033988749894903e+00,6.708203932499369193e-01,-4.472135954999579277e-01,2.236067977499789639e-01,-8.944271909999158554e-01,4.472135954999579277e-01,1.341640786499873839e+00,2.012461179749810647e+00,3.577708763999663422e+00,3.577708763999663422e+00,2.459674775249768519e+00,1.341640786499873839e+00,8.944271909999158554e-01,6.708203932499369193e-01,4.472135954999579277e-01,-8.944271909999158554e-01,-5.142956348249516196e+00,-4.472135954999579610e+00,-3.801315561749642136e+00,-3.577708763999663422e+00,-4.248529157249600452e+00,-4.248529157249600452e+00,-4.472135954999579610e+00,-2.459674775249768519e+00,4.472135954999579277e-01,-1.788854381999831711e+00,-1.788854381999831711e+00,-2.236067977499789639e-01,-8.944271909999158554e-01,-1.565247584249852775e+00,-1.788854381999831711e+00,-4.472135954999579277e-01,8.944271909999158554e-01,2.236067977499789639e-01,-2.236067977499789639e-01,-2.012461179749810647e+00,-6.708203932499369193e-01,4.472135954999579277e-01,-6.708203932499369193e-01,-1.565247584249852775e+00,-1.565247584249852775e+00,-8.944271909999158554e-01,-1.788854381999831711e+00,-1.118033988749894903e+00,-2.906888370749726391e+00,-4.024922359499621294e+00,-3.130495168499705549e+00,-4.248529157249600452e+00,-4.024922359499621294e+00,-2.459674775249768519e+00,-2.459674775249768519e+00,-2.683281572999747677e+00,-3.577708763999663422e+00,-3.130495168499705549e+00,-1.565247584249852775e+00,-2.459674775249768519e+00,-2.459674775249768519e+00,0.000000000000000000e+00,1.118033988749894903e+00,1.565247584249852775e+00,1.118033988749894903e+00,1.565247584249852775e+00,3.130495168499705549e+00,2.683281572999747677e+00,1.341640786499873839e+00,3.354101966249684263e+00,4.472135954999579610e+00,4.472135954999579610e+00,3.801315561749642136e+00,-8.944271909999158554e-01,-1.341640786499873839e+00,-1.788854381999831711e+00,-2.012461179749810647e+00,-1.341640786499873839e+00,2.236067977499789639e-01,-2.236067977499789805e+00,-4.024922359499621294e+00,-4.919349550499537038e+00,-5.590169943749473624e+00,-5.813776741499452783e+00,-4.695742752749557880e+00,-4.695742752749557880e+00,-5.366563145999495354e+00,-6.037383539249431941e+00,-6.260990336999411099e+00,-5.813776741499452783e+00,-4.024922359499621294e+00,-1.788854381999831711e+00,-8.944271909999158554e-01,-2.683281572999747677e+00,-3.354101966249684263e+00,-2.906888370749726391e+00,-3.577708763999663422e+00,-5.590169943749473624e+00,-6.931810730249347685e+00,-5.590169943749473624e+00,-1.788854381999831711e+00,1.118033988749894903e+00,1.118033988749894903e+00,2.236067977499789805e+00,3.577708763999663422e+00,2.236067977499789805e+00,1.788854381999831711e+00,1.118033988749894903e+00,6.708203932499369193e-01,8.944271909999158554e-01,6.708203932499369193e-01,-8.944271909999158554e-01,-6.708203932499369193e-01,-1.118033988749894903e+00,-6.708203932499369193e-01,-8.944271909999158554e-01,-1.118033988749894903e+00,8.944271909999158554e-01,1.788854381999831711e+00,2.236067977499789805e+00,2.459674775249768519e+00,2.012461179749810647e+00,1.788854381999831711e+00,2.906888370749726391e+00,8.944271909999158554e-01,0.000000000000000000e+00,-1.341640786499873839e+00,2.236067977499789639e-01,-1.118033988749894903e+00,-2.906888370749726391e+00,-6.708203932499369193e-01,-1.565247584249852775e+00,-2.236067977499789805e+00,-2.459674775249768519e+00,-4.695742752749557880e+00,-2.236067977499789805e+00,-1.565247584249852775e+00,-2.236067977499789639e-01,6.708203932499369193e-01,-2.236067977499789639e-01,-1.565247584249852775e+00,-1.118033988749894903e+00,-1.118033988749894903e+00,-1.565247584249852775e+00,-2.236067977499789805e+00,-4.248529157249600452e+00,-3.130495168499705549e+00,-4.695742752749557880e+00,-2.906888370749726391e+00,-1.118033988749894903e+00,0.000000000000000000e+00,-4.472135954999579277e-01,2.236067977499789805e+00,2.236067977499789805e+00,3.801315561749642136e+00,3.130495168499705549e+00,3.577708763999663422e+00,1.341640786499873839e+00,8.944271909999158554e-01,2.236067977499789639e-01,1.118033988749894903e+00,2.459674775249768519e+00,2.459674775249768519e+00,8.944271909999158554e-01,1.341640786499873839e+00,2.459674775249768519e+00,2.012461179749810647e+00,1.565247584249852775e+00,8.944271909999158554e-01,-2.236067977499789639e-01,1.118033988749894903e+00,-2.236067977499789639e-01,1.341640786499873839e+00,2.236067977499789639e-01,-2.236067977499789639e-01,0.000000000000000000e+00,1.788854381999831711e+00,2.236067977499789805e+00,1.788854381999831711e+00,2.459674775249768519e+00,2.459674775249768519e+00,2.906888370749726391e+00,4.248529157249600452e+00,4.472135954999579610e+00,2.906888370749726391e+00,4.919349550499537038e+00,3.354101966249684263e+00,4.919349550499537038e+00,4.695742752749557880e+00,3.801315561749642136e+00,7.155417527999326843e+00,6.931810730249347685e+00,4.472135954999579610e+00,2.683281572999747677e+00,2.236067977499789805e+00,2.459674775249768519e+00,1.341640786499873839e+00,2.012461179749810647e+00,-4.472135954999579277e-01,-6.708203932499369193e-01,-3.130495168499705549e+00,-3.130495168499705549e+00,-1.565247584249852775e+00,-8.944271909999158554e-01,-2.906888370749726391e+00,-1.565247584249852775e+00,-2.012461179749810647e+00,-1.118033988749894903e+00,-1.341640786499873839e+00,-2.236067977499789639e-01,1.341640786499873839e+00,-1.788854381999831711e+00,-6.708203932499369193e-01,-4.472135954999579277e-01,-1.118033988749894903e+00,-1.341640786499873839e+00,1.118033988749894903e+00,1.565247584249852775e+00,2.683281572999747677e+00,1.341640786499873839e+00,4.472135954999579277e-01,4.472135954999579277e-01,8.944271909999158554e-01,2.012461179749810647e+00,8.944271909999158554e-01,0.000000000000000000e+00,-4.472135954999579277e-01,-2.236067977499789639e-01,-2.236067977499789639e-01,1.118033988749894903e+00,1.118033988749894903e+00,2.683281572999747677e+00,3.130495168499705549e+00,2.683281572999747677e+00,2.236067977499789639e-01,-4.472135954999579277e-01,-1.565247584249852775e+00,-1.565247584249852775e+00,-1.788854381999831711e+00,-6.708203932499369193e-01,1.118033988749894903e+00,2.906888370749726391e+00,1.565247584249852775e+00,1.788854381999831711e+00,1.341640786499873839e+00,8.944271909999158554e-01,-1.341640786499873839e+00,-2.236067977499789639e-01,8.944271909999158554e-01,-2.236067977499789639e-01,8.944271909999158554e-01,-6.708203932499369193e-01,-2.459674775249768519e+00,-4.919349550499537038e+00,-3.130495168499705549e+00,-2.236067977499789805e+00,-1.788854381999831711e+00,-2.236067977499789805e+00,-3.577708763999663422e+00,-2.683281572999747677e+00,-1.341640786499873839e+00,-1.341640786499873839e+00
-1.788854381999831711e+00,-3.130495168499705549e+00,-2.459674775249768519e+00,-3.577708763999663422e+00,-2.906888370749726391e+00,-3.130495168499705549e+00,-2.459674775249768519e+00,-3.354101966249684263e+00,-4.919349550499537038e+00,-5.366563145999495354e+00,-5.590169943749473624e+00,-4.919349550499537038e+00,-3.801315561749642136e+00,-4.472135954999579610e+00,-4.472135954999579610e+00,-5.366563145999495354e+00,-4.695742752749557880e+00,-5.142956348249516196e+00,-7.379024325749306001e+00,-7.826237921249263430e+00,-8.944271909999159220e+00,-6.931810730249347685e+00,-5.813776741499452783e+00,-4.248529157249600452e+00,-4.472135954999579610e+00,-4.695742752749557880e+00,-4.919349550499537038e+00,-4.695742752749557880e+00,-4.919349550499537038e+00,-3.130495168499705549e+00,-4.248529157249600452e+00,-4.024922359499621294e+00,-4.248529157249600452e+00,-4.472135954999579610e+00,-4.472135954999579610e+00,-5.366563145999495354e+00,-4.472135954999579610e+00,-4.024922359499621294e+00,-3.354101966249684263e+00,-4.024922359499621294e+00,-4.472135954999579610e+00,-4.024922359499621294e+00,-5.590169943749473624e+00,-4.695742752749557880e+00,-5.366563145999495354e+00,-7.602631123499284271e+00,-6.260990336999411099e+00,-4.919349550499537038e+00,-5.590169943749473624e+00,-4.024922359499621294e+00,-3.354101966249684263e+00,-2.683281572999747677e+00,-4.024922359499621294e+00,-2.012461179749810647e+00,-8.944271909999158554e-01,-6.708203932499369193e-01,4.472135954999579277e-01,-1.341640786499873839e+00,-4.472135954999579277e-01,-2.236067977499789639e-01,-1.565247584249852775e+00,-8.944271909999158554e-01,4.472135954999579277e-01,6.708203932499369193e-01,1.341640786499873839e+00,8.944271909999158554e-01,2.236067977499789639e-01,0.000000000000000000e+00,0.000000000000000000e+00,-2.236067977499789639e-01,8.944271909999158554e-01,0.000000000000000000e+00,1.118033988749894903e+00,-2.236067977499789805e+00,-1.565247584249852775e+00,-4.472135954999579277e-01,6.708203932499369193e-01,6.708203932499369193e-01,-1.341640786499873839e+00,-2.906888370749726391e+00,-2.236067977499789639e-01,-2.683281572999747677e+00,-2.012461179749810647e+00,-2.459674775249768519e+00,-2.683281572999747677e+00,-4.472135954999579610e+00,-2.236067977499789805e+00,-1.118033988749894903e+00,-1.118033988749894903e+00,-1.118033988749894903e+00,-1.341640786499873839e+00,-3.801315561749642136e+00,-2.012461179749810647e+00,-1.341640786499873839e+00,-2.683281572999747677e+00,-2.906888370749726391e+00,-2.236067977499789805e+00,-2.236067977499789805e+00,-1.788854381999831711e+00,-2.236067977499789639e-01,1.565247584249852775e+00,2.012461179749810647e+00,3.130495168499705549e+00,1.565247584249852775e+00,2.012461179749810647e+00,2.012461179749810647e+00,2.236067977499789805e+00,-4.472135954999579277e-01,-2.236067977499789639e-01,-8.944271909999158554e-01,0.000000000000000000e+00,-4.472135954999579277e-01,-1.341640786499873839e+00,-2.236067977499789639e-01,-2.236067977499789639e-01,-4.472135954999579277e-01,-4.472135954999579277e-01,6.708203932499369193e-01,0.000000000000000000e+00,-4.472135954999579277e-01,1.565247584249852775e+00,2.236067977499789639e-01,2.236067977499789639e-01,4.472135954999579277e-01,1.565247584249852775e+00,1.118033988749894903e+00,-2.236067977499789639e-01,0.000000000000000000e+00,-4.472135954999579277e-01,-1.565247584249852775e+00,-1.341640786499873839e+00,-1.118033988749894903e+00,-8.944271909999158554e-01,-6.708203932499369193e-01,8.944271909999158554e-01,1.565247584249852775e+00,8.944271909999158554e-01,2.012461179749810647e+00,1.788854381999831711e+00,3.577708763999663422e+00,2.236067977499789805e+00,1.788854381999831711e+00,2.236067977499789639e-01,0.000000000000000000e+00,-4.472135954999579277e-01,6.708203932499369193e-01,1.341640786499873839e+00,1.565247584249852775e+00,-4.472135954999579277e-01,-1.341640786499873839e+00,-2.236067977499789805e+00,-1.788854381999831711e+00,-1.565247584249852775e+00,-1.788854381999831711e+00,6.708203932499369193e-01,8.944271909999158554e-01,-2.236067977499789639e-01,4.472135954999579277e-01,-8.944271909999158554e-01,0.000000000000000000e+00,1.341640786499873839e+00,2.459674775249768519e+00,6.708203932499369193e-01,0.000000000000000000e+00,8.944271909999158554e-01,2.236067977499789805e+00,2.906888370749726391e+00,2.012461179749810647e+00,1.341640786499873839e+00,1.341640786499873839e+00,2.683281572999747677e+00,2.683281572999747677e+00,1.341640786499873839e+00,-2.236067977499789639e-01,-1.788854381999831711e+00,-1.341640786499873839e+00,-6.708203932499369193e-01,-1.118033988749894903e+00,-2.012461179749810647e+00,-1.565247584249852775e+00,-1.565247584249852775e+00,-2.236067977499789805e+00,-2.236067977499789805e+00,0.000000000000000000e+00,-8.944271909999158554e-01,-1.788854381999831711e+00,-2.906888370749726391e+00,-1.341640786499873839e+00,-2.906888370749726391e+00,-4.695742752749557880e+00,-3.130495168499705549e+00,-4.695742752749557880e+00,-5.142956348249516196e+00,-6.484597134749389369e+00,-6.037383539249431941e+00,-5.590169943749473624e+00,-4.919349550499537038e+00,-5.590169943749473624e+00,-5.590169943749473624e+00,-4.695742752749557880e+00,-3.801315561749642136e+00,-2.906888370749726391e+00,-2.459674775249768519e+00,-4.024922359499621294e+00,-5.366563145999495354e+00,-5.366563145999495354e+00,-4.472135954999579610e+00,-3.577708763999663422e+00,-1.341640786499873839e+00,-2.236067977499789639e-01,6.708203932499369193e-01,-4.472135954999579277e-01,-1.565247584249852775e+00,-1.788854381999831711e+00,-2.236067977499789805e+00,-6.708203932499369193e-01,4.472135954999579277e-01,-6.708203932499369193e-01,-4.472135954999579277e-01,4.472135954999579277e-01,4.472135954999579277e-01,1.118033988749894903e+00,4.472135954999579277e-01,1.788854381999831711e+00,3.130495168499705549e+00,2.906888370749726391e+00,3.130495168499705549e+00,3.577708763999663422e+00,2.683281572999747677e+00,2.459674775249768519e+00,2.906888370749726391e+00,2.683281572999747677e+00,2.683281572999747677e+00,2.459674775249768519e+00,1.788854381999831711e+00,1.118033988749894903e+00,4.472135954999579277e-01,0.000000000000000000e+00,4.472135954999579277e-01,8.944271909999158554e-01,-6.708203932499369193e-01,-1.341640786499873839e+00,-2.683281572999747677e+00,-4.472135954999579610e+00,-3.801315561749642136e+00,-2.459674775249768519e+00,-1.118033988749894903e+00,-2.236067977499789805e+00,-2.236067977499789805e+00,-6.708203932499369193e-01,2.236067977499789639e-01,1.118033988749894903e+00,-2.236067977499789639e-01,8.944271909999158554e-01,1.118033988749894903e+00,8.944271909999158554e-01,4.472135954999579277e-01,8.944271909999158554e-01,0.000000000000000000e+00,-4.472135954999579277e-01,4.472135954999579277e-01,-8.944271909999158554e-01,-4.472135954999579277e-01,-4.472135954999579277e-01,-1.341640786499873839e+00,-1.118033988749894903e+00,-3.130495168499705549e+00,-2.012461179749810647e+00,-1.341640786499873839e+00,-4.472135954999579277e-01,-4.472135954999579277e-01,-2.906888370749726391e+00,-3.354101966249684263e+00,-3.577708763999663422e+00,-2.012461179749810647e+00,-2.459674775249768519e+00,-2.459674775249768519e+00,-4.919349550499537038e+00,-4.472135954999579610e+00,-3.801315561749642136e+00,-3.130495168499705549e+00,-2.236067977499789805e+00,-2.906888370749726391e+00,-1.341640786499873839e+00,-1.788854381999831711e+00,-1.341640786499873839e+00,-2.012461179749810647e+00,-1.788854381999831711e+00,-2.459674775249768519e+00,-2.459674775249768519e+00,-3.354101966249684263e+00,-3.801315561749642136e+00,-3.130495168499705549e+00,-2.236067977499789805e+00,-1.565247584249852775e+00,-2.236067977499789639e-01,1.118033988749894903e+00,2.683281572999747677e+00,4.024922359499621294e+00,4.695742752749557880e+00,5.590169943749473624e+00,7.155417527999326843e+00,6.037383539249431941e+00,6.037383539249431941e+00,4.919349550499537038e+00,6.484597134749389369e+00,8.273451516749220858e+00,6.931810730249347685e+00,6.708203932499368527e+00,6.484597134749389369e+00,6.260990336999411099e+00,8.049844718999242588e+00,6.260990336999411099e+00,4.695742752749557880e+00,3.801315561749642136e+00,1.788854381999831711e+00,2.459674775249768519e+00,1.788854381999831711e+00,8.944271909999158554e-01,0.000000000000000000e+00,4.472135954999579277e-01,2.012461179749810647e+00,4.472135954999579277e-01,2.236067977499789639e-01,-1.788854381999831711e+00,-8.944271909999158554e-01,1.118033988749894903e+00,2.236067977499789805e+00,2.012461179749810647e+00,3.130495168499705549e+00,2.459674775249768519e+00,3.354101966249684263e+00,4.248529157249600452e+00,4.024922359499621294e+00,3.577708763999663422e+00,3.801315561749642136e+00,2.683281572999747677e+00,2.012461179749810647e+00,2.012461179749810647e+00,2.683281572999747677e+00,2.236067977499789805e+00,2.906888370749726391e+00,2.906888370749726391e+00,3.354101966249684263e+00,3.130495168499705549e+00,2.459674775249768519e+00,2.012461179749810647e+00,2.236067977499789639e-01,1.118033988749894903e+00,1.788854381999831711e+00,4.472135954999579277e-01,6.708203932499369193e-01,1.118033988749894903e+00,1.788854381999831711e+00,1.788854381999831711e+00,2.459674775249768519e+00,3.130495168499705549e+00,3.801315561749642136e+00,3.354101966249684263e+00,3.801315561749642136e+00,3.801315561749642136e+00,4.248529157249600452e+00,3.354101966249684263e+00,2.683281572999747677e+00,4.024922359499621294e+00,4.248529157249600452e+00,1.565247584249852775e+00,1.788854381999831711e+00,1.565247584249852775e+00,2.906888370749726391e+00,2.683281572999747677e+00,1.565247584249852775e+00,4.472135954999579277e-01,-2.236067977499789805e+00,-1.341640786499873839e+00,-4.472135954999579277e-01,1.788854381999831711e+00,3.130495168499705549e+00,3.354101966249684263e+00,3.130495168499705549e+00,2.683281572999747677e+00,1.565247584249852775e+00,3.354101966249684263e+00,2.236067977499789805e+00,2.906888370749726391e+00,4.919349550499537038e+00,4.695742752749557880e+00,5.813776741499452783e+00,8.049844718999242588e+00,8.497058314499200904e+00,8.944271909999159220e+00,7.602631123499284271e+00,7.826237921249263430e+00,8.497058314499200904e+00,8.273451516749220858e+00,7.602631123499284271e+00,6.931810730249347685e+00,6.484597134749389369e+00,6.484597134749389369e+00,7.602631123499284271e+00,8.049844718999242588e+00,6.708203932499368527e+00,6.260990336999411099e+00,8.049844718999242588e+00,7.155417527999326843e+00,7.155417527999326843e+00,6.931810730249347685e+00,6.260990336999411099e+00,6.260990336999411099e+00,6.037383539249431941e+00,5.142956348249516196e+00,4.024922359499621294e+00,3.130495168499705549e+00,3.130495168499705549e+00,2.906888370749726391e+00,2.012461179749810647e+00,2.236067977499789805e+00,3.130495168499705549e+00,2.906888370749726391e+00,2.236067977499789805e+00,1.565247584249852775e+00,1.341640786499873839e+00,1.341640786499873839e+00,6.708203932499369193e-01,1.341640786499873839e+00,1.565247584249852775e+00,1.341640786499873839e+00,4.472135954999579277e-01,-8.944271909999158554e-01,-1.788854381999831711e+00,-4.472135954999579277e-01,4.472135954999579277e-01,2.236067977499789805e+00,3.577708763999663422e+00,3.577708763999663422e+00,4.919349550499537038e+00,4.919349550499537038e+00,2.012461179749810647e+00,2.683281572999747677e+00,1.341640786499873839e+00,4.472135954999579277e-01,1.341640786499873839e+00,-4.472135954999579277e-01,-2.236067977499789639e-01,6.708203932499369193e-01,4.472135954999579277e-01,1.565247584249852775e+00,8.944271909999158554e-01,3.130495168499705549e+00,4.695742752749557880e+00,5.590169943749473624e+00,4.695742752749557880e+00,4.248529157249600452e+00,3.577708763999663422e+00,3.130495168499705549e+00,3.354101966249684263e+00,5.366563145999495354e+00,5.813776741499452783e+00,3.577708763999663422e+00,2.236067977499789805e+00,-4.472135954999579277e-01,-4.472135954999579277e-01,-4.472135954999579277e-01,-1.565247584249852775e+00,-1.788854381999831711e+00,-1.118033988749894903e+00,-1.565247584249852775e+00,-6.708203932499369193e-01,-2.236067977499789805e+00,-2.906888370749726391e+00,-4.024922359499621294e+00,-2.012461179749810647e+00,-2.459674775249768519e+00,-2.012461179749810647e+00,-1.118033988749894903e+00,-2.683281572999747677e+00,-3.130495168499705549e+00,-3.577708763999663422e+00,-2.459674775249768519e+00,-2.012461179749810647e+00,-2.012461179749810647e+00,-2.906888370749726391e+00,-6.708203932499369193e-01,6.708203932499369193e-01,1.118033988749894903e+00,1.341640786499873839e+00,1.565247584249852775e+00,8.944271909999158554e-01,1.788854381999831711e+00,8.944271909999158554e-01,-8.944271909999158554e-01,-6.708203932499369193e-01,2.236067977499789639e-01,1.341640786499873839e+00,4.695742752749557880e+00,5.366563145999495354e+00,5.366563145999495354e+00,6.260990336999411099e+00,6.037383539249431941e+00,4.472135954999579610e+00
0.000000000000000000e+00,-2.459674775249768519e+00,4.472135954999579277e-01,0.000000000000000000e+00,-2.236067977499789639e-01,2.012461179749810647e+00,2.906888370749726391e+00,3.801315561749642136e+00,5.142956348249516196e+00,5.813776741499452783e+00,5.366563145999495354e+00,4.919349550499537038e+00,6.037383539249431941e+00,5.813776741499452783e+00,3.577708763999663422e+00,3.130495168499705549e+00,4.472135954999579610e+00,5.142956348249516196e+00,4.472135954999579610e+00,3.130495168499705549e+00,1.565247584249852775e+00,2.906888370749726391e+00,2.683281572999747677e+00,2.236067977499789805e+00,3.130495168499705549e+00,2.683281572999747677e+00,2.459674775249768519e+00,2.012461179749810647e+00,2.906888370749726391e+00,1.118033988749894903e+00,1.341640786499873839e+00,8.944271909999158554e-01,2.459674775249768519e+00,8.944271909999158554e-01,6.708203932499369193e-01,8.944271909999158554e-01,1.788854381999831711e+00,1.118033988749894903e+00,2.459674775249768519e+00,3.130495168499705549e+00,2.459674775249768519e+00,1.118033988749894903e+00,0.000000000000000000e+00,0.000000000000000000e+00,-2.236067977499789639e-01,8.944271909999158554e-01,4.472135954999579277e-01,-6.708203932499369193e-01,-2.459674775249768519e+00,-2.236067977499789805e+00,-3.130495168499705549e+00,-3.801315561749642136e+00,-2.012461179749810647e+00,4.472135954999579277e-01,-6.708203932499369193e-01,8.944271909999158554e-01,-1.118033988749894903e+00,-6.708203932499369193e-01,0.000000000000000000e+00,6.708203932499369193e-01,8.944271909999158554e-01,-4.472135954999579277e-01,-2.236067977499789639e-01,6.708203932499369193e-01,1.118033988749894903e+00,0.000000000000000000e+00,-1.118033988749894903e+00,-1.565247584249852775e+00,-2.459674775249768519e+00,-2.012461179749810647e+00,-1.788854381999831711e+00,-6.708203932499369193e-01,1.565247584249852775e+00,1.341640786499873839e+00,1.788854381999831711e+00,2.012461179749810647e+00,1.788854381999831711e+00,1.341640786499873839e+00,1.341640786499873839e+00,6.708203932499369193e-01,-6.708203932499369193e-01,-6.708203932499369193e-01,2.236067977499789639e-01,-1.341640786499873839e+00,-2.012461179749810647e+00,-6.708203932499369193e-01,-1.118033988749894903e+00,6.708203932499369193e-01,1.118033988749894903e+00,1.118033988749894903e+00,3.130495168499705549e+00,4.472135954999579610e+00,2.459674775249768519e+00,2.459674775249768519e+00,1.341640786499873839e+00,2.459674775249768519e+00,1.341640786499873839e+00,1.341640786499873839e+00,4.472135954999579277e-01,6.708203932499369193e-01,0.000000000000000000e+00,-1.118033988749894903e+00,-1.341640786499873839e+00,-1.788854381999831711e+00,-1.118033988749894903e+00,-4.472135954999579277e-01,6.708203932499369193e-01,-1.118033988749894903e+00,-2.683281572999747677e+00,-4.472135954999579277e-01,0.000000000000000000e+00,2.236067977499789639e-01,2.459674775249768519e+00,4.695742752749557880e+00,4.919349550499537038e+00,4.024922359499621294e+00,2.236067977499789805e+00,1.118033988749894903e+00,1.341640786499873839e+00,1.788854381999831711e+00,1.341640786499873839e+00,4.472135954999579277e-01,2.236067977499789805e+00,2.236067977499789639e-01,-2.236067977499789639e-01,0.000000000000000000e+00,-2.012461179749810647e+00,6.708203932499369193e-01,6.708203932499369193e-01,8.944271909999158554e-01,1.565247584249852775e+00,1.788854381999831711e+00,2.683281572999747677e+00,3.354101966249684263e+00,3.130495168499705549e+00,2.236067977499789805e+00,2.459674775249768519e+00,2.683281572999747677e+00,8.944271909999158554e-01,8.944271909999158554e-01,1.788854381999831711e+00,3.354101966249684263e+00,1.788854381999831711e+00,0.000000000000000000e+00,-4.472135954999579277e-01,-8.944271909999158554e-01,-1.118033988749894903e+00,-8.944271909999158554e-01,-2.012461179749810647e+00,-1.788854381999831711e+00,-3.577708763999663422e+00,-3.577708763999663422e+00,-2.236067977499789805e+00,-4.024922359499621294e+00,-3.354101966249684263e+00,-1.565247584249852775e+00,-2.236067977499789805e+00,-2.906888370749726391e+00,-4.695742752749557880e+00,-6.260990336999411099e+00,-7.379024325749306001e+00,-6.260990336999411099e+00,-7.379024325749306001e+00,-5.813776741499452783e+00,-6.708203932499368527e+00,-3.354101966249684263e+00,-2.683281572999747677e+00,-2.906888370749726391e+00,-2.459674775249768519e+00,-4.472135954999579277e-01,-8.944271909999158554e-01,6.708203932499369193e-01,-1.118033988749894903e+00,2.236067977499789639e-01,2.236067977499789639e-01,0.000000000000000000e+00,6.708203932499369193e-01,1.118033988749894903e+00,8.944271909999158554e-01,4.472135954999579277e-01,2.236067977499789639e-01,0.000000000000000000e+00,-8.944271909999158554e-01,-1.565247584249852775e+00,-8.944271909999158554e-01,-4.472135954999579277e-01,1.341640786499873839e+00,1.565247584249852775e+00,8.944271909999158554e-01,2.459674775249768519e+00,2.459674775249768519e+00,1.341640786499873839e+00,0.000000000000000000e+00,8.944271909999158554e-01,2.459674775249768519e+00,6.708203932499369193e-01,-8.944271909999158554e-01,0.000000000000000000e+00,-2.236067977499789639e-01,-3.130495168499705549e+00,-4.695742752749557880e+00,-4.248529157249600452e+00,-4.695742752749557880e+00,-3.354101966249684263e+00,-4.024922359499621294e+00,-4.472135954999579610e+00,-2.459674775249768519e+00,-3.577708763999663422e+00,-2.906888370749726391e+00,-2.236067977499789805e+00,-2.459674775249768519e+00,-1.565247584249852775e+00,2.236067977499789639e-01,2.012461179749810647e+00,0.000000000000000000e+00,-8.944271909999158554e-01,-2.683281572999747677e+00,-1.565247584249852775e+00,-2.236067977499789805e+00,-2.012461179749810647e+00,-8.944271909999158554e-01,-2.236067977499789639e-01,-4.472135954999579277e-01,-6.708203932499369193e-01,0.000000000000000000e+00,8.944271909999158554e-01,2.236067977499789805e+00,3.130495168499705549e+00,4.919349550499537038e+00,4.472135954999579610e+00,4.472135954999579277e-01,-4.472135954999579277e-01,-2.236067977499789639e-01,8.944271909999158554e-01,1.341640786499873839e+00,-6.708203932499369193e-01,4.472135954999579277e-01,-4.472135954999579277e-01,2.236067977499789639e-01,0.000000000000000000e+00,-1.788854381999831711e+00,-2.012461179749810647e+00,-2.683281572999747677e+00,-1.788854381999831711e+00,-1.565247584249852775e+00,-3.354101966249684263e+00,-3.130495168499705549e+00,-2.683281572999747677e+00,-4.472135954999579610e+00,-5.366563145999495354e+00,-6.484597134749389369e+00,-5.590169943749473624e+00,-6.260990336999411099e+00,-7.155417527999326843e+00,-7.155417527999326843e+00,-7.826237921249263430e+00,-5.590169943749473624e+00,-6.260990336999411099e+00,-6.931810730249347685e+00,-8.049844718999242588e+00,-6.708203932499368527e+00,-4.695742752749557880e+00,-4.248529157249600452e+00,-4.248529157249600452e+00,-4.695742752749557880e+00,-2.683281572999747677e+00,-3.577708763999663422e+00,-2.683281572999747677e+00,-2.906888370749726391e+00,-2.459674775249768519e+00,-2.906888370749726391e+00,-3.130495168499705549e+00,-4.024922359499621294e+00,-5.142956348249516196e+00,-5.590169943749473624e+00,-4.695742752749557880e+00,-5.813776741499452783e+00,-6.037383539249431941e+00,-6.260990336999411099e+00,-4.695742752749557880e+00,-4.472135954999579610e+00,-5.366563145999495354e+00,-5.366563145999495354e+00,-5.813776741499452783e+00,-3.130495168499705549e+00,-3.577708763999663422e+00,-5.142956348249516196e+00,-4.248529157249600452e+00,-4.472135954999579610e+00,-2.459674775249768519e+00,-5.366563145999495354e+00,-4.695742752749557880e+00,-5.142956348249516196e+00,-4.248529157249600452e+00,-8.944271909999158554e-01,-3.354101966249684263e+00,-4.248529157249600452e+00,-2.459674775249768519e+00,4.472135954999579277e-01,1.118033988749894903e+00,8.944271909999158554e-01,-8.944271909999158554e-01,-1.341640786499873839e+00,-3.130495168499705549e+00,-2.906888370749726391e+00,-1.118033988749894903e+00,-2.236067977499789805e+00,-2.012461179749810647e+00,-1.788854381999831711e+00,1.341640786499873839e+00,3.354101966249684263e+00,4.024922359499621294e+00,4.472135954999579610e+00,2.906888370749726391e+00,1.788854381999831711e+00,2.012461179749810647e+00,2.236067977499789805e+00,1.565247584249852775e+00,1.341640786499873839e+00,8.944271909999158554e-01,2.012461179749810647e+00,1.341640786499873839e+00,1.341640786499873839e+00,1.788854381999831711e+00,6.708203932499369193e-01,0.000000000000000000e+00,-1.118033988749894903e+00,-2.012461179749810647e+00,-2.012461179749810647e+00,-1.565247584249852775e+00,-2.683281572999747677e+00,-3.577708763999663422e+00,-4.695742752749557880e+00,-2.012461179749810647e+00,-2.012461179749810647e+00,-2.236067977499789805e+00,-1.118033988749894903e+00,-2.236067977499789805e+00,-2.683281572999747677e+00,-2.012461179749810647e+00,-2.683281572999747677e+00,-1.565247584249852775e+00,-4.472135954999579277e-01,-2.236067977499789639e-01,0.000000000000000000e+00,8.944271909999158554e-01,0.000000000000000000e+00,2.236067977499789639e-01,-4.472135954999579277e-01,8.944271909999158554e-01,2.459674775249768519e+00,2.236067977499789805e+00,3.130495168499705549e+00,3.577708763999663422e+00,2.236067977499789805e+00,1.788854381999831711e+00,8.944271909999158554e-01,4.472135954999579277e-01,8.944271909999158554e-01,1.118033988749894903e+00,1.565247584249852775e+00,2.459674775249768519e+00,1.565247584249852775e+00,2.012461179749810647e+00,2.459674775249768519e+00,3.354101966249684263e+00,2.236067977499789805e+00,5.142956348249516196e+00,4.472135954999579610e+00,2.683281572999747677e+00,3.577708763999663422e+00,4.472135954999579610e+00,4.024922359499621294e+00,2.906888370749726391e+00,2.459674775249768519e+00,2.012461179749810647e+00,4.472135954999579277e-01,4.472135954999579277e-01,4.472135954999579277e-01,6.708203932499369193e-01,4.472135954999579277e-01,2.236067977499789639e-01,1.565247584249852775e+00,3.354101966249684263e+00,3.354101966249684263e+00,2.012461179749810647e+00,8.944271909999158554e-01,8.944271909999158554e-01,-1.341640786499873839e+00,-2.683281572999747677e+00,-1.788854381999831711e+00,-2.012461179749810647e+00,4.472135954999579277e-01,4.472135954999579277e-01,-6.708203932499369193e-01,0.000000000000000000e+00,4.472135954999579277e-01,-8.944271909999158554e-01,1.118033988749894903e+00,6.708203932499369193e-01,6.708203932499369193e-01,2.236067977499789805e+00,1.118033988749894903e+00,4.472135954999579277e-01,-1.118033988749894903e+00,6.708203932499369193e-01,-2.236067977499789805e+00,-1.788854381999831711e+00,-2.906888370749726391e+00,-2.459674775249768519e+00,-2.906888370749726391e+00,-2.459674775249768519e+00,-2.683281572999747677e+00,-3.130495168499705549e+00,-2.683281572999747677e+00,-6.708203932499369193e-01,8.944271909999158554e-01,-8.944271909999158554e-01,8.944271909999158554e-01,1.118033988749894903e+00,-8.944271909999158554e-01,-2.906888370749726391e+00,-2.906888370749726391e+00,-2.012461179749810647e+00,-2.012461179749810647e+00,-2.236067977499789639e-01,2.236067977499789639e-01,-1.341640786499873839e+00,-2.236067977499789639e-01,1.118033988749894903e+00,2.236067977499789639e-01,8.944271909999158554e-01,2.236067977499789639e-01,0.000000000000000000e+00,1.341640786499873839e+00,2.236067977499789639e-01,1.788854381999831711e+00,3.354101966249684263e+00,2.906888370749726391e+00,2.459674775249768519e+00,1.565247584249852775e+00,2.236067977499789805e+00,2.236067977499789639e-01,-2.906888370749726391e+00,-3.577708763999663422e+00,-2.683281572999747677e+00,-2.683281572999747677e+00,-3.130495168499705549e+00,-2.683281572999747677e+00,-4.472135954999579277e-01,-2.012461179749810647e+00,-1.341640786499873839e+00,-2.906888370749726391e+00,-3.577708763999663422e+00,-2.012461179749810647e+00,-6.708203932499369193e-01,-8.944271909999158554e-01,1.341640786499873839e+00,2.459674775249768519e+00,2.012461179749810647e+00,2.236067977499789805e+00,2.236067977499789805e+00,2.012461179749810647e+00,1.118033988749894903e+00,4.472135954999579277e-01,8.944271909999158554e-01,1.341640786499873839e+00,2.683281572999747677e+00,2.683281572999747677e+00,2.459674775249768519e+00,1.341640786499873839e+00,1.118033988749894903e+00,2.236067977499789639e-01,4.472135954999579277e-01,-1.565247584249852775e+00,-2.906888370749726391e+00,-2.459674775249768519e+00,-6.708203932499369193e-01,-6.708203932499369193e-01,-1.788854381999831711e+00,-2.459674775249768519e+00,-3.354101966249684263e+00,-3.577708763999663422e+00,-4.024922359499621294e+00,-3.354101966249684263e+00,-2.906888370749726391e+00,-2.459674775249768519e+00,-3.130495168499705549e+00,-4.248529157249600452e+00,-4.024922359499621294e+00,-2.459674775249768519e+00,-3.577708763999663422e+00,-5.590169943749473624e+00,-4.248529157249600452e+00,-1.565247584249852775e+00,-2.906888370749726391e+00,-2.906888370749726391e+00,-4.919349550499537038e+00,-5.142956348249516196e+00,-5.142956348249516196e+00
-2.459674775249768519e+00,-1.565247584249852775e+00,-2.236067977499789805e+00,-1.788854381999831711e+00,-2.906888370749726391e+00,-2.459674775249768519e+00,-2.683281572999747677e+00,-3.577708763999663422e+00,-3.577708763999663422e+00,-3.130495168499705549e+00,-2.012461179749810647e+00,-3.130495168499705549e+00,-1.788854381999831711e+00,-2.012461179749810647e+00,-2.012461179749810647e+00,-6.708203932499369193e-01,-1.788854381999831711e+00,-2.236067977499789639e-01,-4.472135954999579277e-01,-1.565247584249852775e+00,-2.236067977499789805e+00,-3.354101966249684263e+00,-3.130495168499705549e+00,-3.577708763999663422e+00,-2.906888370749726391e+00,-1.788854381999831711e+00,-2.236067977499789805e+00,-2.683281572999747677e+00,-3.130495168499705549e+00,-2.906888370749726391e+00,-4.472135954999579277e-01,-2.236067977499789639e-01,4.472135954999579277e-01,1.118033988749894903e+00,2.236067977499789639e-01,2.012461179749810647e+00,1.118033988749894903e+00,2.683281572999747677e+00,1.565247584249852775e+00,5.366563145999495354e+00,4.472135954999579610e+00,3.354101966249684263e+00,3.354101966249684263e+00,1.565247584249852775e+00,1.788854381999831711e+00,2.012461179749810647e+00,2.459674775249768519e+00,0.000000000000000000e+00,4.472135954999579277e-01,4.472135954999579277e-01,1.788854381999831711e+00,2.236067977499789639e-01,6.708203932499369193e-01,2.236067977499789639e-01,8.944271909999158554e-01,8.944271909999158554e-01,2.236067977499789805e+00,2.683281572999747677e+00,3.130495168499705549e+00,3.354101966249684263e+00,2.683281572999747677e+00,3.577708763999663422e+00,1.788854381999831711e+00,2.459674775249768519e+00,4.919349550499537038e+00,4.919349550499537038e+00,3.577708763999663422e+00,3.801315561749642136e+00,3.130495168499705549e+00,3.354101966249684263e+00,3.354101966249684263e+00,2.459674775249768519e+00,1.565247584249852775e+00,1.565247584249852775e+00,-1.341640786499873839e+00,-2.236067977499789805e+00,-1.565247584249852775e+00,-2.906888370749726391e+00,-3.130495168499705549e+00,-2.683281572999747677e+00,-4.919349550499537038e+00,-1.788854381999831711e+00,-6.708203932499369193e-01,-2.683281572999747677e+00,-3.801315561749642136e+00,-3.577708763999663422e+00,-4.919349550499537038e+00,-4.919349550499537038e+00,-5.366563145999495354e+00,-2.459674775249768519e+00,-1.341640786499873839e+00,1.118033988749894903e+00,2.906888370749726391e+00,3.130495168499705549e+00,1.341640786499873839e+00,6.708203932499369193e-01,1.788854381999831711e+00,-2.236067977499789805e+00,-2.236067977499789805e+00,-4.472135954999579277e-01,-6.708203932499369193e-01,-1.565247584249852775e+00,-1.565247584249852775e+00,-8.944271909999158554e-01,2.236067977499789639e-01,0.000000000000000000e+00,6.708203932499369193e-01,-8.944271909999158554e-01,1.788854381999831711e+00,6.708203932499369193e-01,1.565247584249852775e+00,6.708203932499369193e-01,2.236067977499789639e-01,0.000000000000000000e+00,0.000000000000000000e+00,-2.236067977499789639e-01,-8.944271909999158554e-01,-8.944271909999158554e-01,-1.341640786499873839e+00,-1.788854381999831711e+00,-2.459674775249768519e+00,-1.118033988749894903e+00,1.341640786499873839e+00,2.236067977499789805e+00,-4.472135954999579277e-01,-8.944271909999158554e-01,-1.565247584249852775e+00,-2.459674775249768519e+00,-4.472135954999579610e+00,-4.024922359499621294e+00,-3.354101966249684263e+00,-2.906888370749726391e+00,-2.683281572999747677e+00,-6.708203932499369193e-01,-2.459674775249768519e+00,-3.577708763999663422e+00,-2.906888370749726391e+00,-2.459674775249768519e+00,-6.708203932499369193e-01,-1.788854381999831711e+00,-6.708203932499369193e-01,-1.118033988749894903e+00,-1.788854381999831711e+00,-4.248529157249600452e+00,-2.906888370749726391e+00,4.472135954999579277e-01,0.000000000000000000e+00,1.788854381999831711e+00,1.341640786499873839e+00,1.341640786499873839e+00,-8.944271909999158554e-01,-2.012461179749810647e+00,-6.708203932499369193e-01,-1.341640786499873839e+00,-1.341640786499873839e+00,-1.118033988749894903e+00,-1.565247584249852775e+00,-8.944271909999158554e-01,6.708203932499369193e-01,1.341640786499873839e+00,1.565247584249852775e+00,-6.708203932499369193e-01,-8.944271909999158554e-01,-2.236067977499789639e-01,-2.236067977499789639e-01,8.944271909999158554e-01,1.341640786499873839e+00,8.944271909999158554e-01,4.472135954999579277e-01,4.472135954999579277e-01,-1.341640786499873839e+00,-1.118033988749894903e+00,-2.012461179749810647e+00,-1.341640786499873839e+00,-2.683281572999747677e+00,-2.906888370749726391e+00,-2.459674775249768519e+00,-3.130495168499705549e+00,-1.118033988749894903e+00,0.000000000000000000e+00,2.683281572999747677e+00,3.130495168499705549e+00,5.142956348249516196e+00,2.906888370749726391e+00,2.459674775249768519e+00,2.012461179749810647e+00,3.354101966249684263e+00,2.012461179749810647e+00,1.341640786499873839e+00,2.236067977499789805e+00,3.354101966249684263e+00,2.906888370749726391e+00,4.695742752749557880e+00,4.695742752749557880e+00,4.695742752749557880e+00,6.484597134749389369e+00,5.142956348249516196e+00,2.683281572999747677e+00,2.459674775249768519e+00,6.708203932499369193e-01,2.236067977499789639e-01,-4.472135954999579277e-01,-4.472135954999579277e-01,-4.472135954999579277e-01,-1.118033988749894903e+00,-2.236067977499789805e+00,-2.236067977499789805e+00,-3.130495168499705549e+00,-2.012461179749810647e+00,-2.906888370749726391e+00,-4.472135954999579277e-01,-6.708203932499369193e-01,-1.118033988749894903e+00,6.708203932499369193e-01,2.236067977499789639e-01,-1.118033988749894903e+00,-1.118033988749894903e+00,-1.565247584249852775e+00,-3.130495168499705549e+00,-3.354101966249684263e+00,-1.788854381999831711e+00,-2.236067977499789805e+00,-1.341640786499873839e+00,-2.236067977499789639e-01,-2.012461179749810647e+00,-1.788854381999831711e+00,-1.788854381999831711e+00,-2.683281572999747677e+00,-3.577708763999663422e+00,-2.012461179749810647e+00,-1.565247584249852775e+00,-2.459674775249768519e+00,-2.236067977499789805e+00,-3.130495168499705549e+00,-5.366563145999495354e+00,-6.931810730249347685e+00,-6.260990336999411099e+00,-6.931810730249347685e+00,-5.590169943749473624e+00,-3.801315561749642136e+00,-3.801315561749642136e+00,-4.695742752749557880e+00,-4.472135954999579610e+00,-2.683281572999747677e+00,-3.130495168499705549e+00,-2.236067977499789805e+00,-6.708203932499369193e-01,8.944271909999158554e-01,2.012461179749810647e+00,1.118033988749894903e+00,-8.944271909999158554e-01,-1.565247584249852775e+00,-1.788854381999831711e+00,-1.565247584249852775e+00,-2.012461179749810647e+00,-2.012461179749810647e+00,-1.341640786499873839e+00,-1.118033988749894903e+00,-2.012461179749810647e+00,-6.708203932499369193e-01,-2.236067977499789639e-01,-1.565247584249852775e+00,-6.708203932499369193e-01,-1.341640786499873839e+00,-3.354101966249684263e+00,-3.354101966249684263e+00,-2.906888370749726391e+00,-3.801315561749642136e+00,-3.801315561749642136e+00,-5.142956348249516196e+00,-4.248529157249600452e+00,-4.248529157249600452e+00,-6.037383539249431941e+00,-6.484597134749389369e+00,-5.366563145999495354e+00,-5.142956348249516196e+00,-5.590169943749473624e+00,-5.590169943749473624e+00,-6.484597134749389369e+00,-7.602631123499284271e+00,-8.273451516749220858e+00,-8.049844718999242588e+00,-8.720665112249179174e+00,-6.260990336999411099e+00,-5.142956348249516196e+00,-2.906888370749726391e+00,-2.683281572999747677e+00,-3.801315561749642136e+00,-3.354101966249684263e+00,-2.459674775249768519e+00,-4.472135954999579277e-01,6.708203932499369193e-01,6.708203932499369193e-01,-1.565247584249852775e+00,2.236067977499789639e-01,-2.236067977499789639e-01,-2.236067977499789639e-01,-4.472135954999579277e-01,-2.683281572999747677e+00,-3.801315561749642136e+00,-2.906888370749726391e+00,-3.801315561749642136e+00,-1.565247584249852775e+00,-1.341640786499873839e+00,-8.944271909999158554e-01,-4.472135954999579277e-01,1.118033988749894903e+00,2.683281572999747677e+00,2.683281572999747677e+00,4.024922359499621294e+00,4.248529157249600452e+00,3.801315561749642136e+00,2.459674775249768519e+00,2.459674775249768519e+00,3.577708763999663422e+00,5.142956348249516196e+00,5.366563145999495354e+00,6.260990336999411099e+00,5.813776741499452783e+00,5.813776741499452783e+00,6.037383539249431941e+00,6.037383539249431941e+00,6.484597134749389369e+00,7.155417527999326843e+00,7.155417527999326843e+00,7.826237921249263430e+00,1.185116028074888561e+01,1.319280106724875878e+01,1.274558747174880047e+01,1.028591269649903239e+01,1.050951949424901066e+01,8.273451516749220858e+00,7.826237921249263430e+00,7.826237921249263430e+00,6.484597134749389369e+00,4.248529157249600452e+00,4.248529157249600452e+00,3.577708763999663422e+00,6.037383539249431941e+00,5.142956348249516196e+00,3.130495168499705549e+00,4.472135954999579610e+00,3.130495168499705549e+00,3.801315561749642136e+00,3.577708763999663422e+00,3.801315561749642136e+00,3.577708763999663422e+00,3.354101966249684263e+00,4.248529157249600452e+00,4.248529157249600452e+00,4.695742752749557880e+00,1.565247584249852775e+00,1.565247584249852775e+00,2.236067977499789805e+00,2.906888370749726391e+00,2.459674775249768519e+00,1.788854381999831711e+00,6.708203932499369193e-01,-1.565247584249852775e+00,-1.118033988749894903e+00,-1.118033988749894903e+00,-4.472135954999579277e-01,-8.944271909999158554e-01,-8.944271909999158554e-01,-8.944271909999158554e-01,2.236067977499789639e-01,-3.577708763999663422e+00,-4.472135954999579610e+00,-3.801315561749642136e+00,-3.801315561749642136e+00,-3.577708763999663422e+00,-3.577708763999663422e+00,-3.577708763999663422e+00,-3.577708763999663422e+00,-4.024922359499621294e+00,-3.354101966249684263e+00,-1.788854381999831711e+00,2.236067977499789639e-01,0.000000000000000000e+00,-2.236067977499789639e-01,2.236067977499789639e-01,-4.472135954999579277e-01,0.000000000000000000e+00,2.236067977499789639e-01,-4.472135954999579277e-01,6.708203932499369193e-01,1.118033988749894903e+00,1.118033988749894903e+00,2.459674775249768519e+00,2.459674775249768519e+00,2.683281572999747677e+00,1.341640786499873839e+00,2.236067977499789639e-01,-6.708203932499369193e-01,-8.944271909999158554e-01,-3.577708763999663422e+00,-3.801315561749642136e+00,-2.459674775249768519e+00,-1.118033988749894903e+00,6.708203932499369193e-01,0.000000000000000000e+00,-1.341640786499873839e+00,4.472135954999579277e-01,-4.472135954999579277e-01,-4.472135954999579277e-01,6.708203932499369193e-01,-6.708203932499369193e-01,-1.118033988749894903e+00,4.472135954999579277e-01,2.236067977499789639e-01,-1.341640786499873839e+00,0.000000000000000000e+00,-4.472135954999579277e-01,2.236067977499789639e-01,-1.118033988749894903e+00,-1.118033988749894903e+00,0.000000000000000000e+00,2.459674775249768519e+00,2.906888370749726391e+00,2.236067977499789805e+00,2.906888370749726391e+00,1.341640786499873839e+00,2.012461179749810647e+00,8.944271909999158554e-01,8.944271909999158554e-01,1.565247584249852775e+00,2.459674775249768519e+00,-2.236067977499789639e-01,4.472135954999579277e-01,2.236067977499789639e-01,-6.708203932499369193e-01,-2.459674775249768519e+00,-2.683281572999747677e+00,-3.354101966249684263e+00,-2.459674775249768519e+00,-2.012461179749810647e+00,-2.459674775249768519e+00,-1.565247584249852775e+00,-2.012461179749810647e+00,-1.788854381999831711e+00,-2.236067977499789805e+00,-2.459674775249768519e+00,-4.919349550499537038e+00,-6.037383539249431941e+00,-5.590169943749473624e+00,-5.142956348249516196e+00,-4.695742752749557880e+00,-4.919349550499537038e+00,-4.695742752749557880e+00,-3.354101966249684263e+00,-3.130495168499705549e+00,-2.459674775249768519e+00,-3.354101966249684263e+00,-3.577708763999663422e+00,-2.683281572999747677e+00,-4.695742752749557880e+00,-1.788854381999831711e+00,-2.236067977499789805e+00,-1.565247584249852775e+00,-2.236067977499789639e-01,-4.472135954999579277e-01,2.236067977499789805e+00,2.012461179749810647e+00,1.788854381999831711e+00,2.459674775249768519e+00,8.944271909999158554e-01,2.236067977499789805e+00,-4.472135954999579277e-01,-1.565247584249852775e+00,-1.118033988749894903e+00,0.000000000000000000e+00,6.708203932499369193e-01,0.000000000000000000e+00,-4.472135954999579277e-01,-1.118033988749894903e+00,-1.341640786499873839e+00,-1.565247584249852775e+00,0.000000000000000000e+00,-6.708203932499369193e-01,1.118033988749894903e+00,1.341640786499873839e+00,1.341640786499873839e+00,0.000000000000000000e+00,2.683281572999747677e+00,4.024922359499621294e+00,3.130495168499705549e+00,6.037383539249431941e+00,4.695742752749557880e+00,5.590169943749473624e+00,5.590169943749473624e+00,4.024922359499621294e+00,5.366563145999495354e+00,2.906888370749726391e+00,1.788854381999831711e+00,-1.565247584249852775e+00,-2.236067977499789805e+00,-2.906888370749726391e+00,-5.142956348249516196e+00,-2.906888370749726391e+00,-2.236067977499789805e+00
0.000000000000000000e+00,2.236067977499789639e-01,3.130495168499705549e+00,4.472135954999579610e+00,1.341640786499873839e+00,4.472135954999579277e-01,4.472135954999579277e-01,2.236067977499789805e+00,1.341640786499873839e+00,1.788854381999831711e+00,1.118033988749894903e+00,1.565247584249852775e+00,1.341640786499873839e+00,-2.236067977499789639e-01,-4.472135954999579277e-01,-4.472135954999579277e-01,-2.236067977499789639e-01,-1.788854381999831711e+00,-1.565247584249852775e+00,-4.472135954999579277e-01,-6.708203932499369193e-01,-2.236067977499789805e+00,-1.341640786499873839e+00,-1.341640786499873839e+00,-2.236067977499789805e+00,-2.683281572999747677e+00,-4.248529157249600452e+00,-3.801315561749642136e+00,-3.354101966249684263e+00,-2.459674775249768519e+00,-2.459674775249768519e+00,-1.341640786499873839e+00,-1.341640786499873839e+00,-8.944271909999158554e-01,6.708203932499369193e-01,1.341640786499873839e+00,3.130495168499705549e+00,3.801315561749642136e+00,3.130495168499705549e+00,4.024922359499621294e+00,4.024922359499621294e+00,5.813776741499452783e+00,7.155417527999326843e+00,6.708203932499368527e+00,6.484597134749389369e+00,4.919349550499537038e+00,4.472135954999579610e+00,4.024922359499621294e+00,1.788854381999831711e+00,2.236067977499789639e-01,4.472135954999579277e-01,8.944271909999158554e-01,3.130495168499705549e+00,4.919349550499537038e+00,4.472135954999579610e+00,6.708203932499368527e+00,7.602631123499284271e+00,6.484597134749389369e+00,5.366563145999495354e+00,2.906888370749726391e+00,2.236067977499789805e+00,2.906888370749726391e+00,2.236067977499789805e+00,1.565247584249852775e+00,2.236067977499789639e-01,-1.788854381999831711e+00,-1.118033988749894903e+00,-1.788854381999831711e+00,-1.341640786499873839e+00,-3.354101966249684263e+00,-2.012461179749810647e+00,-1.565247584249852775e+00,-1.118033988749894903e+00,-6.708203932499369193e-01,-1.565247584249852775e+00,-1.565247584249852775e+00,-8.944271909999158554e-01,-1.118033988749894903e+00,8.944271909999158554e-01,2.683281572999747677e+00,2.459674775249768519e+00,4.472135954999579277e-01,4.472135954999579277e-01,1.788854381999831711e+00,6.708203932499369193e-01,-4.472135954999579277e-01,2.236067977499789639e-01,-4.472135954999579277e-01,-1.565247584249852775e+00,-1.788854381999831711e+00,-8.944271909999158554e-01,0.000000000000000000e+00,-2.236067977499789639e-01,1.118033988749894903e+00,-1.118033988749894903e+00,0.000000000000000000e+00,1.788854381999831711e+00,2.683281572999747677e+00,3.130495168499705549e+00,2.683281572999747677e+00,3.577708763999663422e+00,2.236067977499789805e+00,2.236067977499789805e+00,2.906888370749726391e+00,3.577708763999663422e+00,4.024922359499621294e+00,2.236067977499789805e+00,2.012461179749810647e+00,6.708203932499369193e-01,-4.472135954999579277e-01,-8.944271909999158554e-01,-2.012461179749810647e+00,-3.354101966249684263e+00,-2.012461179749810647e+00,-4.472135954999579277e-01,-1.118033988749894903e+00,6.708203932499369193e-01,1.118033988749894903e+00,1.341640786499873839e+00,2.012461179749810647e+00,2.683281572999747677e+00,2.236067977499789805e+00,1.788854381999831711e+00,8.944271909999158554e-01,-8.944271909999158554e-01,6.708203932499369193e-01,1.565247584249852775e+00,6.708203932499369193e-01,-8.944271909999158554e-01,-4.472135954999579277e-01,2.012461179749810647e+00,1.341640786499873839e+00,1.788854381999831711e+00,1.118033988749894903e+00,2.012461179749810647e+00,4.472135954999579610e+00,3.354101966249684263e+00,3.130495168499705549e+00,1.341640786499873839e+00,0.000000000000000000e+00,8.944271909999158554e-01,-1.118033988749894903e+00,0.000000000000000000e+00,2.236067977499789639e-01,2.236067977499789639e-01,6.708203932499369193e-01,1.565247584249852775e+00,1.565247584249852775e+00,1.341640786499873839e+00,-4.472135954999579277e-01,-1.565247584249852775e+00,-1.118033988749894903e+00,-4.472135954999579277e-01,6.708203932499369193e-01,-1.565247584249852775e+00,2.236067977499789639e-01,6.708203932499369193e-01,1.565247584249852775e+00,-2.236067977499789639e-01,-6.708203932499369193e-01,-6.708203932499369193e-01,-3.801315561749642136e+00,-4.248529157249600452e+00,-3.354101966249684263e+00,-3.577708763999663422e+00,-2.012461179749810647e+00,0.000000000000000000e+00,-4.472135954999579277e-01,-2.459674775249768519e+00,-2.012461179749810647e+00,-2.012461179749810647e+00,-2.236067977499789805e+00,-4.695742752749557880e+00,-4.919349550499537038e+00,-5.366563145999495354e+00,-3.577708763999663422e+00,-3.130495168499705549e+00,0.000000000000000000e+00,1.341640786499873839e+00,2.012461179749810647e+00,2.906888370749726391e+00,3.801315561749642136e+00,4.919349550499537038e+00,4.695742752749557880e+00,3.130495168499705549e+00,3.130495168499705549e+00,4.024922359499621294e+00,1.788854381999831711e+00,2.906888370749726391e+00,2.236067977499789805e+00,1.565247584249852775e+00,1.118033988749894903e+00,-1.565247584249852775e+00,-2.236067977499789805e+00,-3.130495168499705549e+00,-3.130495168499705549e+00,-3.354101966249684263e+00,-4.248529157249600452e+00,-4.024922359499621294e+00,-1.565247584249852775e+00,-4.472135954999579277e-01,4.472135954999579277e-01,-8.944271909999158554e-01,-2.236067977499789639e-01,-6.708203932499369193e-01,2.236067977499789639e-01,2.236067977499789639e-01,1.565247584249852775e+00,1.118033988749894903e+00,8.944271909999158554e-01,1.118033988749894903e+00,-1.118033988749894903e+00,-8.944271909999158554e-01,2.236067977499789639e-01,-1.341640786499873839e+00,-2.236067977499789805e+00,-3.130495168499705549e+00,-2.236067977499789805e+00,-1.565247584249852775e+00,-2.012461179749810647e+00,-2.906888370749726391e+00,-1.118033988749894903e+00,-2.906888370749726391e+00,-3.801315561749642136e+00,-5.366563145999495354e+00,-6.708203932499368527e+00,-4.695742752749557880e+00,-6.037383539249431941e+00,-4.248529157249600452e+00,-4.472135954999579610e+00,-4.695742752749557880e+00,-4.472135954999579610e+00,-4.024922359499621294e+00,-2.906888370749726391e+00,-6.708203932499369193e-01,-4.472135954999579277e-01,-4.472135954999579277e-01,2.236067977499789639e-01,2.906888370749726391e+00,4.472135954999579277e-01,6.708203932499369193e-01,3.130495168499705549e+00,8.944271909999158554e-01,-4.472135954999579277e-01,-2.236067977499789639e-01,-1.118033988749894903e+00,-2.236067977499789639e-01,8.944271909999158554e-01,0.000000000000000000e+00,-6.708203932499369193e-01,0.000000000000000000e+00,-1.341640786499873839e+00,-2.236067977499789805e+00,-3.577708763999663422e+00,-4.472135954999579610e+00,-2.012461179749810647e+00,-1.565247584249852775e+00,-2.459674775249768519e+00,-3.354101966249684263e+00,-2.012461179749810647e+00,-3.577708763999663422e+00,-2.012461179749810647e+00,-1.788854381999831711e+00,2.236067977499789639e-01,1.341640786499873839e+00,-2.236067977499789639e-01,-2.236067977499789639e-01,-6.708203932499369193e-01,2.236067977499789805e+00,4.472135954999579610e+00,4.695742752749557880e+00,5.813776741499452783e+00,7.826237921249263430e+00,5.813776741499452783e+00,3.577708763999663422e+00,2.459674775249768519e+00,2.683281572999747677e+00,4.248529157249600452e+00,3.130495168499705549e+00,2.683281572999747677e+00,2.236067977499789805e+00,1.341640786499873839e+00,2.012461179749810647e+00,3.577708763999663422e+00,4.248529157249600452e+00,2.236067977499789805e+00,-1.565247584249852775e+00,-2.012461179749810647e+00,-3.130495168499705549e+00,-3.577708763999663422e+00,-1.341640786499873839e+00,-8.944271909999158554e-01,2.236067977499789639e-01,-1.788854381999831711e+00,0.000000000000000000e+00,6.708203932499369193e-01,1.341640786499873839e+00,1.341640786499873839e+00,2.012461179749810647e+00,1.341640786499873839e+00,4.472135954999579277e-01,2.236067977499789639e-01,1.788854381999831711e+00,2.012461179749810647e+00,1.118033988749894903e+00,1.565247584249852775e+00,4.472135954999579277e-01,2.236067977499789639e-01,-1.788854381999831711e+00,-2.236067977499789639e-01,-8.944271909999158554e-01,1.118033988749894903e+00,-8.944271909999158554e-01,0.000000000000000000e+00,-1.565247584249852775e+00,-1.565247584249852775e+00,-3.801315561749642136e+00,-3.354101966249684263e+00,-3.130495168499705549e+00,-2.459674775249768519e+00,-2.906888370749726391e+00,-8.944271909999158554e-01,2.683281572999747677e+00,4.024922359499621294e+00,1.341640786499873839e+00,1.118033988749894903e+00,-2.236067977499789639e-01,-2.236067977499789639e-01,1.341640786499873839e+00,2.012461179749810647e+00,1.118033988749894903e+00,8.944271909999158554e-01,8.944271909999158554e-01,2.236067977499789639e-01,-1.341640786499873839e+00,-6.708203932499369193e-01,-8.944271909999158554e-01,2.236067977499789639e-01,-6.708203932499369193e-01,-6.708203932499369193e-01,-4.472135954999579277e-01,-1.341640786499873839e+00,-2.236067977499789639e-01,6.708203932499369193e-01,0.000000000000000000e+00,-8.944271909999158554e-01,-2.012461179749810647e+00,-2.459674775249768519e+00,-3.354101966249684263e+00,-4.024922359499621294e+00,-3.354101966249684263e+00,-2.459674775249768519e+00,-1.788854381999831711e+00,-1.341640786499873839e+00,-1.118033988749894903e+00,-1.341640786499873839e+00,-1.565247584249852775e+00,-1.118033988749894903e+00,-1.565247584249852775e+00,-2.683281572999747677e+00,-1.565247584249852775e+00,-3.354101966249684263e+00,-5.590169943749473624e+00,-4.248529157249600452e+00,-4.248529157249600452e+00,-4.472135954999579610e+00,-6.260990336999411099e+00,-6.484597134749389369e+00,-7.379024325749306001e+00,-8.273451516749220858e+00,-6.484597134749389369e+00,-7.602631123499284271e+00,-7.826237921249263430e+00,-7.826237921249263430e+00,-7.826237921249263430e+00,-6.484597134749389369e+00,-6.260990336999411099e+00,-4.024922359499621294e+00,-5.366563145999495354e+00,-5.813776741499452783e+00,-4.472135954999579610e+00,-4.024922359499621294e+00,-2.906888370749726391e+00,-3.801315561749642136e+00,-7.155417527999326843e+00,-7.826237921249263430e+00,-7.826237921249263430e+00,-7.379024325749306001e+00,-8.049844718999242588e+00,-5.366563145999495354e+00,-7.155417527999326843e+00,-6.931810730249347685e+00,-4.695742752749557880e+00,-5.366563145999495354e+00,-3.801315561749642136e+00,-4.472135954999579610e+00,-4.248529157249600452e+00,-4.472135954999579610e+00,-5.366563145999495354e+00,-6.037383539249431941e+00,-6.260990336999411099e+00,-6.484597134749389369e+00,-5.813776741499452783e+00,-7.155417527999326843e+00,-6.931810730249347685e+00,-6.931810730249347685e+00,-5.366563145999495354e+00,-5.142956348249516196e+00,-5.142956348249516196e+00,-5.366563145999495354e+00,-6.260990336999411099e+00,-3.577708763999663422e+00,-1.565247584249852775e+00,-2.459674775249768519e+00,-1.788854381999831711e+00,-2.459674775249768519e+00,-3.130495168499705549e+00,-5.142956348249516196e+00,-6.037383539249431941e+00,-5.813776741499452783e+00,-6.931810730249347685e+00,-5.590169943749473624e+00,-4.248529157249600452e+00,-4.695742752749557880e+00,-2.012461179749810647e+00,4.472135954999579277e-01,2.236067977499789639e-01,4.472135954999579277e-01,1.341640786499873839e+00,0.000000000000000000e+00,2.236067977499789639e-01,4.472135954999579277e-01,4.472135954999579277e-01,1.565247584249852775e+00,2.459674775249768519e+00,2.012461179749810647e+00,1.341640786499873839e+00,2.459674775249768519e+00,3.130495168499705549e+00,2.459674775249768519e+00,1.565247584249852775e+00,-2.236067977499789639e-01,4.472135954999579277e-01,2.012461179749810647e+00,1.118033988749894903e+00,1.788854381999831711e+00,2.236067977499789639e-01,-8.944271909999158554e-01,-2.906888370749726391e+00,1.118033988749894903e+00,-1.341640786499873839e+00,-1.341640786499873839e+00,-4.472135954999579277e-01,0.000000000000000000e+00,2.236067977499789639e-01,2.236067977499789639e-01,-4.472135954999579277e-01,-6.708203932499369193e-01,-1.565247584249852775e+00,-2.236067977499789805e+00,-1.565247584249852775e+00,-2.236067977499789639e-01,-1.118033988749894903e+00,-3.354101966249684263e+00,-3.577708763999663422e+00,-2.236067977499789805e+00,-1.565247584249852775e+00,-1.788854381999831711e+00,-3.801315561749642136e+00,-4.695742752749557880e+00,-2.906888370749726391e+00,-1.341640786499873839e+00,-8.944271909999158554e-01,0.000000000000000000e+00,-1.118033988749894903e+00,-8.944271909999158554e-01,4.472135954999579277e-01,1.118033988749894903e+00,2.012461179749810647e+00,1.788854381999831711e+00,2.459674775249768519e+00,3.801315561749642136e+00,4.024922359499621294e+00,4.248529157249600452e+00,2.906888370749726391e+00,2.906888370749726391e+00,3.130495168499705549e+00,2.906888370749726391e+00,3.354101966249684263e+00,1.118033988749894903e+00,6.708203932499369193e-01,2.906888370749726391e+00,4.472135954999579610e+00,6.037383539249431941e+00,4.695742752749557880e+00,4.695742752749557880e+00,5.142956348249516196e+00,2.906888370749726391e+00,2.906888370749726391e+00,4.695742752749557880e+00
-4.695742752749557880e+00,-1.788854381999831711e+00,-2.236067977499789805e+00,-1.341640786499873839e+00,-8.944271909999158554e-01,2.236067977499789639e-01,1.341640786499873839e+00,1.788854381999831711e+00,4.024922359499621294e+00,2.683281572999747677e+00,1.565247584249852775e+00,0.000000000000000000e+00,-2.012461179749810647e+00,8.944271909999158554e-01,8.944271909999158554e-01,8.944271909999158554e-01,1.118033988749894903e+00,-1.565247584249852775e+00,-1.788854381999831711e+00,-4.472135954999579277e-01,-6.708203932499369193e-01,-2.012461179749810647e+00,-1.118033988749894903e+00,-4.472135954999579277e-01,-8.944271909999158554e-01,-6.708203932499369193e-01,-1.341640786499873839e+00,-3.354101966249684263e+00,-4.024922359499621294e+00,-3.130495168499705549e+00,-4.472135954999579610e+00,-4.695742752749557880e+00,-4.472135954999579610e+00,-4.024922359499621294e+00,-2.906888370749726391e+00,-3.577708763999663422e+00,-2.683281572999747677e+00,-3.577708763999663422e+00,-5.813776741499452783e+00,-4.472135954999579610e+00,-5.366563145999495354e+00,-4.248529157249600452e+00,-6.260990336999411099e+00,-8.049844718999242588e+00,-6.037383539249431941e+00,-2.683281572999747677e+00,-4.919349550499537038e+00,-3.130495168499705549e+00,-2.236067977499789805e+00,-3.801315561749642136e+00,-4.248529157249600452e+00,-5.590169943749473624e+00,-6.260990336999411099e+00,-5.366563145999495354e+00,-7.379024325749306001e+00,-4.919349550499537038e+00,-4.919349550499537038e+00,-5.142956348249516196e+00,-2.906888370749726391e+00,-5.142956348249516196e+00,-6.037383539249431941e+00,-4.248529157249600452e+00,-3.354101966249684263e+00,-3.801315561749642136e+00,-1.788854381999831711e+00,-2.236067977499789639e-01,-2.906888370749726391e+00,-2.683281572999747677e+00,-3.577708763999663422e+00,-3.801315561749642136e+00,-3.577708763999663422e+00,-4.024922359499621294e+00,-4.024922359499621294e+00,-2.459674775249768519e+00,-4.248529157249600452e+00,-3.801315561749642136e+00,-5.590169943749473624e+00,-6.931810730249347685e+00,-7.379024325749306001e+00,-4.248529157249600452e+00,-1.565247584249852775e+00,-4.472135954999579277e-01,4.472135954999579277e-01,1.788854381999831711e+00,1.788854381999831711e+00,1.565247584249852775e+00,0.000000000000000000e+00,4.472135954999579277e-01,-4.472135954999579277e-01,-2.236067977499789805e+00,-2.906888370749726391e+00,-3.577708763999663422e+00,-4.919349550499537038e+00,-3.130495168499705549e+00,-3.130495168499705549e+00,-1.565247584249852775e+00,-3.354101966249684263e+00,-4.248529157249600452e+00,-4.472135954999579610e+00,-4.024922359499621294e+00,-1.788854381999831711e+00,-2.683281572999747677e+00,-2.683281572999747677e+00,-1.341640786499873839e+00,2.236067977499789639e-01,-1.341640786499873839e+00,-6.708203932499369193e-01,6.708203932499369193e-01,2.236067977499789639e-01,-2.236067977499789639e-01,-4.472135954999579277e-01,-8.944271909999158554e-01,2.236067977499789639e-01,-1.118033988749894903e+00,-6.708203932499369193e-01,-2.683281572999747677e+00,-2.906888370749726391e+00,-3.577708763999663422e+00,-3.577708763999663422e+00,-2.012461179749810647e+00,-6.708203932499369193e-01,1.118033988749894903e+00,1.118033988749894903e+00,4.472135954999579277e-01,6.708203932499369193e-01,1.341640786499873839e+00,0.000000000000000000e+00,-2.236067977499789639e-01,-1.118033988749894903e+00,-6.708203932499369193e-01,-1.341640786499873839e+00,-6.708203932499369193e-01,1.341640786499873839e+00,2.459674775249768519e+00,0.000000000000000000e+00,1.788854381999831711e+00,6.708203932499369193e-01,6.708203932499369193e-01,8.944271909999158554e-01,-1.341640786499873839e+00,-6.708203932499369193e-01,1.118033988749894903e+00,-2.236067977499789639e-01,-8.944271909999158554e-01,-1.565247584249852775e+00,4.472135954999579277e-01,-1.341640786499873839e+00,-6.708203932499369193e-01,-2.236067977499789639e-01,4.472135954999579277e-01,4.472135954999579277e-01,1.118033988749894903e+00,1.788854381999831711e+00,2.236067977499789805e+00,1.341640786499873839e+00,1.118033988749894903e+00,1.118033988749894903e+00,2.683281572999747677e+00,3.577708763999663422e+00,4.024922359499621294e+00,5.366563145999495354e+00,6.931810730249347685e+00,7.379024325749306001e+00,7.155417527999326843e+00,7.379024325749306001e+00,6.484597134749389369e+00,6.708203932499368527e+00,5.142956348249516196e+00,5.590169943749473624e+00,5.813776741499452783e+00,6.260990336999411099e+00,5.142956348249516196e+00,5.813776741499452783e+00,4.024922359499621294e+00,2.012461179749810647e+00,1.341640786499873839e+00,2.012461179749810647e+00,2.012461179749810647e+00,2.236067977499789805e+00,2.459674775249768519e+00,2.683281572999747677e+00,2.012461179749810647e+00,3.130495168499705549e+00,2.459674775249768519e+00,3.130495168499705549e+00,2.683281572999747677e+00,3.354101966249684263e+00,2.683281572999747677e+00,3.801315561749642136e+00,2.906888370749726391e+00,4.695742752749557880e+00,7.155417527999326843e+00,8.944271909999159220e+00,7.826237921249263430e+00,6.931810730249347685e+00,7.602631123499284271e+00,6.931810730249347685e+00,7.155417527999326843e+00,8.273451516749220858e+00,6.037383539249431941e+00,4.024922359499621294e+00,5.813776741499452783e+00,6.260990336999411099e+00,4.919349550499537038e+00,3.354101966249684263e+00,1.788854381999831711e+00,3.130495168499705549e+00,2.459674775249768519e+00,1.788854381999831711e+00,1.788854381999831711e+00,4.024922359499621294e+00,3.801315561749642136e+00,2.459674775249768519e+00,4.024922359499621294e+00,3.577708763999663422e+00,3.130495168499705549e+00,2.683281572999747677e+00,1.341640786499873839e+00,2.236067977499789805e+00,2.236067977499789639e-01,1.565247584249852775e+00,6.708203932499369193e-01,-2.236067977499789639e-01,6.708203932499369193e-01,2.459674775249768519e+00,2.012461179749810647e+00,-6.708203932499369193e-01,-2.459674775249768519e+00,-2.459674775249768519e+00,-2.012461179749810647e+00,-1.118033988749894903e+00,-2.236067977499789639e-01,4.472135954999579277e-01,1.341640786499873839e+00,8.944271909999158554e-01,1.788854381999831711e+00,2.459674775249768519e+00,2.683281572999747677e+00,2.236067977499789805e+00,2.236067977499789805e+00,2.012461179749810647e+00,0.000000000000000000e+00,8.944271909999158554e-01,4.472135954999579277e-01,2.236067977499789639e-01,2.012461179749810647e+00,1.565247584249852775e+00,3.130495168499705549e+00,3.130495168499705549e+00,3.130495168499705549e+00,2.906888370749726391e+00,4.695742752749557880e+00,5.142956348249516196e+00,4.248529157249600452e+00,4.024922359499621294e+00,4.024922359499621294e+00,4.024922359499621294e+00,4.919349550499537038e+00,2.906888370749726391e+00,3.801315561749642136e+00,4.919349550499537038e+00,2.012461179749810647e+00,2.683281572999747677e+00,2.459674775249768519e+00,-6.708203932499369193e-01,-6.708203932499369193e-01,8.944271909999158554e-01,1.788854381999831711e+00,2.906888370749726391e+00,3.354101966249684263e+00,4.472135954999579610e+00,5.366563145999495354e+00,5.590169943749473624e+00,5.366563145999495354e+00,3.354101966249684263e+00,1.565247584249852775e+00,8.944271909999158554e-01,1.118033988749894903e+00,1.788854381999831711e+00,3.130495168499705549e+00,2.683281572999747677e+00,4.919349550499537038e+00,4.472135954999579610e+00,2.683281572999747677e+00,2.012461179749810647e+00,4.472135954999579277e-01,-8.944271909999158554e-01,-1.341640786499873839e+00,-1.341640786499873839e+00,-1.565247584249852775e+00,-2.012461179749810647e+00,-1.341640786499873839e+00,-2.012461179749810647e+00,-3.130495168499705549e+00,-2.236067977499789805e+00,-2.683281572999747677e+00,-3.354101966249684263e+00,-2.236067977499789805e+00,-2.683281572999747677e+00,-2.906888370749726391e+00,-8.944271909999158554e-01,-1.341640786499873839e+00,-8.944271909999158554e-01,-3.130495168499705549e+00,-5.142956348249516196e+00,-4.248529157249600452e+00,-2.683281572999747677e+00,-1.788854381999831711e+00,-6.708203932499369193e-01,8.944271909999158554e-01,6.708203932499369193e-01,-1.118033988749894903e+00,-1.788854381999831711e+00,-8.944271909999158554e-01,0.000000000000000000e+00,-8.944271909999158554e-01,-2.236067977499789639e-01,0.000000000000000000e+00,2.236067977499789805e+00,2.236067977499789639e-01,2.459674775249768519e+00,1.118033988749894903e+00,-2.236067977499789639e-01,0.000000000000000000e+00,2.236067977499789639e-01,-6.708203932499369193e-01,-8.944271909999158554e-01,-4.472135954999579277e-01,2.236067977499789639e-01,4.472135954999579277e-01,3.577708763999663422e+00,2.906888370749726391e+00,2.236067977499789805e+00,8.944271909999158554e-01,4.472135954999579277e-01,-6.708203932499369193e-01,0.000000000000000000e+00,-2.906888370749726391e+00,-1.788854381999831711e+00,-2.012461179749810647e+00,6.708203932499369193e-01,-4.472135954999579277e-01,-8.944271909999158554e-01,-8.944271909999158554e-01,0.000000000000000000e+00,-4.472135954999579277e-01,-2.236067977499789639e-01,-4.472135954999579277e-01,-4.472135954999579277e-01,-1.341640786499873839e+00,-1.565247584249852775e+00,-1.341640786499873839e+00,1.565247584249852775e+00,4.472135954999579277e-01,1.565247584249852775e+00,3.130495168499705549e+00,2.906888370749726391e+00,1.565247584249852775e+00,2.012461179749810647e+00,3.354101966249684263e+00,3.354101966249684263e+00,3.801315561749642136e+00,3.577708763999663422e+00,4.024922359499621294e+00,3.354101966249684263e+00,4.472135954999579610e+00,3.130495168499705549e+00,1.788854381999831711e+00,-8.944271909999158554e-01,-2.459674775249768519e+00,-4.472135954999579277e-01,1.118033988749894903e+00,6.708203932499369193e-01,1.565247584249852775e+00,6.708203932499369193e-01,-1.118033988749894903e+00,0.000000000000000000e+00,1.341640786499873839e+00,-6.708203932499369193e-01,-4.472135954999579277e-01,2.236067977499789639e-01,1.565247584249852775e+00,1.118033988749894903e+00,1.788854381999831711e+00,4.248529157249600452e+00,2.459674775249768519e+00,6.708203932499369193e-01,8.944271909999158554e-01,6.708203932499369193e-01,1.565247584249852775e+00,1.341640786499873839e+00,0.000000000000000000e+00,-1.565247584249852775e+00,-8.944271909999158554e-01,-1.788854381999831711e+00,-2.906888370749726391e+00,-2.683281572999747677e+00,-3.354101966249684263e+00,-2.236067977499789805e+00,-1.565247584249852775e+00,-1.565247584249852775e+00,-2.906888370749726391e+00,-2.906888370749726391e+00,-3.130495168499705549e+00,-3.354101966249684263e+00,-2.906888370749726391e+00,-2.012461179749810647e+00,-2.012461179749810647e+00,-2.459674775249768519e+00,-2.012461179749810647e+00,-2.012461179749810647e+00,-2.459674775249768519e+00,-3.577708763999663422e+00,-3.577708763999663422e+00,-2.683281572999747677e+00,-4.472135954999579277e-01,-2.459674775249768519e+00,-4.472135954999579277e-01,4.472135954999579277e-01,-8.944271909999158554e-01,-4.472135954999579277e-01,2.236067977499789639e-01,2.236067977499789639e-01,2.236067977499789805e+00,1.565247584249852775e+00,2.683281572999747677e+00,2.683281572999747677e+00,4.472135954999579610e+00,4.472135954999579610e+00,5.813776741499452783e+00,6.484597134749389369e+00,4.919349550499537038e+00,7.379024325749306001e+00,4.695742752749557880e+00,5.366563145999495354e+00,4.472135954999579610e+00,4.695742752749557880e+00,1.788854381999831711e+00,6.708203932499369193e-01,0.000000000000000000e+00,-6.708203932499369193e-01,2.236067977499789639e-01,1.118033988749894903e+00,-6.708203932499369193e-01,-2.236067977499789639e-01,-4.472135954999579277e-01,-1.118033988749894903e+00,-1.788854381999831711e+00,-1.341640786499873839e+00,-8.944271909999158554e-01,-8.944271909999158554e-01,-2.236067977499789805e+00,-3.801315561749642136e+00,-3.577708763999663422e+00,-2.012461179749810647e+00,-6.708203932499369193e-01,-4.472135954999579277e-01,-2.236067977499789805e+00,-2.459674775249768519e+00,4.472135954999579277e-01,8.944271909999158554e-01,8.944271909999158554e-01,-2.236067977499789639e-01,-1.788854381999831711e+00,-2.683281572999747677e+00,-2.012461179749810647e+00,0.000000000000000000e+00,6.708203932499369193e-01,-2.236067977499789639e-01,0.000000000000000000e+00,2.236067977499789639e-01,-6.708203932499369193e-01,-6.708203932499369193e-01,-2.012461179749810647e+00,-1.341640786499873839e+00,-1.565247584249852775e+00,-4.472135954999579277e-01,-1.788854381999831711e+00,-2.236067977499789639e-01,1.341640786499873839e+00,2.012461179749810647e+00,2.236067977499789639e-01,2.236067977499789805e+00,4.024922359499621294e+00,5.590169943749473624e+00,5.366563145999495354e+00,4.695742752749557880e+00,4.919349550499537038e+00,4.919349550499537038e+00,6.037383539249431941e+00,6.931810730249347685e+00,6.260990336999411099e+00,6.708203932499368527e+00,7.379024325749306001e+00,6.484597134749389369e+00,6.484597134749389369e+00,7.602631123499284271e+00,5.813776741499452783e+00,6.484597134749389369e+00,6.484597134749389369e+00
4.472135954999579277e-01,0.000000000000000000e+00,6.708203932499369193e-01,4.472135954999579277e-01,1.565247584249852775e+00,1.118033988749894903e+00,2.236067977499789805e+00,2.236067977499789805e+00,-6.708203932499369193e-01,-4.472135954999579277e-01,-1.788854381999831711e+00,-2.236067977499789639e-01,6.708203932499369193e-01,6.708203932499369193e-01,0.000000000000000000e+00,8.944271909999158554e-01,-2.236067977499789639e-01,6.708203932499369193e-01,8.944271909999158554e-01,0.000000000000000000e+00,2.459674775249768519e+00,3.130495168499705549e+00,3.801315561749642136e+00,2.459674775249768519e+00,2.236067977499789805e+00,2.236067977499789805e+00,0.000000000000000000e+00,2.012461179749810647e+00,8.944271909999158554e-01,-1.118033988749894903e+00,-1.565247584249852775e+00,-2.012461179749810647e+00,2.236067977499789639e-01,6.708203932499369193e-01,2.459674775249768519e+00,3.354101966249684263e+00,2.906888370749726391e+00,1.788854381999831711e+00,1.565247584249852775e+00,1.788854381999831711e+00,8.944271909999158554e-01,-4.472135954999579277e-01,-2.236067977499789639e-01,6.708203932499369193e-01,4.472135954999579277e-01,-8.944271909999158554e-01,1.565247584249852775e+00,1.565247584249852775e+00,2.236067977499789805e+00,2.012461179749810647e+00,3.130495168499705549e+00,1.788854381999831711e+00,1.788854381999831711e+00,8.944271909999158554e-01,2.236067977499789639e-01,-4.472135954999579277e-01,-4.472135954999579277e-01,-6.708203932499369193e-01,-2.012461179749810647e+00,-2.236067977499789805e+00,-1.788854381999831711e+00,-2.906888370749726391e+00,-3.577708763999663422e+00,-3.577708763999663422e+00,-2.236067977499789639e-01,-1.118033988749894903e+00,-1.118033988749894903e+00,-2.906888370749726391e+00,-2.906888370749726391e+00,-3.130495168499705549e+00,-4.919349550499537038e+00,-4.695742752749557880e+00,-4.472135954999579610e+00,-2.906888370749726391e+00,-2.459674775249768519e+00,-8.944271909999158554e-01,-1.788854381999831711e+00,-1.118033988749894903e+00,6.708203932499369193e-01,8.944271909999158554e-01,-6.708203932499369193e-01,-1.341640786499873839e+00,-1.788854381999831711e+00,-1.118033988749894903e+00,-2.012461179749810647e+00,-1.788854381999831711e+00,-3.801315561749642136e+00,-3.801315561749642136e+00,-3.801315561749642136e+00,-2.012461179749810647e+00,-2.012461179749810647e+00,-8.944271909999158554e-01,-3.577708763999663422e+00,-3.354101966249684263e+00,-3.354101966249684263e+00,-6.260990336999411099e+00,-6.260990336999411099e+00,-6.484597134749389369e+00,-8.273451516749220858e+00,-8.273451516749220858e+00,-8.049844718999242588e+00,-7.826237921249263430e+00,-6.484597134749389369e+00,-5.590169943749473624e+00,-4.919349550499537038e+00,-5.813776741499452783e+00,-5.366563145999495354e+00,-5.590169943749473624e+00,-6.708203932499368527e+00,-7.379024325749306001e+00,-6.260990336999411099e+00,-6.037383539249431941e+00,-6.037383539249431941e+00,-5.366563145999495354e+00,-5.142956348249516196e+00,-4.024922359499621294e+00,-5.142956348249516196e+00,-4.248529157249600452e+00,-3.130495168499705549e+00,-4.919349550499537038e+00,-6.037383539249431941e+00,-5.813776741499452783e+00,-5.366563145999495354e+00,-4.248529157249600452e+00,-6.037383539249431941e+00,-4.695742752749557880e+00,-5.813776741499452783e+00,-5.813776741499452783e+00,-5.813776741499452783e+00,-6.260990336999411099e+00,-6.708203932499368527e+00,-6.484597134749389369e+00,-6.708203932499368527e+00,-6.931810730249347685e+00,-5.590169943749473624e+00,-5.142956348249516196e+00,-4.695742752749557880e+00,-5.142956348249516196e+00,-6.484597134749389369e+00,-5.590169943749473624e+00,-8.273451516749220858e+00,-8.273451516749220858e+00,-6.260990336999411099e+00,-5.590169943749473624e+00,-5.813776741499452783e+00,-3.577708763999663422e+00,-4.024922359499621294e+00,-3.354101966249684263e+00,-4.248529157249600452e+00,-5.590169943749473624e+00,-6.260990336999411099e+00,-5.813776741499452783e+00,-4.695742752749557880e+00,-4.024922359499621294e+00,-3.354101966249684263e+00,-4.024922359499621294e+00,-4.024922359499621294e+00,-3.801315561749642136e+00,-2.236067977499789805e+00,-2.906888370749726391e+00,-4.248529157249600452e+00,-3.577708763999663422e+00,-3.354101966249684263e+00,-4.248529157249600452e+00,-2.459674775249768519e+00,-2.012461179749810647e+00,-4.248529157249600452e+00,-2.683281572999747677e+00,-2.236067977499789805e+00,-2.906888370749726391e+00,-2.459674775249768519e+00,-3.130495168499705549e+00,-4.024922359499621294e+00,-2.683281572999747677e+00,-1.118033988749894903e+00,-3.577708763999663422e+00,-3.801315561749642136e+00,-5.142956348249516196e+00,-4.919349550499537038e+00,-7.602631123499284271e+00,-8.944271909999159220e+00,-9.167878707749137490e+00,-8.273451516749220858e+00,-8.049844718999242588e+00,-6.931810730249347685e+00,-6.260990336999411099e+00,-5.813776741499452783e+00,-4.248529157249600452e+00,-5.142956348249516196e+00,-3.354101966249684263e+00,-3.801315561749642136e+00,-4.248529157249600452e+00,-3.354101966249684263e+00,-2.012461179749810647e+00,-8.944271909999158554e-01,8.944271909999158554e-01,1.565247584249852775e+00,-8.944271909999158554e-01,0.000000000000000000e+00,-6.708203932499369193e-01,2.012461179749810647e+00,2.906888370749726391e+00,2.906888370749726391e+00,3.354101966249684263e+00,2.236067977499789639e-01,-1.565247584249852775e+00,0.000000000000000000e+00,4.472135954999579277e-01,2.459674775249768519e+00,3.577708763999663422e+00,1.118033988749894903e+00,0.000000000000000000e+00,1.565247584249852775e+00,1.341640786499873839e+00,0.000000000000000000e+00,4.472135954999579277e-01,-2.236067977499789805e+00,-2.459674775249768519e+00,-2.012461179749810647e+00,-2.906888370749726391e+00,0.000000000000000000e+00,-1.341640786499873839e+00,-2.683281572999747677e+00,-2.683281572999747677e+00,-3.130495168499705549e+00,-1.118033988749894903e+00,-4.472135954999579277e-01,6.708203932499369193e-01,2.236067977499789639e-01,8.944271909999158554e-01,2.236067977499789639e-01,1.341640786499873839e+00,1.118033988749894903e+00,2.236067977499789805e+00,1.118033988749894903e+00,1.565247584249852775e+00,2.236067977499789805e+00,2.236067977499789805e+00,2.459674775249768519e+00,4.472135954999579610e+00,4.919349550499537038e+00,4.919349550499537038e+00,5.142956348249516196e+00,4.919349550499537038e+00,3.130495168499705549e+00,4.695742752749557880e+00,6.260990336999411099e+00,5.813776741499452783e+00,4.919349550499537038e+00,5.142956348249516196e+00,6.931810730249347685e+00,5.590169943749473624e+00,6.931810730249347685e+00,5.366563145999495354e+00,4.472135954999579610e+00,3.801315561749642136e+00,3.577708763999663422e+00,2.236067977499789805e+00,3.130495168499705549e+00,3.130495168499705549e+00,3.801315561749642136e+00,1.565247584249852775e+00,1.788854381999831711e+00,4.472135954999579277e-01,1.118033988749894903e+00,6.708203932499369193e-01,-6.708203932499369193e-01,-1.118033988749894903e+00,-2.236067977499789639e-01,-2.236067977499789639e-01,1.788854381999831711e+00,1.341640786499873839e+00,2.236067977499789639e-01,8.944271909999158554e-01,2.906888370749726391e+00,1.788854381999831711e+00,2.459674775249768519e+00,4.248529157249600452e+00,5.142956348249516196e+00,4.024922359499621294e+00,4.024922359499621294e+00,3.354101966249684263e+00,5.366563145999495354e+00,5.366563145999495354e+00,2.906888370749726391e+00,4.472135954999579277e-01,8.944271909999158554e-01,-1.341640786499873839e+00,-2.236067977499789639e-01,-2.236067977499789639e-01,-8.944271909999158554e-01,2.236067977499789639e-01,1.565247584249852775e+00,2.683281572999747677e+00,1.565247584249852775e+00,2.012461179749810647e+00,3.577708763999663422e+00,2.906888370749726391e+00,2.683281572999747677e+00,3.801315561749642136e+00,6.708203932499369193e-01,2.012461179749810647e+00,2.236067977499789639e-01,-6.708203932499369193e-01,-1.565247584249852775e+00,-1.788854381999831711e+00,-2.236067977499789639e-01,-3.130495168499705549e+00,-4.024922359499621294e+00,-3.354101966249684263e+00,-3.354101966249684263e+00,-2.683281572999747677e+00,-3.130495168499705549e+00,-2.906888370749726391e+00,-1.565247584249852775e+00,-1.118033988749894903e+00,-2.236067977499789639e-01,-1.565247584249852775e+00,0.000000000000000000e+00,2.012461179749810647e+00,2.459674775249768519e+00,1.565247584249852775e+00,6.708203932499369193e-01,-1.341640786499873839e+00,-2.906888370749726391e+00,-4.248529157249600452e+00,-2.906888370749726391e+00,-3.354101966249684263e+00,-2.906888370749726391e+00,-2.683281572999747677e+00,-4.024922359499621294e+00,-4.919349550499537038e+00,-4.919349550499537038e+00,-4.919349550499537038e+00,-3.354101966249684263e+00,-3.354101966249684263e+00,-5.366563145999495354e+00,-4.695742752749557880e+00,-6.260990336999411099e+00,-6.708203932499368527e+00,-7.379024325749306001e+00,-6.260990336999411099e+00,-7.379024325749306001e+00,-6.708203932499368527e+00,-6.931810730249347685e+00,-6.037383539249431941e+00,-4.024922359499621294e+00,-1.565247584249852775e+00,-2.459674775249768519e+00,-2.459674775249768519e+00,-3.577708763999663422e+00,-2.683281572999747677e+00,-2.683281572999747677e+00,-2.459674775249768519e+00,-2.906888370749726391e+00,-1.788854381999831711e+00,-2.236067977499789805e+00,-2.236067977499789805e+00,-1.118033988749894903e+00,2.012461179749810647e+00,3.354101966249684263e+00,2.906888370749726391e+00,2.459674775249768519e+00,2.236067977499789805e+00,1.341640786499873839e+00,2.012461179749810647e+00,1.565247584249852775e+00,6.708203932499369193e-01,4.472135954999579277e-01,2.236067977499789639e-01,6.708203932499369193e-01,-4.472135954999579277e-01,1.341640786499873839e+00,2.236067977499789639e-01,6.708203932499369193e-01,1.565247584249852775e+00,2.236067977499789805e+00,2.236067977499789805e+00,6.708203932499369193e-01,6.708203932499369193e-01,1.341640786499873839e+00,2.236067977499789639e-01,0.000000000000000000e+00,1.118033988749894903e+00,1.341640786499873839e+00,-6.708203932499369193e-01,6.708203932499369193e-01,-4.472135954999579277e-01,-6.708203932499369193e-01,-2.459674775249768519e+00,-4.248529157249600452e+00,-4.248529157249600452e+00,-4.472135954999579610e+00,-4.024922359499621294e+00,-3.354101966249684263e+00,-3.130495168499705549e+00,-4.695742752749557880e+00,-4.695742752749557880e+00,-3.801315561749642136e+00,-4.919349550499537038e+00,-5.590169943749473624e+00,-6.484597134749389369e+00,-6.484597134749389369e+00,-6.484597134749389369e+00,-3.801315561749642136e+00,-2.906888370749726391e+00,-4.472135954999579610e+00,-2.906888370749726391e+00,-3.354101966249684263e+00,-4.472135954999579610e+00,-2.236067977499789805e+00,-2.236067977499789805e+00,-1.341640786499873839e+00,2.236067977499789639e-01,4.472135954999579277e-01,-1.341640786499873839e+00,-1.565247584249852775e+00,-2.236067977499789639e-01,-6.708203932499369193e-01,4.472135954999579277e-01,2.236067977499789639e-01,-6.708203932499369193e-01,2.459674775249768519e+00,2.906888370749726391e+00,2.683281572999747677e+00,1.788854381999831711e+00,1.341640786499873839e+00,2.236067977499789639e-01,1.118033988749894903e+00,4.472135954999579277e-01,1.788854381999831711e+00,2.459674775249768519e+00,2.236067977499789639e-01,-2.236067977499789639e-01,2.236067977499789639e-01,-1.118033988749894903e+00,6.708203932499369193e-01,-6.708203932499369193e-01,2.236067977499789639e-01,6.708203932499369193e-01,-4.472135954999579277e-01,-3.354101966249684263e+00,-2.236067977499789805e+00,-4.472135954999579610e+00,-4.472135954999579610e+00,-3.130495168499705549e+00,-2.459674775249768519e+00,-2.683281572999747677e+00,-6.708203932499369193e-01,-2.236067977499789805e+00,-1.118033988749894903e+00,-6.708203932499369193e-01,0.000000000000000000e+00,-2.236067977499789639e-01,-6.708203932499369193e-01,-1.118033988749894903e+00,-6.708203932499369193e-01,-4.472135954999579277e-01,-2.012461179749810647e+00,-8.944271909999158554e-01,-1.341640786499873839e+00,-2.906888370749726391e+00,-3.577708763999663422e+00,-3.577708763999663422e+00,-1.118033988749894903e+00,-2.459674775249768519e+00,-2.459674775249768519e+00,-2.459674775249768519e+00,-2.683281572999747677e+00,-2.906888370749726391e+00,-3.130495168499705549e+00,-4.695742752749557880e+00,-5.366563145999495354e+00,-7.155417527999326843e+00,-4.248529157249600452e+00,-5.590169943749473624e+00,-4.919349550499537038e+00,-8.049844718999242588e+00,-6.708203932499368527e+00,-6.931810730249347685e+00,-7.155417527999326843e+00,-8.944271909999159220e+00,-9.615092303249095806e+00,-8.497058314499200904e+00,-7.602631123499284271e+00,-7.379024325749306001e+00,-6.484597134749389369e+00,-5.590169943749473624e+00,-4.024922359499621294e+00,-3.130495168499705549e+00,-4.919349550499537038e+00,-4.472135954999579610e+00,-4.919349550499537038e+00,-3.801315561749642136e+00,-2.459674775249768519e+00,-2.459674775249768519e+00,-4.024922359499621294e+00,-5.366563145999495354e+00,-5.590169943749473624e+00,-5.142956348249516196e+00
-2.459674775249768519e+00,-8.944271909999158554e-01,-4.472135954999579277e-01,-6.708203932499369193e-01,-1.788854381999831711e+00,-6.708203932499369193e-01,-1.565247584249852775e+00,-1.118033988749894903e+00,-3.130495168499705549e+00,-2.906888370749726391e+00,-2.459674775249768519e+00,-8.944271909999158554e-01,-8.944271909999158554e-01,-2.012461179749810647e+00,-2.236067977499789805e+00,-2.459674775249768519e+00,-1.565247584249852775e+00,-2.459674775249768519e+00,-1.341640786499873839e+00,-1.565247584249852775e+00,-2.236067977499789805e+00,-3.130495168499705549e+00,-4.695742752749557880e+00,-4.472135954999579610e+00,-4.472135954999579610e+00,-3.577708763999663422e+00,-3.354101966249684263e+00,-2.459674775249768519e+00,-1.341640786499873839e+00,-2.236067977499789639e-01,2.012461179749810647e+00,1.565247584249852775e+00,1.565247584249852775e+00,3.354101966249684263e+00,4.695742752749557880e+00,5.366563145999495354e+00,4.024922359499621294e+00,4.919349550499537038e+00,4.024922359499621294e+00,4.695742752749557880e+00,4.024922359499621294e+00,4.024922359499621294e+00,4.024922359499621294e+00,3.354101966249684263e+00,2.683281572999747677e+00,2.683281572999747677e+00,6.708203932499369193e-01,-4.472135954999579277e-01,-1.565247584249852775e+00,-1.118033988749894903e+00,-2.683281572999747677e+00,-1.788854381999831711e+00,-1.565247584249852775e+00,4.472135954999579277e-01,6.708203932499369193e-01,1.788854381999831711e+00,1.118033988749894903e+00,0.000000000000000000e+00,-6.708203932499369193e-01,2.236067977499789639e-01,-6.708203932499369193e-01,-4.472135954999579277e-01,2.236067977499789639e-01,1.565247584249852775e+00,3.130495168499705549e+00,4.695742752749557880e+00,2.906888370749726391e+00,1.341640786499873839e+00,6.708203932499369193e-01,-8.944271909999158554e-01,-2.012461179749810647e+00,-2.906888370749726391e+00,-2.683281572999747677e+00,-6.708203932499369193e-01,1.118033988749894903e+00,1.118033988749894903e+00,2.236067977499789639e-01,1.788854381999831711e+00,4.024922359499621294e+00,4.248529157249600452e+00,3.577708763999663422e+00,4.695742752749557880e+00,4.695742752749557880e+00,4.919349550499537038e+00,4.695742752749557880e+00,5.813776741499452783e+00,5.366563145999495354e+00,6.260990336999411099e+00,6.037383539249431941e+00,6.037383539249431941e+00,3.130495168499705549e+00,1.565247584249852775e+00,2.236067977499789805e+00,2.236067977499789805e+00,2.236067977499789805e+00,2.236067977499789805e+00,2.683281572999747677e+00,2.459674775249768519e+00,2.683281572999747677e+00,8.944271909999158554e-01,1.341640786499873839e+00,2.459674775249768519e+00,1.341640786499873839e+00,-2.236067977499789639e-01,-6.708203932499369193e-01,-2.236067977499789639e-01,-6.708203932499369193e-01,-1.341640786499873839e+00,-4.472135954999579277e-01,-4.472135954999579277e-01,-2.236067977499789805e+00,-4.472135954999579610e+00,-4.024922359499621294e+00,-3.354101966249684263e+00,-2.906888370749726391e+00,-3.130495168499705549e+00,-2.683281572999747677e+00,-8.944271909999158554e-01,-6.708203932499369193e-01,-6.708203932499369193e-01,-1.565247584249852775e+00,2.236067977499789639e-01,-4.472135954999579277e-01,-4.472135954999579277e-01,-8.944271909999158554e-01,2.236067977499789639e-01,1.118033988749894903e+00,3.130495168499705549e+00,3.130495168499705549e+00,4.919349550499537038e+00,3.577708763999663422e+00,4.695742752749557880e+00,2.459674775249768519e+00,3.130495168499705549e+00,3.130495168499705549e+00,4.248529157249600452e+00,1.788854381999831711e+00,1.341640786499873839e+00,2.236067977499789639e-01,0.000000000000000000e+00,1.341640786499873839e+00,8.944271909999158554e-01,2.236067977499789805e+00,2.683281572999747677e+00,3.130495168499705549e+00,2.459674775249768519e+00,4.472135954999579277e-01,-1.341640786499873839e+00,-3.354101966249684263e+00,-4.248529157249600452e+00,-6.260990336999411099e+00,-4.024922359499621294e+00,-2.906888370749726391e+00,-1.565247584249852775e+00,-2.012461179749810647e+00,-2.236067977499789639e-01,-6.708203932499369193e-01,-1.118033988749894903e+00,-1.788854381999831711e+00,-6.708203932499369193e-01,-1.341640786499873839e+00,-1.788854381999831711e+00,-1.118033988749894903e+00,-2.906888370749726391e+00,-5.142956348249516196e+00,-4.472135954999579610e+00,-4.024922359499621294e+00,-4.024922359499621294e+00,-3.801315561749642136e+00,-3.354101966249684263e+00,-1.341640786499873839e+00,-2.683281572999747677e+00,-3.354101966249684263e+00,-2.459674775249768519e+00,-8.944271909999158554e-01,-2.012461179749810647e+00,-2.683281572999747677e+00,-3.577708763999663422e+00,-3.801315561749642136e+00,-3.577708763999663422e+00,-3.130495168499705549e+00,-4.024922359499621294e+00,-2.459674775249768519e+00,-1.118033988749894903e+00,-2.236067977499789805e+00,-1.341640786499873839e+00,-1.341640786499873839e+00,-2.683281572999747677e+00,-2.459674775249768519e+00,-2.683281572999747677e+00,-5.590169943749473624e+00,-6.708203932499368527e+00,-5.142956348249516196e+00,-4.248529157249600452e+00,-5.366563145999495354e+00,-5.813776741499452783e+00,-5.813776741499452783e+00,-6.484597134749389369e+00,-5.813776741499452783e+00,-7.602631123499284271e+00,-5.813776741499452783e+00,-6.484597134749389369e+00,-6.484597134749389369e+00,-8.944271909999159220e+00,-4.472135954999579610e+00,-4.024922359499621294e+00,-3.801315561749642136e+00,-2.683281572999747677e+00,-3.354101966249684263e+00,-4.695742752749557880e+00,-4.472135954999579610e+00,-3.577708763999663422e+00,-6.484597134749389369e+00,-6.260990336999411099e+00,-4.472135954999579610e+00,-4.472135954999579610e+00,-3.577708763999663422e+00,-3.130495168499705549e+00,-2.683281572999747677e+00,-3.130495168499705549e+00,-1.565247584249852775e+00,-3.577708763999663422e+00,-2.906888370749726391e+00,-2.906888370749726391e+00,-2.012461179749810647e+00,-2.459674775249768519e+00,-1.565247584249852775e+00,-2.683281572999747677e+00,-4.472135954999579277e-01,8.944271909999158554e-01,-8.944271909999158554e-01,2.459674775249768519e+00,1.341640786499873839e+00,2.683281572999747677e+00,2.012461179749810647e+00,2.236067977499789805e+00,2.012461179749810647e+00,2.459674775249768519e+00,1.565247584249852775e+00,2.236067977499789805e+00,3.130495168499705549e+00,1.341640786499873839e+00,-2.236067977499789639e-01,0.000000000000000000e+00,-2.236067977499789639e-01,8.944271909999158554e-01,1.341640786499873839e+00,8.944271909999158554e-01,1.341640786499873839e+00,-1.118033988749894903e+00,2.236067977499789639e-01,-4.472135954999579277e-01,-1.565247584249852775e+00,2.236067977499789639e-01,6.708203932499369193e-01,2.459674775249768519e+00,1.788854381999831711e+00,3.577708763999663422e+00,3.130495168499705549e+00,2.906888370749726391e+00,2.236067977499789805e+00,6.708203932499369193e-01,-6.708203932499369193e-01,-6.708203932499369193e-01,-3.577708763999663422e+00,-4.024922359499621294e+00,-4.695742752749557880e+00,-4.695742752749557880e+00,-2.236067977499789805e+00,-3.354101966249684263e+00,-2.012461179749810647e+00,-2.459674775249768519e+00,-4.024922359499621294e+00,-1.788854381999831711e+00,-2.236067977499789805e+00,-1.565247584249852775e+00,-3.577708763999663422e+00,-4.695742752749557880e+00,-3.577708763999663422e+00,-2.012461179749810647e+00,-2.906888370749726391e+00,-4.024922359499621294e+00,-3.130495168499705549e+00,-2.683281572999747677e+00,-2.459674775249768519e+00,-2.906888370749726391e+00,-2.459674775249768519e+00,-4.472135954999579277e-01,-1.118033988749894903e+00,-6.708203932499369193e-01,2.236067977499789639e-01,1.565247584249852775e+00,8.944271909999158554e-01,-6.708203932499369193e-01,-1.341640786499873839e+00,-4.472135954999579277e-01,1.118033988749894903e+00,1.118033988749894903e+00,0.000000000000000000e+00,-6.708203932499369193e-01,-2.236067977499789805e+00,-1.788854381999831711e+00,2.236067977499789639e-01,2.236067977499789639e-01,-1.788854381999831711e+00,-2.236067977499789639e-01,4.472135954999579277e-01,4.472135954999579277e-01,8.944271909999158554e-01,5.142956348249516196e+00,3.130495168499705549e+00,3.130495168499705549e+00,2.459674775249768519e+00,3.130495168499705549e+00,3.801315561749642136e+00,4.695742752749557880e+00,2.683281572999747677e+00,2.683281572999747677e+00,3.130495168499705549e+00,2.683281572999747677e+00,4.248529157249600452e+00,2.906888370749726391e+00,4.695742752749557880e+00,4.024922359499621294e+00,2.906888370749726391e+00,6.708203932499369193e-01,-6.708203932499369193e-01,-1.341640786499873839e+00,-6.708203932499369193e-01,-1.341640786499873839e+00,-1.788854381999831711e+00,-2.906888370749726391e+00,-1.788854381999831711e+00,-1.341640786499873839e+00,8.944271909999158554e-01,6.708203932499369193e-01,4.472135954999579277e-01,1.118033988749894903e+00,-8.944271909999158554e-01,-4.472135954999579277e-01,2.236067977499789639e-01,1.341640786499873839e+00,8.944271909999158554e-01,6.708203932499369193e-01,0.000000000000000000e+00,6.708203932499369193e-01,1.341640786499873839e+00,-2.236067977499789639e-01,-4.472135954999579277e-01,8.944271909999158554e-01,2.683281572999747677e+00,4.472135954999579277e-01,2.236067977499789639e-01,2.683281572999747677e+00,2.683281572999747677e+00,2.012461179749810647e+00,3.130495168499705549e+00,6.708203932499369193e-01,2.012461179749810647e+00,2.459674775249768519e+00,3.354101966249684263e+00,4.472135954999579610e+00,3.801315561749642136e+00,2.906888370749726391e+00,3.801315561749642136e+00,3.801315561749642136e+00,4.248529157249600452e+00,6.037383539249431941e+00,6.484597134749389369e+00,7.379024325749306001e+00,4.024922359499621294e+00,4.695742752749557880e+00,3.801315561749642136e+00,3.130495168499705549e+00,2.683281572999747677e+00,1.788854381999831711e+00,2.236067977499789805e+00,2.012461179749810647e+00,1.341640786499873839e+00,2.236067977499789639e-01,1.341640786499873839e+00,1.565247584249852775e+00,1.788854381999831711e+00,8.944271909999158554e-01,1.565247584249852775e+00,1.118033988749894903e+00,2.012461179749810647e+00,6.708203932499369193e-01,-6.708203932499369193e-01,-6.708203932499369193e-01,-6.708203932499369193e-01,-1.788854381999831711e+00,-2.012461179749810647e+00,-2.906888370749726391e+00,-2.236067977499789805e+00,-2.236067977499789805e+00,-3.801315561749642136e+00,-1.788854381999831711e+00,-8.944271909999158554e-01,-2.236067977499789639e-01,-6.708203932499369193e-01,-2.236067977499789805e+00,-4.472135954999579277e-01,-1.341640786499873839e+00,-1.118033988749894903e+00,-3.577708763999663422e+00,-4.248529157249600452e+00,-2.236067977499789805e+00,-2.236067977499789639e-01,-1.565247584249852775e+00,-2.236067977499789805e+00,-1.788854381999831711e+00,-2.906888370749726391e+00,-2.012461179749810647e+00,-1.565247584249852775e+00,-2.236067977499789639e-01,8.944271909999158554e-01,1.341640786499873839e+00,2.236067977499789639e-01,-2.236067977499789639e-01,-6.708203932499369193e-01,-1.118033988749894903e+00,-1.565247584249852775e+00,4.472135954999579277e-01,-1.118033988749894903e+00,-1.341640786499873839e+00,2.236067977499789639e-01,2.236067977499789805e+00,2.459674775249768519e+00,2.906888370749726391e+00,3.577708763999663422e+00,1.788854381999831711e+00,2.459674775249768519e+00,3.801315561749642136e+00,2.683281572999747677e+00,2.012461179749810647e+00,-1.565247584249852775e+00,-2.683281572999747677e+00,-2.459674775249768519e+00,-2.683281572999747677e+00,-2.236067977499789639e-01,1.118033988749894903e+00,2.906888370749726391e+00,2.236067977499789805e+00,8.944271909999158554e-01,8.944271909999158554e-01,1.788854381999831711e+00,1.788854381999831711e+00,-6.708203932499369193e-01,2.236067977499789639e-01,4.472135954999579277e-01,2.012461179749810647e+00,2.236067977499789639e-01,-1.341640786499873839e+00,-6.708203932499369193e-01,-6.708203932499369193e-01,-4.472135954999579277e-01,-1.341640786499873839e+00,-8.944271909999158554e-01,-4.472135954999579277e-01,0.000000000000000000e+00,-1.788854381999831711e+00,-2.236067977499789805e+00,-3.130495168499705549e+00,-3.130495168499705549e+00,-2.236067977499789639e-01,2.236067977499789639e-01,-1.788854381999831711e+00,-2.012461179749810647e+00,-2.012461179749810647e+00,1.565247584249852775e+00,2.459674775249768519e+00,1.788854381999831711e+00,2.459674775249768519e+00,2.683281572999747677e+00,2.683281572999747677e+00,3.801315561749642136e+00,3.577708763999663422e+00,5.590169943749473624e+00,3.354101966249684263e+00,4.248529157249600452e+00,3.354101966249684263e+00,3.354101966249684263e+00,6.484597134749389369e+00,9.167878707749137490e+00,8.944271909999159220e+00,8.944271909999159220e+00,8.273451516749220858e+00,7.379024325749306001e+00,1.006230589874905235e+01,1.028591269649903239e+01,8.049844718999242588e+00,6.484597134749389369e+00,6.260990336999411099e+00,6.260990336999411099e+00,6.260990336999411099e+00,5.366563145999495354e+00,5.142956348249516196e+00,3.577708763999663422e+00,2.236067977499789805e+00
4.248529157249600452e+00,4.919349550499537038e+00,2.906888370749726391e+00,4.024922359499621294e+00,2.236067977499789805e+00,1.788854381999831711e+00,4.472135954999579277e-01,-1.341640786499873839e+00,-2.236067977499789639e-01,-1.341640786499873839e+00,-2.906888370749726391e+00,-2.012461179749810647e+00,-1.565247584249852775e+00,-4.472135954999579277e-01,2.459674775249768519e+00,6.708203932499369193e-01,2.012461179749810647e+00,3.577708763999663422e+00,3.130495168499705549e+00,1.341640786499873839e+00,4.472135954999579277e-01,-2.236067977499789639e-01,-2.683281572999747677e+00,-1.341640786499873839e+00,-3.577708763999663422e+00,-4.024922359499621294e+00,-3.354101966249684263e+00,-5.366563145999495354e+00,-5.590169943749473624e+00,-4.024922359499621294e+00,-4.472135954999579610e+00,-4.472135954999579277e-01,-8.944271909999158554e-01,-2.236067977499789639e-01,-2.236067977499789639e-01,-2.236067977499789639e-01,1.341640786499873839e+00,-4.472135954999579277e-01,-4.472135954999579277e-01,-3.354101966249684263e+00,-1.341640786499873839e+00,-2.236067977499789639e-01,-4.472135954999579277e-01,-8.944271909999158554e-01,-2.236067977499789639e-01,6.708203932499369193e-01,8.944271909999158554e-01,-4.472135954999579277e-01,-6.708203932499369193e-01,-4.472135954999579277e-01,-1.565247584249852775e+00,-2.236067977499789639e-01,6.708203932499369193e-01,2.459674775249768519e+00,3.577708763999663422e+00,2.012461179749810647e+00,2.459674775249768519e+00,4.024922359499621294e+00,5.142956348249516196e+00,2.906888370749726391e+00,2.012461179749810647e+00,2.236067977499789805e+00,2.683281572999747677e+00,3.801315561749642136e+00,4.024922359499621294e+00,3.577708763999663422e+00,1.341640786499873839e+00,2.236067977499789639e-01,-1.565247584249852775e+00,-1.341640786499873839e+00,-5.142956348249516196e+00,-6.260990336999411099e+00,-5.813776741499452783e+00,-6.484597134749389369e+00,-3.130495168499705549e+00,-3.801315561749642136e+00,-1.118033988749894903e+00,-2.906888370749726391e+00,-1.788854381999831711e+00,-1.341640786499873839e+00,-4.472135954999579277e-01,-2.236067977499789639e-01,8.944271909999158554e-01,8.944271909999158554e-01,1.341640786499873839e+00,2.683281572999747677e+00,1.341640786499873839e+00,1.118033988749894903e+00,2.683281572999747677e+00,2.012461179749810647e+00,8.944271909999158554e-01,1.788854381999831711e+00,8.944271909999158554e-01,1.118033988749894903e+00,-1.341640786499873839e+00,6.708203932499369193e-01,1.565247584249852775e+00,0.000000000000000000e+00,-1.788854381999831711e+00,-4.472135954999579277e-01,-1.565247584249852775e+00,-3.130495168499705549e+00,-3.577708763999663422e+00,-2.459674775249768519e+00,-1.118033988749894903e+00,1.565247584249852775e+00,2.459674775249768519e+00,3.801315561749642136e+00,6.037383539249431941e+00,6.931810730249347685e+00,7.826237921249263430e+00,7.826237921249263430e+00,9.391485505499115760e+00,8.497058314499200904e+00,6.260990336999411099e+00,6.037383539249431941e+00,5.813776741499452783e+00,6.037383539249431941e+00,5.366563145999495354e+00,6.931810730249347685e+00,5.813776741499452783e+00,5.590169943749473624e+00,3.354101966249684263e+00,2.012461179749810647e+00,1.565247584249852775e+00,0.000000000000000000e+00,1.341640786499873839e+00,2.236067977499789805e+00,1.341640786499873839e+00,-2.236067977499789639e-01,4.472135954999579277e-01,-6.708203932499369193e-01,-8.944271909999158554e-01,-4.472135954999579277e-01,8.944271909999158554e-01,0.000000000000000000e+00,2.683281572999747677e+00,3.354101966249684263e+00,1.565247584249852775e+00,2.012461179749810647e+00,1.118033988749894903e+00,1.565247584249852775e+00,1.565247584249852775e+00,1.341640786499873839e+00,1.341640786499873839e+00,3.354101966249684263e+00,3.354101966249684263e+00,2.236067977499789805e+00,1.565247584249852775e+00,-2.236067977499789639e-01,-4.472135954999579277e-01,-1.118033988749894903e+00,-8.944271909999158554e-01,-6.708203932499369193e-01,1.118033988749894903e+00,0.000000000000000000e+00,-2.236067977499789639e-01,4.472135954999579277e-01,1.788854381999831711e+00,1.788854381999831711e+00,1.788854381999831711e+00,1.118033988749894903e+00,-8.944271909999158554e-01,-2.236067977499789639e-01,-1.118033988749894903e+00,-4.472135954999579277e-01,2.236067977499789639e-01,-1.788854381999831711e+00,-8.944271909999158554e-01,-2.459674775249768519e+00,-3.354101966249684263e+00,-4.024922359499621294e+00,-2.683281572999747677e+00,-2.236067977499789805e+00,-6.708203932499369193e-01,2.236067977499789639e-01,-6.708203932499369193e-01,-4.472135954999579277e-01,0.000000000000000000e+00,-8.944271909999158554e-01,-2.236067977499789639e-01,-1.341640786499873839e+00,-6.708203932499369193e-01,0.000000000000000000e+00,0.000000000000000000e+00,-1.565247584249852775e+00,-1.118033988749894903e+00,6.708203932499369193e-01,0.000000000000000000e+00,6.708203932499369193e-01,-2.236067977499789639e-01,-8.944271909999158554e-01,-2.236067977499789639e-01,2.236067977499789639e-01,1.788854381999831711e+00,4.472135954999579277e-01,-4.472135954999579277e-01,8.944271909999158554e-01,-4.472135954999579277e-01,-1.341640786499873839e+00,-1.118033988749894903e+00,-6.708203932499369193e-01,-6.708203932499369193e-01,-1.118033988749894903e+00,-6.708203932499369193e-01,1.118033988749894903e+00,2.236067977499789639e-01,1.565247584249852775e+00,2.683281572999747677e+00,4.472135954999579610e+00,3.577708763999663422e+00,5.366563145999495354e+00,3.801315561749642136e+00,3.130495168499705549e+00,3.130495168499705549e+00,3.354101966249684263e+00,5.142956348249516196e+00,7.602631123499284271e+00,8.049844718999242588e+00,6.931810730249347685e+00,6.484597134749389369e+00,6.708203932499368527e+00,8.497058314499200904e+00,9.838699100999074076e+00,8.049844718999242588e+00,7.155417527999326843e+00,7.379024325749306001e+00,7.155417527999326843e+00,5.813776741499452783e+00,6.484597134749389369e+00,5.813776741499452783e+00,7.602631123499284271e+00,5.366563145999495354e+00,4.024922359499621294e+00,3.130495168499705549e+00,3.801315561749642136e+00,2.236067977499789805e+00,2.459674775249768519e+00,2.459674775249768519e+00,2.012461179749810647e+00,2.236067977499789639e-01,2.459674775249768519e+00,4.472135954999579277e-01,2.236067977499789639e-01,-2.236067977499789639e-01,-1.565247584249852775e+00,-2.236067977499789805e+00,-3.577708763999663422e+00,-3.577708763999663422e+00,-1.565247584249852775e+00,1.118033988749894903e+00,2.236067977499789639e-01,-6.708203932499369193e-01,2.236067977499789639e-01,-1.341640786499873839e+00,0.000000000000000000e+00,-8.944271909999158554e-01,-2.012461179749810647e+00,-4.472135954999579277e-01,0.000000000000000000e+00,-2.236067977499789639e-01,-2.683281572999747677e+00,0.000000000000000000e+00,-1.341640786499873839e+00,-2.906888370749726391e+00,-2.906888370749726391e+00,-3.130495168499705549e+00,-3.577708763999663422e+00,-5.366563145999495354e+00,-4.024922359499621294e+00,-3.801315561749642136e+00,-5.366563145999495354e+00,-6.260990336999411099e+00,-5.142956348249516196e+00,-4.024922359499621294e+00,-1.565247584249852775e+00,-6.708203932499369193e-01,-2.236067977499789805e+00,-2.012461179749810647e+00,-1.788854381999831711e+00,-1.565247584249852775e+00,-3.130495168499705549e+00,-1.341640786499873839e+00,-2.236067977499789805e+00,-2.459674775249768519e+00,-4.472135954999579277e-01,-1.341640786499873839e+00,-1.341640786499873839e+00,-8.944271909999158554e-01,4.472135954999579277e-01,1.565247584249852775e+00,2.906888370749726391e+00,1.565247584249852775e+00,1.118033988749894903e+00,0.000000000000000000e+00,4.472135954999579277e-01,-8.944271909999158554e-01,-2.012461179749810647e+00,-2.683281572999747677e+00,-1.788854381999831711e+00,-1.341640786499873839e+00,-1.118033988749894903e+00,-1.341640786499873839e+00,-1.565247584249852775e+00,-1.118033988749894903e+00,4.472135954999579277e-01,0.000000000000000000e+00,1.341640786499873839e+00,1.565247584249852775e+00,2.906888370749726391e+00,1.341640786499873839e+00,3.577708763999663422e+00,3.354101966249684263e+00,3.354101966249684263e+00,8.944271909999158554e-01,1.341640786499873839e+00,1.118033988749894903e+00,2.012461179749810647e+00,6.708203932499369193e-01,3.130495168499705549e+00,4.248529157249600452e+00,2.236067977499789805e+00,8.944271909999158554e-01,1.118033988749894903e+00,6.708203932499369193e-01,1.565247584249852775e+00,6.708203932499369193e-01,-1.565247584249852775e+00,2.236067977499789639e-01,-6.708203932499369193e-01,-2.236067977499789639e-01,1.118033988749894903e+00,1.341640786499873839e+00,6.708203932499369193e-01,2.459674775249768519e+00,8.944271909999158554e-01,1.788854381999831711e+00,2.236067977499789639e-01,-2.012461179749810647e+00,-1.118033988749894903e+00,4.472135954999579277e-01,2.012461179749810647e+00,3.354101966249684263e+00,2.459674775249768519e+00,2.459674775249768519e+00,2.012461179749810647e+00,2.236067977499789805e+00,2.683281572999747677e+00,3.130495168499705549e+00,3.577708763999663422e+00,5.366563145999495354e+00,5.366563145999495354e+00,5.590169943749473624e+00,3.354101966249684263e+00,2.683281572999747677e+00,4.024922359499621294e+00,5.366563145999495354e+00,5.366563145999495354e+00,4.024922359499621294e+00,2.236067977499789805e+00,2.012461179749810647e+00,2.683281572999747677e+00,3.577708763999663422e+00,2.906888370749726391e+00,2.683281572999747677e+00,5.142956348249516196e+00,3.354101966249684263e+00,8.944271909999158554e-01,8.944271909999158554e-01,1.788854381999831711e+00,6.708203932499369193e-01,-8.944271909999158554e-01,-2.236067977499789639e-01,0.000000000000000000e+00,-1.565247584249852775e+00,-1.118033988749894903e+00,0.000000000000000000e+00,2.236067977499789639e-01,0.000000000000000000e+00,2.236067977499789639e-01,-4.472135954999579277e-01,-6.708203932499369193e-01,-2.236067977499789639e-01,6.708203932499369193e-01,4.472135954999579277e-01,-2.236067977499789639e-01,6.708203932499369193e-01,-1.788854381999831711e+00,-2.459674775249768519e+00,2.236067977499789639e-01,2.236067977499789639e-01,-2.236067977499789639e-01,1.341640786499873839e+00,1.565247584249852775e+00,-4.472135954999579277e-01,-1.341640786499873839e+00,-6.708203932499369193e-01,8.944271909999158554e-01,2.236067977499789639e-01,-4.472135954999579277e-01,-1.118033988749894903e+00,-1.341640786499873839e+00,-3.354101966249684263e+00,-3.130495168499705549e+00,-4.024922359499621294e+00,-4.024922359499621294e+00,-3.130495168499705549e+00,-1.341640786499873839e+00,-2.012461179749810647e+00,-2.236067977499789805e+00,6.708203932499369193e-01,2.906888370749726391e+00,2.683281572999747677e+00,4.024922359499621294e+00,3.801315561749642136e+00,2.236067977499789805e+00,1.118033988749894903e+00,1.788854381999831711e+00,-2.236067977499789639e-01,-2.236067977499789639e-01,-2.236067977499789805e+00,-1.118033988749894903e+00,-8.944271909999158554e-01,4.472135954999579277e-01,6.708203932499369193e-01,4.472135954999579277e-01,2.236067977499789639e-01,6.708203932499369193e-01,1.341640786499873839e+00,2.906888370749726391e+00,3.130495168499705549e+00,-8.944271909999158554e-01,-2.012461179749810647e+00,-1.565247584249852775e+00,-3.801315561749642136e+00,-3.577708763999663422e+00,-4.024922359499621294e+00,-4.248529157249600452e+00,-6.260990336999411099e+00,-7.155417527999326843e+00,-6.931810730249347685e+00,-6.708203932499368527e+00,-6.484597134749389369e+00,-4.919349550499537038e+00,-3.354101966249684263e+00,-1.788854381999831711e+00,-2.906888370749726391e+00,-1.118033988749894903e+00,-6.708203932499369193e-01,-8.944271909999158554e-01,-3.577708763999663422e+00,-2.459674775249768519e+00,-2.012461179749810647e+00,-2.683281572999747677e+00,-2.012461179749810647e+00,-2.236067977499789805e+00,0.000000000000000000e+00,-2.236067977499789639e-01,-1.341640786499873839e+00,-4.024922359499621294e+00,-3.577708763999663422e+00,-3.577708763999663422e+00,-2.459674775249768519e+00,-1.565247584249852775e+00,-2.236067977499789805e+00,2.236067977499789639e-01,4.472135954999579277e-01,-8.944271909999158554e-01,-1.341640786499873839e+00,-1.565247584249852775e+00,-2.906888370749726391e+00,-1.788854381999831711e+00,-2.236067977499789805e+00,-3.577708763999663422e+00,-3.354101966249684263e+00,-2.683281572999747677e+00,-4.024922359499621294e+00,-2.683281572999747677e+00,-6.708203932499368527e+00,-4.472135954999579610e+00,-3.577708763999663422e+00,-4.248529157249600452e+00,-2.906888370749726391e+00,6.708203932499369193e-01,4.472135954999579277e-01,-1.341640786499873839e+00,-2.012461179749810647e+00,-2.236067977499789639e-01,0.000000000000000000e+00,1.788854381999831711e+00,1.341640786499873839e+00,2.459674775249768519e+00,2.236067977499789805e+00,2.683281572999747677e+00,2.236067977499789805e+00,1.341640786499873839e+00,2.236067977499789805e+00,8.944271909999158554e-01,0.000000000000000000e+00,-2.236067977499789639e-01
-3.801315561749642136e+00,-4.919349550499537038e+00,-5.366563145999495354e+00,-7.155417527999326843e+00,-6.260990336999411099e+00,-7.826237921249263430e+00,-5.366563145999495354e+00,-5.813776741499452783e+00,-4.919349550499537038e+00,-2.683281572999747677e+00,-2.683281572999747677e+00,-1.565247584249852775e+00,-4.472135954999579277e-01,-2.236067977499789639e-01,8.944271909999158554e-01,1.565247584249852775e+00,1.565247584249852775e+00,2.683281572999747677e+00,1.118033988749894903e+00,-2.236067977499789639e-01,-2.236067977499789805e+00,-1.565247584249852775e+00,-3.577708763999663422e+00,-4.919349550499537038e+00,-4.472135954999579610e+00,-4.472135954999579610e+00,-3.801315561749642136e+00,-2.459674775249768519e+00,-3.354101966249684263e+00,-3.130495168499705549e+00,-3.130495168499705549e+00,-3.354101966249684263e+00,-3.801315561749642136e+00,-4.248529157249600452e+00,-4.248529157249600452e+00,-3.801315561749642136e+00,-4.472135954999579610e+00,-5.813776741499452783e+00,-6.260990336999411099e+00,-4.472135954999579610e+00,-3.354101966249684263e+00,-4.919349550499537038e+00,-3.130495168499705549e+00,-1.788854381999831711e+00,-1.341640786499873839e+00,-4.472135954999579277e-01,0.000000000000000000e+00,-1.565247584249852775e+00,-2.236067977499789639e-01,1.341640786499873839e+00,8.944271909999158554e-01,1.341640786499873839e+00,1.341640786499873839e+00,6.708203932499369193e-01,1.341640786499873839e+00,2.683281572999747677e+00,2.236067977499789805e+00,1.788854381999831711e+00,6.708203932499369193e-01,6.708203932499369193e-01,4.472135954999579277e-01,1.565247584249852775e+00,2.236067977499789805e+00,2.236067977499789805e+00,1.565247584249852775e+00,8.944271909999158554e-01,6.708203932499369193e-01,0.000000000000000000e+00,8.944271909999158554e-01,1.341640786499873839e+00,2.459674775249768519e+00,3.577708763999663422e+00,2.236067977499789805e+00,3.801315561749642136e+00,5.366563145999495354e+00,3.577708763999663422e+00,2.012461179749810647e+00,2.236067977499789639e-01,-2.012461179749810647e+00,-1.788854381999831711e+00,-1.788854381999831711e+00,-2.906888370749726391e+00,-2.459674775249768519e+00,-3.801315561749642136e+00,-6.037383539249431941e+00,-5.590169943749473624e+00,-4.919349550499537038e+00,-5.590169943749473624e+00,-6.037383539249431941e+00,-3.801315561749642136e+00,-3.130495168499705549e+00,-2.906888370749726391e+00,-1.788854381999831711e+00,-6.708203932499369193e-01,-6.708203932499369193e-01,2.236067977499789639e-01,8.944271909999158554e-01,6.708203932499369193e-01,-8.944271909999158554e-01,-6.708203932499369193e-01,-1.341640786499873839e+00,-1.788854381999831711e+00,-4.472135954999579277e-01,-6.708203932499369193e-01,8.944271909999158554e-01,8.944271909999158554e-01,6.708203932499369193e-01,2.906888370749726391e+00,1.118033988749894903e+00,8.944271909999158554e-01,2.236067977499789805e+00,1.788854381999831711e+00,2.236067977499789805e+00,1.341640786499873839e+00,3.801315561749642136e+00,4.248529157249600452e+00,4.248529157249600452e+00,4.472135954999579610e+00,4.472135954999579610e+00,5.813776741499452783e+00,5.590169943749473624e+00,5.142956348249516196e+00,3.801315561749642136e+00,4.248529157249600452e+00,5.142956348249516196e+00,4.695742752749557880e+00,4.695742752749557880e+00,3.801315561749642136e+00,3.801315561749642136e+00,5.366563145999495354e+00,4.695742752749557880e+00,5.366563145999495354e+00,5.366563145999495354e+00,5.142956348249516196e+00,3.801315561749642136e+00,2.459674775249768519e+00,1.341640786499873839e+00,1.788854381999831711e+00,1.118033988749894903e+00,2.012461179749810647e+00,1.341640786499873839e+00,4.472135954999579277e-01,1.341640786499873839e+00,1.788854381999831711e+00,8.944271909999158554e-01,1.118033988749894903e+00,1.565247584249852775e+00,3.130495168499705549e+00,4.024922359499621294e+00,2.683281572999747677e+00,5.142956348249516196e+00,3.130495168499705549e+00,3.130495168499705549e+00,3.130495168499705549e+00,2.236067977499789805e+00,3.354101966249684263e+00,3.354101966249684263e+00,4.248529157249600452e+00,4.248529157249600452e+00,5.142956348249516196e+00,3.801315561749642136e+00,5.366563145999495354e+00,5.142956348249516196e+00,3.801315561749642136e+00,1.565247584249852775e+00,3.354101966249684263e+00,3.577708763999663422e+00,3.801315561749642136e+00,2.012461179749810647e+00,2.683281572999747677e+00,2.459674775249768519e+00,2.012461179749810647e+00,2.236067977499789805e+00,3.801315561749642136e+00,4.024922359499621294e+00,3.130495168499705549e+00,1.565247584249852775e+00,1.788854381999831711e+00,8.944271909999158554e-01,1.118033988749894903e+00,1.118033988749894903e+00,-6.708203932499369193e-01,-2.012461179749810647e+00,-1.565247584249852775e+00,-2.906888370749726391e+00,-4.472135954999579610e+00,-3.577708763999663422e+00,-2.906888370749726391e+00,0.000000000000000000e+00,-1.341640786499873839e+00,-2.236067977499789639e-01,0.000000000000000000e+00,2.236067977499789639e-01,4.472135954999579277e-01,-2.236067977499789639e-01,0.000000000000000000e+00,-2.459674775249768519e+00,-2.459674775249768519e+00,-1.565247584249852775e+00,1.565247584249852775e+00,2.236067977499789805e+00,6.708203932499369193e-01,1.565247584249852775e+00,1.118033988749894903e+00,0.000000000000000000e+00,1.565247584249852775e+00,1.565247584249852775e+00,1.565247584249852775e+00,6.708203932499369193e-01,4.472135954999579277e-01,6.708203932499369193e-01,2.236067977499789639e-01,6.708203932499369193e-01,6.708203932499369193e-01,6.708203932499369193e-01,3.577708763999663422e+00,3.801315561749642136e+00,3.130495168499705549e+00,4.248529157249600452e+00,4.919349550499537038e+00,5.813776741499452783e+00,5.366563145999495354e+00,4.024922359499621294e+00,3.130495168499705549e+00,1.788854381999831711e+00,1.565247584249852775e+00,2.236067977499789805e+00,2.012461179749810647e+00,2.683281572999747677e+00,3.354101966249684263e+00,2.012461179749810647e+00,3.130495168499705549e+00,4.472135954999579277e-01,6.708203932499369193e-01,0.000000000000000000e+00,-1.565247584249852775e+00,-4.024922359499621294e+00,-4.024922359499621294e+00,-3.801315561749642136e+00,-4.024922359499621294e+00,-4.695742752749557880e+00,-4.472135954999579610e+00,-3.801315561749642136e+00,-4.248529157249600452e+00,-3.801315561749642136e+00,-2.459674775249768519e+00,-1.788854381999831711e+00,-6.708203932499369193e-01,2.236067977499789639e-01,1.788854381999831711e+00,1.565247584249852775e+00,8.944271909999158554e-01,1.565247584249852775e+00,6.708203932499369193e-01,4.472135954999579277e-01,1.565247584249852775e+00,1.565247584249852775e+00,2.236067977499789805e+00,2.906888370749726391e+00,1.788854381999831711e+00,3.354101966249684263e+00,2.012461179749810647e+00,1.341640786499873839e+00,2.459674775249768519e+00,2.236067977499789805e+00,6.931810730249347685e+00,4.472135954999579610e+00,2.683281572999747677e+00,2.683281572999747677e+00,2.459674775249768519e+00,3.801315561749642136e+00,2.683281572999747677e+00,2.459674775249768519e+00,3.801315561749642136e+00,2.012461179749810647e+00,2.236067977499789805e+00,2.236067977499789805e+00,3.130495168499705549e+00,4.024922359499621294e+00,3.577708763999663422e+00,2.459674775249768519e+00,1.788854381999831711e+00,2.236067977499789805e+00,1.565247584249852775e+00,4.472135954999579277e-01,-1.118033988749894903e+00,-6.708203932499369193e-01,2.236067977499789805e+00,2.236067977499789805e+00,2.459674775249768519e+00,1.788854381999831711e+00,1.118033988749894903e+00,4.472135954999579277e-01,6.708203932499369193e-01,8.944271909999158554e-01,1.118033988749894903e+00,1.788854381999831711e+00,0.000000000000000000e+00,-8.944271909999158554e-01,-2.236067977499789805e+00,-1.341640786499873839e+00,-8.944271909999158554e-01,-2.459674775249768519e+00,-1.565247584249852775e+00,-3.130495168499705549e+00,-2.459674775249768519e+00,-6.708203932499369193e-01,-8.944271909999158554e-01,-1.788854381999831711e+00,-3.577708763999663422e+00,-4.248529157249600452e+00,-4.248529157249600452e+00,-4.695742752749557880e+00,-2.906888370749726391e+00,-2.012461179749810647e+00,-2.683281572999747677e+00,-1.118033988749894903e+00,-1.788854381999831711e+00,-2.459674775249768519e+00,-2.906888370749726391e+00,-3.577708763999663422e+00,-2.906888370749726391e+00,-4.695742752749557880e+00,-4.695742752749557880e+00,-3.130495168499705549e+00,-3.130495168499705549e+00,-4.472135954999579610e+00,-5.142956348249516196e+00,-5.590169943749473624e+00,-6.484597134749389369e+00,-5.813776741499452783e+00,-4.695742752749557880e+00,-4.472135954999579610e+00,-2.906888370749726391e+00,-1.788854381999831711e+00,-8.944271909999158554e-01,-8.944271909999158554e-01,-6.708203932499369193e-01,4.472135954999579277e-01,4.472135954999579277e-01,-2.236067977499789639e-01,-1.118033988749894903e+00,-2.236067977499789805e+00,-2.459674775249768519e+00,-2.236067977499789639e-01,4.472135954999579277e-01,2.236067977499789805e+00,2.236067977499789639e-01,4.472135954999579277e-01,1.341640786499873839e+00,2.012461179749810647e+00,3.354101966249684263e+00,2.906888370749726391e+00,4.024922359499621294e+00,2.906888370749726391e+00,4.024922359499621294e+00,4.472135954999579610e+00,4.248529157249600452e+00,3.130495168499705549e+00,2.906888370749726391e+00,2.906888370749726391e+00,1.788854381999831711e+00,8.944271909999158554e-01,-1.565247584249852775e+00,-2.459674775249768519e+00,-3.130495168499705549e+00,-4.248529157249600452e+00,-4.024922359499621294e+00,-3.577708763999663422e+00,-1.118033988749894903e+00,0.000000000000000000e+00,8.944271909999158554e-01,-2.236067977499789639e-01,1.788854381999831711e+00,1.788854381999831711e+00,4.472135954999579277e-01,0.000000000000000000e+00,8.944271909999158554e-01,8.944271909999158554e-01,2.236067977499789639e-01,6.708203932499369193e-01,6.708203932499369193e-01,2.236067977499789639e-01,6.708203932499369193e-01,1.565247584249852775e+00,3.354101966249684263e+00,2.683281572999747677e+00,3.577708763999663422e+00,4.248529157249600452e+00,4.024922359499621294e+00,3.577708763999663422e+00,2.459674775249768519e+00,2.683281572999747677e+00,-2.236067977499789639e-01,-1.565247584249852775e+00,-8.944271909999158554e-01,-4.472135954999579277e-01,-2.012461179749810647e+00,-4.472135954999579277e-01,2.236067977499789639e-01,2.236067977499789639e-01,0.000000000000000000e+00,1.341640786499873839e+00,4.472135954999579277e-01,-1.341640786499873839e+00,-6.708203932499369193e-01,-2.236067977499789639e-01,-2.236067977499789639e-01,-2.459674775249768519e+00,-2.012461179749810647e+00,-1.565247584249852775e+00,-6.708203932499369193e-01,6.708203932499369193e-01,-6.708203932499369193e-01,4.472135954999579277e-01,8.944271909999158554e-01,1.118033988749894903e+00,1.788854381999831711e+00,1.565247584249852775e+00,2.012461179749810647e+00,1.341640786499873839e+00,1.118033988749894903e+00,6.708203932499369193e-01,-2.236067977499789639e-01,-2.012461179749810647e+00,-2.236067977499789805e+00,-4.472135954999579277e-01,-2.459674775249768519e+00,-3.577708763999663422e+00,-5.366563145999495354e+00,-5.813776741499452783e+00,-4.024922359499621294e+00,-2.683281572999747677e+00,-2.012461179749810647e+00,-3.577708763999663422e+00,-4.919349550499537038e+00,-6.037383539249431941e+00,-5.813776741499452783e+00,-4.248529157249600452e+00,-3.354101966249684263e+00,-3.577708763999663422e+00,-4.248529157249600452e+00,-6.037383539249431941e+00,-5.590169943749473624e+00,-5.590169943749473624e+00,-2.906888370749726391e+00,6.708203932499369193e-01,1.341640786499873839e+00,6.708203932499369193e-01,1.565247584249852775e+00,1.788854381999831711e+00,2.012461179749810647e+00,2.012461179749810647e+00,1.788854381999831711e+00,2.012461179749810647e+00,2.236067977499789639e-01,2.012461179749810647e+00,1.788854381999831711e+00,1.788854381999831711e+00,6.708203932499369193e-01,-2.012461179749810647e+00,-1.788854381999831711e+00,-2.012461179749810647e+00,-3.130495168499705549e+00,-3.354101966249684263e+00,-2.683281572999747677e+00,-3.577708763999663422e+00,-1.118033988749894903e+00,-1.341640786499873839e+00,-1.118033988749894903e+00,-2.236067977499789805e+00,-1.565247584249852775e+00,6.708203932499369193e-01,8.944271909999158554e-01,6.708203932499369193e-01,2.236067977499789639e-01,-4.472135954999579277e-01,-6.708203932499369193e-01,-1.341640786499873839e+00,0.000000000000000000e+00,4.472135954999579277e-01,-1.118033988749894903e+00,-6.708203932499369193e-01,-6.708203932499369193e-01,-3.801315561749642136e+00,-3.130495168499705549e+00,-3.354101966249684263e+00,-4.024922359499621294e+00,-4.024922359499621294e+00,-4.472135954999579610e+00,-4.024922359499621294e+00,-4.248529157249600452e+00,-6.037383539249431941e+00,-5.813776741499452783e+00,-6.260990336999411099e+00,-6.484597134749389369e+00,-6.484597134749389369e+00,-5.813776741499452783e+00,-5.813776741499452783e+00,-5.366563145999495354e+00
-2.459674775249768519e+00,-8.944271909999158554e-01,8.944271909999158554e-01,0.000000000000000000e+00,2.236067977499789639e-01,2.236067977499789639e-01,-6.708203932499369193e-01,-8.944271909999158554e-01,8.944271909999158554e-01,3.354101966249684263e+00,5.142956348249516196e+00,5.366563145999495354e+00,4.024922359499621294e+00,6.260990336999411099e+00,3.354101966249684263e+00,3.577708763999663422e+00,4.472135954999579610e+00,4.024922359499621294e+00,4.472135954999579610e+00,4.919349550499537038e+00,4.695742752749557880e+00,5.590169943749473624e+00,7.379024325749306001e+00,5.813776741499452783e+00,6.484597134749389369e+00,5.590169943749473624e+00,6.708203932499368527e+00,5.366563145999495354e+00,6.708203932499368527e+00,4.919349550499537038e+00,5.590169943749473624e+00,6.708203932499368527e+00,4.248529157249600452e+00,6.037383539249431941e+00,6.484597134749389369e+00,5.590169943749473624e+00,5.590169943749473624e+00,6.708203932499368527e+00,4.248529157249600452e+00,5.366563145999495354e+00,5.813776741499452783e+00,4.472135954999579610e+00,4.248529157249600452e+00,3.130495168499705549e+00,3.354101966249684263e+00,5.366563145999495354e+00,4.024922359499621294e+00,4.248529157249600452e+00,3.577708763999663422e+00,5.142956348249516196e+00,2.459674775249768519e+00,2.236067977499789805e+00,2.012461179749810647e+00,8.944271909999158554e-01,1.565247584249852775e+00,1.118033988749894903e+00,2.236067977499789805e+00,6.708203932499369193e-01,1.118033988749894903e+00,1.788854381999831711e+00,3.354101966249684263e+00,4.472135954999579610e+00,3.130495168499705549e+00,2.236067977499789805e+00,4.472135954999579277e-01,1.565247584249852775e+00,1.118033988749894903e+00,2.236067977499789805e+00,-1.118033988749894903e+00,-1.565247584249852775e+00,-6.708203932499369193e-01,-1.341640786499873839e+00,-1.118033988749894903e+00,-8.944271909999158554e-01,-8.944271909999158554e-01,2.236067977499789639e-01,-3.801315561749642136e+00,-4.248529157249600452e+00,-5.142956348249516196e+00,-3.801315561749642136e+00,-6.037383539249431941e+00,-5.142956348249516196e+00,-4.919349550499537038e+00,-4.695742752749557880e+00,-4.248529157249600452e+00,-4.695742752749557880e+00,-3.577708763999663422e+00,-5.142956348249516196e+00,-2.906888370749726391e+00,-8.944271909999158554e-01,2.236067977499789639e-01,1.341640786499873839e+00,2.459674775249768519e+00,3.354101966249684263e+00,3.577708763999663422e+00,3.354101966249684263e+00,2.683281572999747677e+00,2.459674775249768519e+00,3.801315561749642136e+00,4.472135954999579610e+00,3.577708763999663422e+00,3.354101966249684263e+00,2.459674775249768519e+00,2.236067977499789639e-01,1.118033988749894903e+00,3.354101966249684263e+00,1.341640786499873839e+00,6.708203932499369193e-01,-4.472135954999579277e-01,2.236067977499789639e-01,-1.565247584249852775e+00,-4.472135954999579277e-01,-2.236067977499789639e-01,-2.236067977499789639e-01,-8.944271909999158554e-01,-4.472135954999579277e-01,-1.341640786499873839e+00,-1.788854381999831711e+00,-1.341640786499873839e+00,-2.236067977499789805e+00,-2.012461179749810647e+00,-2.236067977499789805e+00,-2.012461179749810647e+00,-1.341640786499873839e+00,-2.683281572999747677e+00,-2.906888370749726391e+00,-3.801315561749642136e+00,-3.354101966249684263e+00,-3.577708763999663422e+00,-2.906888370749726391e+00,-2.459674775249768519e+00,-2.906888370749726391e+00,-2.906888370749726391e+00,-1.341640786499873839e+00,-1.788854381999831711e+00,-1.565247584249852775e+00,-1.565247584249852775e+00,-1.341640786499873839e+00,-6.708203932499369193e-01,-3.577708763999663422e+00,-4.024922359499621294e+00,-2.683281572999747677e+00,-2.459674775249768519e+00,-2.459674775249768519e+00,-3.354101966249684263e+00,-4.024922359499621294e+00,-4.472135954999579610e+00,-4.472135954999579610e+00,-2.459674775249768519e+00,-2.012461179749810647e+00,-2.459674775249768519e+00,-1.118033988749894903e+00,-8.944271909999158554e-01,2.236067977499789639e-01,4.472135954999579277e-01,8.944271909999158554e-01,1.118033988749894903e+00,4.024922359499621294e+00,2.683281572999747677e+00,4.472135954999579610e+00,3.801315561749642136e+00,4.695742752749557880e+00,4.472135954999579610e+00,4.695742752749557880e+00,3.577708763999663422e+00,4.248529157249600452e+00,6.484597134749389369e+00,7.826237921249263430e+00,8.497058314499200904e+00,8.049844718999242588e+00,7.826237921249263430e+00,4.248529157249600452e+00,6.484597134749389369e+00,4.919349550499537038e+00,3.801315561749642136e+00,2.683281572999747677e+00,3.354101966249684263e+00,2.906888370749726391e+00,3.130495168499705549e+00,1.565247584249852775e+00,1.565247584249852775e+00,-2.236067977499789639e-01,-6.708203932499369193e-01,-1.341640786499873839e+00,-2.236067977499789639e-01,2.236067977499789639e-01,4.472135954999579277e-01,2.236067977499789639e-01,4.472135954999579277e-01,4.472135954999579277e-01,8.944271909999158554e-01,2.012461179749810647e+00,4.472135954999579277e-01,1.118033988749894903e+00,2.906888370749726391e+00,4.472135954999579277e-01,-1.118033988749894903e+00,-8.944271909999158554e-01,1.788854381999831711e+00,-6.708203932499369193e-01,-4.472135954999579277e-01,-1.118033988749894903e+00,-1.341640786499873839e+00,-2.012461179749810647e+00,-1.788854381999831711e+00,-4.472135954999579277e-01,6.708203932499369193e-01,1.565247584249852775e+00,-4.472135954999579277e-01,-8.944271909999158554e-01,-1.341640786499873839e+00,6.708203932499369193e-01,6.708203932499369193e-01,2.236067977499789639e-01,8.944271909999158554e-01,8.944271909999158554e-01,-1.118033988749894903e+00,-4.024922359499621294e+00,-1.565247584249852775e+00,-6.708203932499369193e-01,-1.118033988749894903e+00,-2.906888370749726391e+00,-2.236067977499789805e+00,-1.788854381999831711e+00,-4.472135954999579277e-01,1.341640786499873839e+00,2.906888370749726391e+00,1.341640786499873839e+00,2.236067977499789805e+00,1.788854381999831711e+00,-6.708203932499369193e-01,-2.236067977499789805e+00,-2.683281572999747677e+00,-3.577708763999663422e+00,-3.801315561749642136e+00,-2.012461179749810647e+00,-1.565247584249852775e+00,-2.012461179749810647e+00,-8.944271909999158554e-01,-2.236067977499789639e-01,2.236067977499789639e-01,2.236067977499789639e-01,-1.788854381999831711e+00,-1.341640786499873839e+00,-6.708203932499369193e-01,1.341640786499873839e+00,2.683281572999747677e+00,2.236067977499789805e+00,1.788854381999831711e+00,3.354101966249684263e+00,3.801315561749642136e+00,1.341640786499873839e+00,0.000000000000000000e+00,-4.472135954999579277e-01,-2.236067977499789639e-01,4.472135954999579277e-01,6.708203932499369193e-01,1.118033988749894903e+00,1.118033988749894903e+00,2.683281572999747677e+00,2.906888370749726391e+00,3.354101966249684263e+00,2.906888370749726391e+00,3.801315561749642136e+00,5.142956348249516196e+00,4.024922359499621294e+00,4.024922359499621294e+00,4.695742752749557880e+00,4.472135954999579610e+00,3.801315561749642136e+00,3.801315561749642136e+00,4.248529157249600452e+00,5.142956348249516196e+00,4.695742752749557880e+00,5.813776741499452783e+00,6.260990336999411099e+00,6.037383539249431941e+00,3.354101966249684263e+00,5.142956348249516196e+00,4.248529157249600452e+00,5.366563145999495354e+00,4.695742752749557880e+00,3.354101966249684263e+00,3.354101966249684263e+00,5.142956348249516196e+00,2.906888370749726391e+00,2.683281572999747677e+00,2.459674775249768519e+00,4.024922359499621294e+00,4.024922359499621294e+00,2.683281572999747677e+00,8.944271909999158554e-01,1.118033988749894903e+00,2.236067977499789639e-01,-6.708203932499369193e-01,-2.906888370749726391e+00,-3.130495168499705549e+00,-2.683281572999747677e+00,-3.577708763999663422e+00,-4.472135954999579610e+00,-2.906888370749726391e+00,-1.788854381999831711e+00,-2.236067977499789805e+00,-2.012461179749810647e+00,-2.906888370749726391e+00,-1.788854381999831711e+00,-3.354101966249684263e+00,-3.130495168499705549e+00,-3.130495168499705549e+00,-4.024922359499621294e+00,-3.130495168499705549e+00,-2.012461179749810647e+00,-2.236067977499789805e+00,-2.012461179749810647e+00,-2.012461179749810647e+00,-2.012461179749810647e+00,-1.565247584249852775e+00,-1.565247584249852775e+00,-2.236067977499789639e-01,-8.944271909999158554e-01,-2.683281572999747677e+00,-6.708203932499369193e-01,-1.565247584249852775e+00,-4.472135954999579277e-01,6.708203932499369193e-01,0.000000000000000000e+00,2.236067977499789639e-01,2.459674775249768519e+00,3.577708763999663422e+00,4.024922359499621294e+00,3.130495168499705549e+00,1.341640786499873839e+00,1.341640786499873839e+00,1.788854381999831711e+00,3.130495168499705549e+00,1.341640786499873839e+00,8.944271909999158554e-01,-4.472135954999579277e-01,0.000000000000000000e+00,1.788854381999831711e+00,2.906888370749726391e+00,2.906888370749726391e+00,1.341640786499873839e+00,1.788854381999831711e+00,1.565247584249852775e+00,-6.708203932499369193e-01,-1.565247584249852775e+00,-2.012461179749810647e+00,-4.472135954999579277e-01,-1.118033988749894903e+00,8.944271909999158554e-01,1.341640786499873839e+00,2.236067977499789805e+00,2.012461179749810647e+00,2.236067977499789805e+00,3.354101966249684263e+00,4.695742752749557880e+00,4.248529157249600452e+00,3.801315561749642136e+00,2.683281572999747677e+00,1.118033988749894903e+00,2.459674775249768519e+00,3.801315561749642136e+00,2.906888370749726391e+00,1.788854381999831711e+00,2.906888370749726391e+00,2.236067977499789805e+00,1.788854381999831711e+00,2.459674775249768519e+00,2.236067977499789805e+00,2.683281572999747677e+00,1.788854381999831711e+00,-1.341640786499873839e+00,8.944271909999158554e-01,6.708203932499369193e-01,6.708203932499369193e-01,-2.236067977499789639e-01,6.708203932499369193e-01,4.472135954999579277e-01,-1.788854381999831711e+00,-2.236067977499789805e+00,-1.341640786499873839e+00,-6.708203932499369193e-01,1.341640786499873839e+00,1.565247584249852775e+00,2.683281572999747677e+00,2.683281572999747677e+00,2.012461179749810647e+00,1.118033988749894903e+00,1.341640786499873839e+00,6.708203932499369193e-01,0.000000000000000000e+00,-8.944271909999158554e-01,-2.683281572999747677e+00,-2.012461179749810647e+00,-1.565247584249852775e+00,-2.459674775249768519e+00,-2.683281572999747677e+00,-2.236067977499789805e+00,-3.801315561749642136e+00,-4.472135954999579277e-01,-2.236067977499789805e+00,-1.565247584249852775e+00,-1.788854381999831711e+00,-1.788854381999831711e+00,-2.012461179749810647e+00,-8.944271909999158554e-01,-8.944271909999158554e-01,4.472135954999579277e-01,-6.708203932499369193e-01,4.472135954999579277e-01,2.236067977499789805e+00,4.024922359499621294e+00,2.683281572999747677e+00,1.788854381999831711e+00,2.236067977499789639e-01,-1.341640786499873839e+00,-1.341640786499873839e+00,6.708203932499369193e-01,1.118033988749894903e+00,2.012461179749810647e+00,6.708203932499369193e-01,-4.472135954999579277e-01,2.236067977499789639e-01,1.341640786499873839e+00,1.341640786499873839e+00,2.683281572999747677e+00,3.130495168499705549e+00,3.577708763999663422e+00,2.683281572999747677e+00,3.354101966249684263e+00,4.248529157249600452e+00,5.366563145999495354e+00,5.813776741499452783e+00,5.142956348249516196e+00,4.919349550499537038e+00,4.695742752749557880e+00,4.248529157249600452e+00,4.024922359499621294e+00,4.472135954999579610e+00,2.459674775249768519e+00,2.459674775249768519e+00,2.683281572999747677e+00,2.683281572999747677e+00,2.012461179749810647e+00,1.341640786499873839e+00,4.472135954999579277e-01,-1.341640786499873839e+00,-1.565247584249852775e+00,-2.236067977499789805e+00,-1.341640786499873839e+00,-4.472135954999579277e-01,-4.472135954999579277e-01,4.472135954999579277e-01,1.565247584249852775e+00,-4.472135954999579277e-01,-8.944271909999158554e-01,-2.012461179749810647e+00,-1.565247584249852775e+00,-2.236067977499789639e-01,-1.341640786499873839e+00,-2.236067977499789639e-01,-1.788854381999831711e+00,-2.236067977499789805e+00,-2.906888370749726391e+00,-4.248529157249600452e+00,-3.577708763999663422e+00,-2.906888370749726391e+00,-4.024922359499621294e+00,-4.248529157249600452e+00,-4.472135954999579610e+00,-3.577708763999663422e+00,-3.354101966249684263e+00,-5.366563145999495354e+00,-4.248529157249600452e+00,-4.919349550499537038e+00,-7.155417527999326843e+00,-7.155417527999326843e+00,-5.813776741499452783e+00,-5.366563145999495354e+00,-5.590169943749473624e+00,-8.049844718999242588e+00,-6.708203932499368527e+00,-6.708203932499368527e+00,-8.497058314499200904e+00,-7.602631123499284271e+00,-6.037383539249431941e+00,-5.142956348249516196e+00,-3.801315561749642136e+00,-3.577708763999663422e+00,-4.472135954999579610e+00,-6.260990336999411099e+00,-4.695742752749557880e+00,-4.472135954999579610e+00,-4.919349550499537038e+00,-4.919349550499537038e+00,-4.024922359499621294e+00,-5.142956348249516196e+00,-6.708203932499368527e+00,-6.260990336999411099e+00
-4.919349550499537038e+00,-6.037383539249431941e+00,-4.919349550499537038e+00,-2.236067977499789805e+00,4.472135954999579277e-01,0.000000000000000000e+00,1.118033988749894903e+00,2.236067977499789639e-01,0.000000000000000000e+00,1.118033988749894903e+00,-1.565247584249852775e+00,-6.708203932499369193e-01,-1.118033988749894903e+00,-1.341640786499873839e+00,-1.788854381999831711e+00,-2.012461179749810647e+00,-8.944271909999158554e-01,-1.341640786499873839e+00,-1.565247584249852775e+00,-8.944271909999158554e-01,4.472135954999579277e-01,-2.012461179749810647e+00,-6.708203932499369193e-01,1.118033988749894903e+00,6.708203932499369193e-01,2.236067977499789639e-01,0.000000000000000000e+00,-2.236067977499789639e-01,0.000000000000000000e+00,0.000000000000000000e+00,6.708203932499369193e-01,1.341640786499873839e+00,-2.236067977499789639e-01,-2.236067977499789639e-01,-4.472135954999579277e-01,-6.708203932499369193e-01,-2.236067977499789639e-01,-6.708203932499369193e-01,-2.012461179749810647e+00,-1.118033988749894903e+00,-6.708203932499369193e-01,-3.130495168499705549e+00,-3.354101966249684263e+00,-2.236067977499789805e+00,-1.118033988749894903e+00,6.708203932499369193e-01,1.788854381999831711e+00,3.130495168499705549e+00,1.788854381999831711e+00,1.118033988749894903e+00,1.118033988749894903e+00,-1.341640786499873839e+00,0.000000000000000000e+00,0.000000000000000000e+00,-2.236067977499789639e-01,-6.708203932499369193e-01,8.944271909999158554e-01,1.118033988749894903e+00,8.944271909999158554e-01,1.118033988749894903e+00,1.118033988749894903e+00,3.354101966249684263e+00,-2.236067977499789639e-01,-6.708203932499369193e-01,-1.341640786499873839e+00,0.000000000000000000e+00,-2.236067977499789639e-01,-4.472135954999579277e-01,4.472135954999579277e-01,-6.708203932499369193e-01,-1.118033988749894903e+00,-8.944271909999158554e-01,-8.944271909999158554e-01,-2.459674775249768519e+00,-2.236067977499789805e+00,-1.118033988749894903e+00,-2.012461179749810647e+00,-2.236067977499789639e-01,0.000000000000000000e+00,-6.708203932499369193e-01,-2.683281572999747677e+00,-2.236067977499789805e+00,-2.459674775249768519e+00,-2.236067977499789805e+00,-1.118033988749894903e+00,6.708203932499369193e-01,0.000000000000000000e+00,-2.236067977499789639e-01,8.944271909999158554e-01,-6.708203932499369193e-01,0.000000000000000000e+00,-1.788854381999831711e+00,-1.788854381999831711e+00,-2.236067977499789639e-01,1.341640786499873839e+00,1.118033988749894903e+00,1.118033988749894903e+00,1.118033988749894903e+00,2.236067977499789639e-01,6.708203932499369193e-01,2.012461179749810647e+00,1.341640786499873839e+00,2.236067977499789639e-01,8.944271909999158554e-01,2.236067977499789639e-01,1.118033988749894903e+00,2.906888370749726391e+00,4.248529157249600452e+00,2.236067977499789805e+00,1.118033988749894903e+00,1.565247584249852775e+00,1.341640786499873839e+00,2.236067977499789639e-01,2.236067977499789639e-01,6.708203932499369193e-01,8.944271909999158554e-01,4.472135954999579277e-01,-4.472135954999579277e-01,-2.012461179749810647e+00,-2.236067977499789805e+00,-1.788854381999831711e+00,-2.906888370749726391e+00,-2.683281572999747677e+00,-4.695742752749557880e+00,-5.142956348249516196e+00,-5.813776741499452783e+00,-5.813776741499452783e+00,-6.484597134749389369e+00,-6.260990336999411099e+00,-4.024922359499621294e+00,-4.248529157249600452e+00,-3.801315561749642136e+00,-1.788854381999831711e+00,-2.236067977499789805e+00,-1.118033988749894903e+00,6.708203932499369193e-01,0.000000000000000000e+00,-2.012461179749810647e+00,-2.236067977499789805e+00,-3.354101966249684263e+00,-3.577708763999663422e+00,-2.459674775249768519e+00,-2.012461179749810647e+00,-1.341640786499873839e+00,-8.944271909999158554e-01,-4.472135954999579277e-01,-2.236067977499789639e-01,1.788854381999831711e+00,-8.944271909999158554e-01,-2.236067977499789639e-01,-6.708203932499369193e-01,-8.944271909999158554e-01,-8.944271909999158554e-01,-1.118033988749894903e+00,-1.341640786499873839e+00,-2.236067977499789805e+00,-2.236067977499789639e-01,-8.944271909999158554e-01,1.341640786499873839e+00,1.341640786499873839e+00,1.788854381999831711e+00,1.788854381999831711e+00,3.577708763999663422e+00,2.459674775249768519e+00,-2.236067977499789639e-01,-8.944271909999158554e-01,2.236067977499789639e-01,-1.341640786499873839e+00,4.472135954999579277e-01,-1.341640786499873839e+00,-2.012461179749810647e+00,-2.236067977499789805e+00,-2.012461179749810647e+00,-1.341640786499873839e+00,-2.012461179749810647e+00,-3.577708763999663422e+00,-3.801315561749642136e+00,-1.788854381999831711e+00,-3.130495168499705549e+00,-6.708203932499369193e-01,-1.341640786499873839e+00,1.341640786499873839e+00,1.788854381999831711e+00,1.118033988749894903e+00,-1.118033988749894903e+00,-2.012461179749810647e+00,-1.788854381999831711e+00,-2.459674775249768519e+00,-4.248529157249600452e+00,-3.130495168499705549e+00,-2.012461179749810647e+00,-2.236067977499789639e-01,-8.944271909999158554e-01,0.000000000000000000e+00,6.708203932499369193e-01,-2.236067977499789639e-01,1.788854381999831711e+00,1.341640786499873839e+00,6.708203932499369193e-01,2.236067977499789639e-01,0.000000000000000000e+00,4.472135954999579277e-01,0.000000000000000000e+00,1.788854381999831711e+00,3.130495168499705549e+00,2.906888370749726391e+00,2.459674775249768519e+00,2.906888370749726391e+00,3.130495168499705549e+00,1.788854381999831711e+00,1.118033988749894903e+00,2.236067977499789639e-01,-2.683281572999747677e+00,-1.565247584249852775e+00,4.472135954999579277e-01,-2.236067977499789639e-01,1.118033988749894903e+00,1.565247584249852775e+00,3.577708763999663422e+00,1.565247584249852775e+00,4.472135954999579277e-01,1.118033988749894903e+00,-6.708203932499369193e-01,-1.341640786499873839e+00,-4.472135954999579277e-01,2.236067977499789639e-01,-2.236067977499789639e-01,-4.472135954999579277e-01,6.708203932499369193e-01,1.788854381999831711e+00,2.012461179749810647e+00,2.236067977499789639e-01,0.000000000000000000e+00,-2.236067977499789639e-01,-2.012461179749810647e+00,2.236067977499789639e-01,8.944271909999158554e-01,8.944271909999158554e-01,3.130495168499705549e+00,4.024922359499621294e+00,3.354101966249684263e+00,2.683281572999747677e+00,2.906888370749726391e+00,3.801315561749642136e+00,5.813776741499452783e+00,4.919349550499537038e+00,2.459674775249768519e+00,1.565247584249852775e+00,3.577708763999663422e+00,3.577708763999663422e+00,4.695742752749557880e+00,6.260990336999411099e+00,6.931810730249347685e+00,5.813776741499452783e+00,3.801315561749642136e+00,2.236067977499789805e+00,2.459674775249768519e+00,8.944271909999158554e-01,8.944271909999158554e-01,1.118033988749894903e+00,-4.472135954999579277e-01,-1.788854381999831711e+00,-1.118033988749894903e+00,0.000000000000000000e+00,1.118033988749894903e+00,2.459674775249768519e+00,3.577708763999663422e+00,3.801315561749642136e+00,2.012461179749810647e+00,3.130495168499705549e+00,1.788854381999831711e+00,2.012461179749810647e+00,6.708203932499369193e-01,6.708203932499369193e-01,2.236067977499789639e-01,-4.472135954999579277e-01,-1.788854381999831711e+00,-1.788854381999831711e+00,-2.012461179749810647e+00,-1.341640786499873839e+00,1.565247584249852775e+00,1.565247584249852775e+00,6.708203932499369193e-01,2.459674775249768519e+00,2.236067977499789805e+00,2.236067977499789805e+00,2.236067977499789805e+00,2.012461179749810647e+00,8.944271909999158554e-01,1.118033988749894903e+00,0.000000000000000000e+00,-1.118033988749894903e+00,-1.788854381999831711e+00,-2.236067977499789805e+00,-3.801315561749642136e+00,-4.024922359499621294e+00,-4.248529157249600452e+00,-2.459674775249768519e+00,-1.341640786499873839e+00,0.000000000000000000e+00,1.788854381999831711e+00,2.906888370749726391e+00,1.565247584249852775e+00,1.565247584249852775e+00,3.577708763999663422e+00,4.919349550499537038e+00,5.590169943749473624e+00,6.931810730249347685e+00,5.813776741499452783e+00,4.248529157249600452e+00,5.142956348249516196e+00,4.248529157249600452e+00,4.919349550499537038e+00,5.366563145999495354e+00,4.919349550499537038e+00,4.919349550499537038e+00,6.260990336999411099e+00,7.155417527999326843e+00,7.379024325749306001e+00,6.484597134749389369e+00,6.260990336999411099e+00,6.931810730249347685e+00,8.720665112249179174e+00,7.826237921249263430e+00,7.155417527999326843e+00,7.602631123499284271e+00,7.826237921249263430e+00,1.006230589874905235e+01,8.049844718999242588e+00,8.720665112249179174e+00,7.155417527999326843e+00,5.590169943749473624e+00,5.813776741499452783e+00,2.906888370749726391e+00,1.341640786499873839e+00,4.472135954999579277e-01,2.012461179749810647e+00,3.577708763999663422e+00,4.024922359499621294e+00,3.577708763999663422e+00,4.919349550499537038e+00,4.695742752749557880e+00,4.919349550499537038e+00,3.577708763999663422e+00,6.037383539249431941e+00,7.155417527999326843e+00,7.826237921249263430e+00,8.049844718999242588e+00,9.167878707749137490e+00,8.720665112249179174e+00,1.050951949424901066e+01,8.944271909999159220e+00,8.944271909999159220e+00,8.049844718999242588e+00,7.379024325749306001e+00,6.931810730249347685e+00,5.813776741499452783e+00,5.813776741499452783e+00,6.037383539249431941e+00,7.155417527999326843e+00,7.155417527999326843e+00,6.708203932499368527e+00,6.037383539249431941e+00,2.906888370749726391e+00,-4.472135954999579277e-01,6.708203932499369193e-01,8.944271909999158554e-01,3.354101966249684263e+00,3.577708763999663422e+00,3.354101966249684263e+00,4.472135954999579610e+00,6.037383539249431941e+00,5.813776741499452783e+00,6.931810730249347685e+00,4.472135954999579610e+00,3.801315561749642136e+00,4.024922359499621294e+00,3.130495168499705549e+00,2.459674775249768519e+00,2.012461179749810647e+00,4.248529157249600452e+00,5.590169943749473624e+00,5.142956348249516196e+00,5.813776741499452783e+00,5.366563145999495354e+00,5.142956348249516196e+00,3.577708763999663422e+00,5.142956348249516196e+00,2.906888370749726391e+00,2.906888370749726391e+00,1.341640786499873839e+00,2.012461179749810647e+00,3.130495168499705549e+00,2.683281572999747677e+00,2.683281572999747677e+00,4.919349550499537038e+00,4.472135954999579610e+00,3.354101966249684263e+00,3.801315561749642136e+00,3.577708763999663422e+00,8.944271909999158554e-01,-4.472135954999579277e-01,-6.708203932499369193e-01,2.236067977499789805e+00,2.236067977499789805e+00,2.459674775249768519e+00,3.577708763999663422e+00,3.801315561749642136e+00,3.801315561749642136e+00,4.472135954999579610e+00,3.354101966249684263e+00,3.801315561749642136e+00,3.801315561749642136e+00,2.906888370749726391e+00,1.341640786499873839e+00,3.130495168499705549e+00,2.683281572999747677e+00,2.236067977499789805e+00,1.118033988749894903e+00,1.565247584249852775e+00,3.130495168499705549e+00,2.906888370749726391e+00,3.577708763999663422e+00,3.354101966249684263e+00,2.459674775249768519e+00,3.130495168499705549e+00,4.024922359499621294e+00,1.118033988749894903e+00,2.683281572999747677e+00,8.944271909999158554e-01,4.472135954999579277e-01,2.236067977499789639e-01,-1.341640786499873839e+00,-2.459674775249768519e+00,-2.683281572999747677e+00,-2.459674775249768519e+00,-3.130495168499705549e+00,-1.788854381999831711e+00,-2.906888370749726391e+00,-2.906888370749726391e+00,-2.906888370749726391e+00,-1.565247584249852775e+00,-2.012461179749810647e+00,-2.459674775249768519e+00,-4.472135954999579610e+00,-4.919349550499537038e+00,-5.142956348249516196e+00,-4.695742752749557880e+00,-6.037383539249431941e+00,-5.366563145999495354e+00,-4.248529157249600452e+00,-3.577708763999663422e+00,-3.577708763999663422e+00,-2.459674775249768519e+00,-4.248529157249600452e+00,-6.037383539249431941e+00,-8.273451516749220858e+00,-6.260990336999411099e+00,-5.590169943749473624e+00,-4.919349550499537038e+00,-2.683281572999747677e+00,-2.236067977499789805e+00,-1.788854381999831711e+00,-3.577708763999663422e+00,-2.459674775249768519e+00,-4.024922359499621294e+00,-4.024922359499621294e+00,-1.565247584249852775e+00,-1.118033988749894903e+00,2.236067977499789639e-01,6.708203932499369193e-01,0.000000000000000000e+00,-2.236067977499789805e+00,-3.801315561749642136e+00,-3.354101966249684263e+00,-2.906888370749726391e+00,-1.118033988749894903e+00,-4.472135954999579277e-01,-2.236067977499789639e-01,4.472135954999579277e-01,8.944271909999158554e-01,2.236067977499789805e+00,1.118033988749894903e+00,2.012461179749810647e+00,1.565247584249852775e+00,2.459674775249768519e+00,2.236067977499789805e+00,1.565247584249852775e+00,2.236067977499789639e-01,-2.236067977499789805e+00,-2.683281572999747677e+00,-3.130495168499705549e+00,-2.236067977499789805e+00,-2.906888370749726391e+00,-4.248529157249600452e+00,-5.590169943749473624e+00,-5.142956348249516196e+00,-5.590169943749473624e+00,-6.260990336999411099e+00,-4.919349550499537038e+00
-2.236067977499789805e+00,-1.788854381999831711e+00,-3.130495168499705549e+00,-2.683281572999747677e+00,-3.130495168499705549e+00,-4.024922359499621294e+00,-4.248529157249600452e+00,-5.142956348249516196e+00,-5.590169943749473624e+00,-6.484597134749389369e+00,-6.708203932499368527e+00,-5.813776741499452783e+00,-3.354101966249684263e+00,-3.354101966249684263e+00,-2.906888370749726391e+00,-3.577708763999663422e+00,-2.459674775249768519e+00,-4.024922359499621294e+00,-5.590169943749473624e+00,-5.142956348249516196e+00,-4.248529157249600452e+00,-6.931810730249347685e+00,-6.931810730249347685e+00,-7.602631123499284271e+00,-8.049844718999242588e+00,-7.155417527999326843e+00,-6.708203932499368527e+00,-6.484597134749389369e+00,-6.484597134749389369e+00,-5.590169943749473624e+00,-5.142956348249516196e+00,-4.024922359499621294e+00,-2.683281572999747677e+00,-1.788854381999831711e+00,-1.341640786499873839e+00,-2.012461179749810647e+00,-2.012461179749810647e+00,-3.130495168499705549e+00,-1.565247584249852775e+00,-2.012461179749810647e+00,-1.341640786499873839e+00,-2.683281572999747677e+00,-2.236067977499789805e+00,-2.683281572999747677e+00,-2.906888370749726391e+00,-5.590169943749473624e+00,-3.354101966249684263e+00,-2.906888370749726391e+00,-4.024922359499621294e+00,-2.459674775249768519e+00,-1.565247584249852775e+00,-1.788854381999831711e+00,-1.565247584249852775e+00,-8.944271909999158554e-01,4.472135954999579277e-01,2.683281572999747677e+00,2.236067977499789805e+00,3.130495168499705549e+00,4.919349550499537038e+00,4.695742752749557880e+00,5.590169943749473624e+00,6.484597134749389369e+00,5.590169943749473624e+00,3.801315561749642136e+00,5.813776741499452783e+00,5.366563145999495354e+00,5.590169943749473624e+00,4.472135954999579610e+00,5.366563145999495354e+00,3.577708763999663422e+00,2.459674775249768519e+00,2.012461179749810647e+00,-6.708203932499369193e-01,-8.944271909999158554e-01,-4.472135954999579277e-01,-2.459674775249768519e+00,-3.577708763999663422e+00,-2.683281572999747677e+00,-3.130495168499705549e+00,-3.354101966249684263e+00,-2.683281572999747677e+00,-2.236067977499789639e-01,4.472135954999579277e-01,4.472135954999579277e-01,1.788854381999831711e+00,6.708203932499369193e-01,8.944271909999158554e-01,2.236067977499789639e-01,6.708203932499369193e-01,0.000000000000000000e+00,8.944271909999158554e-01,8.944271909999158554e-01,1.565247584249852775e+00,-1.118033988749894903e+00,-6.708203932499369193e-01,-8.944271909999158554e-01,-6.708203932499369193e-01,-1.118033988749894903e+00,-2.683281572999747677e+00,-3.354101966249684263e+00,-4.024922359499621294e+00,-3.801315561749642136e+00,-4.024922359499621294e+00,-2.236067977499789805e+00,-3.130495168499705549e+00,-3.354101966249684263e+00,-5.590169943749473624e+00,-6.708203932499368527e+00,-5.366563145999495354e+00,-5.590169943749473624e+00,-6.708203932499368527e+00,-5.590169943749473624e+00,-6.484597134749389369e+00,-6.931810730249347685e+00,-5.142956348249516196e+00,-2.683281572999747677e+00,-1.788854381999831711e+00,-4.472135954999579277e-01,-4.472135954999579277e-01,6.708203932499369193e-01,-1.565247584249852775e+00,-2.683281572999747677e+00,-1.118033988749894903e+00,-1.788854381999831711e+00,-2.236067977499789805e+00,-1.341640786499873839e+00,-1.565247584249852775e+00,-6.708203932499369193e-01,-2.236067977499789805e+00,-3.577708763999663422e+00,-4.024922359499621294e+00,-3.354101966249684263e+00,-4.024922359499621294e+00,-4.472135954999579610e+00,-3.801315561749642136e+00,-1.788854381999831711e+00,4.472135954999579277e-01,-2.236067977499789639e-01,4.472135954999579277e-01,0.000000000000000000e+00,-6.708203932499369193e-01,6.708203932499369193e-01,2.906888370749726391e+00,3.354101966249684263e+00,5.142956348249516196e+00,3.130495168499705549e+00,2.683281572999747677e+00,6.708203932499369193e-01,0.000000000000000000e+00,1.341640786499873839e+00,-6.708203932499369193e-01,-1.118033988749894903e+00,-4.472135954999579277e-01,6.708203932499369193e-01,6.708203932499369193e-01,0.000000000000000000e+00,1.118033988749894903e+00,1.565247584249852775e+00,2.012461179749810647e+00,1.341640786499873839e+00,4.472135954999579277e-01,1.341640786499873839e+00,4.248529157249600452e+00,4.919349550499537038e+00,4.472135954999579610e+00,5.142956348249516196e+00,5.590169943749473624e+00,2.683281572999747677e+00,1.788854381999831711e+00,2.459674775249768519e+00,4.472135954999579277e-01,-6.708203932499369193e-01,0.000000000000000000e+00,-2.236067977499789639e-01,2.236067977499789639e-01,8.944271909999158554e-01,4.472135954999579277e-01,1.118033988749894903e+00,1.341640786499873839e+00,6.708203932499369193e-01,-8.944271909999158554e-01,0.000000000000000000e+00,-6.708203932499369193e-01,-2.683281572999747677e+00,-1.565247584249852775e+00,-8.944271909999158554e-01,-3.577708763999663422e+00,-3.801315561749642136e+00,-2.459674775249768519e+00,-8.944271909999158554e-01,-1.118033988749894903e+00,0.000000000000000000e+00,8.944271909999158554e-01,-2.236067977499789639e-01,1.565247584249852775e+00,1.118033988749894903e+00,8.944271909999158554e-01,0.000000000000000000e+00,1.341640786499873839e+00,-6.708203932499369193e-01,-6.708203932499369193e-01,-6.708203932499369193e-01,-1.341640786499873839e+00,-2.012461179749810647e+00,-6.708203932499369193e-01,-2.012461179749810647e+00,-2.236067977499789805e+00,-1.788854381999831711e+00,-4.472135954999579277e-01,-8.944271909999158554e-01,-2.236067977499789639e-01,-1.788854381999831711e+00,4.472135954999579277e-01,-3.130495168499705549e+00,-4.695742752749557880e+00,-4.695742752749557880e+00,-4.695742752749557880e+00,-4.695742752749557880e+00,-4.472135954999579610e+00,-3.130495168499705549e+00,-1.788854381999831711e+00,-1.788854381999831711e+00,-8.944271909999158554e-01,4.472135954999579277e-01,-4.472135954999579277e-01,-4.472135954999579277e-01,-1.118033988749894903e+00,-2.459674775249768519e+00,-3.801315561749642136e+00,-3.577708763999663422e+00,-4.024922359499621294e+00,-4.024922359499621294e+00,-6.484597134749389369e+00,-5.590169943749473624e+00,-7.602631123499284271e+00,-6.260990336999411099e+00,-6.260990336999411099e+00,-5.590169943749473624e+00,-5.813776741499452783e+00,-3.801315561749642136e+00,-5.366563145999495354e+00,-2.012461179749810647e+00,-1.788854381999831711e+00,-2.236067977499789639e-01,-4.472135954999579277e-01,-2.236067977499789639e-01,2.683281572999747677e+00,3.354101966249684263e+00,6.708203932499369193e-01,1.341640786499873839e+00,6.708203932499369193e-01,2.236067977499789805e+00,4.695742752749557880e+00,4.248529157249600452e+00,5.590169943749473624e+00,6.260990336999411099e+00,6.037383539249431941e+00,6.484597134749389369e+00,5.590169943749473624e+00,4.919349550499537038e+00,2.236067977499789805e+00,2.236067977499789805e+00,1.341640786499873839e+00,1.565247584249852775e+00,1.118033988749894903e+00,1.341640786499873839e+00,1.118033988749894903e+00,-4.472135954999579277e-01,-2.012461179749810647e+00,-1.118033988749894903e+00,-2.236067977499789805e+00,-1.118033988749894903e+00,2.236067977499789639e-01,-4.472135954999579277e-01,-1.565247584249852775e+00,-1.341640786499873839e+00,-1.341640786499873839e+00,-3.130495168499705549e+00,-3.354101966249684263e+00,-4.248529157249600452e+00,-3.130495168499705549e+00,-3.801315561749642136e+00,-5.590169943749473624e+00,-4.248529157249600452e+00,-3.577708763999663422e+00,-1.341640786499873839e+00,-1.565247584249852775e+00,-2.236067977499789805e+00,-8.944271909999158554e-01,-2.012461179749810647e+00,1.788854381999831711e+00,2.012461179749810647e+00,8.944271909999158554e-01,2.236067977499789639e-01,8.944271909999158554e-01,1.341640786499873839e+00,6.708203932499369193e-01,6.708203932499369193e-01,8.944271909999158554e-01,0.000000000000000000e+00,1.341640786499873839e+00,1.341640786499873839e+00,1.118033988749894903e+00,1.565247584249852775e+00,2.236067977499789639e-01,1.565247584249852775e+00,8.944271909999158554e-01,-6.708203932499369193e-01,-1.118033988749894903e+00,2.012461179749810647e+00,3.354101966249684263e+00,5.366563145999495354e+00,3.801315561749642136e+00,4.695742752749557880e+00,3.577708763999663422e+00,2.459674775249768519e+00,3.801315561749642136e+00,3.130495168499705549e+00,4.248529157249600452e+00,3.801315561749642136e+00,4.472135954999579610e+00,1.788854381999831711e+00,4.472135954999579277e-01,1.118033988749894903e+00,1.788854381999831711e+00,1.788854381999831711e+00,3.354101966249684263e+00,1.788854381999831711e+00,1.788854381999831711e+00,1.118033988749894903e+00,2.236067977499789639e-01,-1.565247584249852775e+00,-1.565247584249852775e+00,-4.472135954999579277e-01,-8.944271909999158554e-01,1.118033988749894903e+00,1.341640786499873839e+00,2.236067977499789805e+00,4.024922359499621294e+00,4.919349550499537038e+00,4.919349550499537038e+00,5.590169943749473624e+00,6.484597134749389369e+00,5.813776741499452783e+00,6.037383539249431941e+00,5.590169943749473624e+00,4.472135954999579610e+00,6.037383539249431941e+00,6.260990336999411099e+00,6.708203932499368527e+00,4.472135954999579610e+00,4.919349550499537038e+00,4.248529157249600452e+00,3.801315561749642136e+00,5.142956348249516196e+00,4.695742752749557880e+00,4.919349550499537038e+00,6.037383539249431941e+00,7.602631123499284271e+00,8.497058314499200904e+00,9.167878707749137490e+00,7.379024325749306001e+00,6.260990336999411099e+00,5.142956348249516196e+00,6.708203932499368527e+00,7.155417527999326843e+00,3.801315561749642136e+00,4.248529157249600452e+00,2.236067977499789805e+00,8.944271909999158554e-01,1.565247584249852775e+00,2.236067977499789639e-01,-1.565247584249852775e+00,8.944271909999158554e-01,2.459674775249768519e+00,3.577708763999663422e+00,4.472135954999579610e+00,4.919349550499537038e+00,5.142956348249516196e+00,3.130495168499705549e+00,4.024922359499621294e+00,3.801315561749642136e+00,2.906888370749726391e+00,1.788854381999831711e+00,2.236067977499789639e-01,1.565247584249852775e+00,2.236067977499789805e+00,1.788854381999831711e+00,3.130495168499705549e+00,2.012461179749810647e+00,1.118033988749894903e+00,2.236067977499789805e+00,1.565247584249852775e+00,2.683281572999747677e+00,3.577708763999663422e+00,3.130495168499705549e+00,3.801315561749642136e+00,3.577708763999663422e+00,1.565247584249852775e+00,6.708203932499369193e-01,-2.236067977499789639e-01,-8.944271909999158554e-01,-2.012461179749810647e+00,-1.788854381999831711e+00,-1.565247584249852775e+00,-2.906888370749726391e+00,-3.354101966249684263e+00,-2.459674775249768519e+00,-1.788854381999831711e+00,8.944271909999158554e-01,-1.118033988749894903e+00,-1.788854381999831711e+00,-1.341640786499873839e+00,0.000000000000000000e+00,-2.236067977499789639e-01,1.788854381999831711e+00,2.236067977499789639e-01,-1.118033988749894903e+00,-2.012461179749810647e+00,-2.236067977499789805e+00,-3.130495168499705549e+00,-3.801315561749642136e+00,-2.906888370749726391e+00,-3.130495168499705549e+00,-1.341640786499873839e+00,-4.472135954999579277e-01,-2.236067977499789639e-01,2.236067977499789639e-01,2.236067977499789805e+00,2.236067977499789639e-01,-2.236067977499789639e-01,-2.236067977499789639e-01,4.472135954999579277e-01,4.472135954999579277e-01,1.788854381999831711e+00,3.130495168499705549e+00,2.906888370749726391e+00,4.695742752749557880e+00,3.577708763999663422e+00,2.906888370749726391e+00,2.906888370749726391e+00,4.472135954999579610e+00,8.944271909999158554e-01,1.565247584249852775e+00,2.459674775249768519e+00,2.012461179749810647e+00,2.683281572999747677e+00,8.944271909999158554e-01,1.118033988749894903e+00,3.354101966249684263e+00,2.683281572999747677e+00,3.577708763999663422e+00,2.236067977499789805e+00,1.118033988749894903e+00,1.118033988749894903e+00,1.565247584249852775e+00,4.472135954999579277e-01,1.565247584249852775e+00,2.236067977499789805e+00,1.565247584249852775e+00,2.459674775249768519e+00,1.788854381999831711e+00,-8.944271909999158554e-01,-2.683281572999747677e+00,-1.341640786499873839e+00,-1.565247584249852775e+00,-2.012461179749810647e+00,-6.708203932499369193e-01,2.236067977499789639e-01,6.708203932499369193e-01,2.236067977499789805e+00,2.683281572999747677e+00,1.565247584249852775e+00,2.236067977499789805e+00,6.708203932499369193e-01,1.565247584249852775e+00,1.788854381999831711e+00,2.236067977499789805e+00,1.788854381999831711e+00,-2.236067977499789639e-01,-3.577708763999663422e+00,-2.459674775249768519e+00,-2.012461179749810647e+00,-2.683281572999747677e+00,-2.906888370749726391e+00,-3.801315561749642136e+00,-3.354101966249684263e+00,-4.919349550499537038e+00,-8.720665112249179174e+00,-6.484597134749389369e+00,-6.260990336999411099e+00,-5.590169943749473624e+00,-4.024922359499621294e+00,-3.354101966249684263e+00,-4.024922359499621294e+00,-4.695742752749557880e+00,-2.012461179749810647e+00,-1.788854381999831711e+00,-2.012461179749810647e+00,-8.944271909999158554e-01
-3.577708763999663422e+00,-5.366563145999495354e+00,-2.906888370749726391e+00,-3.801315561749642136e+00,-4.248529157249600452e+00,-3.577708763999663422e+00,-8.944271909999158554e-01,2.236067977499789639e-01,1.788854381999831711e+00,2.906888370749726391e+00,1.341640786499873839e+00,2.236067977499789639e-01,2.236067977499789639e-01,4.472135954999579277e-01,6.708203932499369193e-01,-4.472135954999579277e-01,-8.944271909999158554e-01,-1.341640786499873839e+00,-2.906888370749726391e+00,-3.354101966249684263e+00,-2.236067977499789805e+00,-2.236067977499789805e+00,-2.236067977499789805e+00,-8.944271909999158554e-01,-2.236067977499789639e-01,1.118033988749894903e+00,1.118033988749894903e+00,0.000000000000000000e+00,2.236067977499789639e-01,1.118033988749894903e+00,1.118033988749894903e+00,1.565247584249852775e+00,2.012461179749810647e+00,1.118033988749894903e+00,1.565247584249852775e+00,4.472135954999579277e-01,2.236067977499789639e-01,2.236067977499789639e-01,6.708203932499369193e-01,-1.118033988749894903e+00,-1.341640786499873839e+00,-2.459674775249768519e+00,-3.577708763999663422e+00,-6.037383539249431941e+00,-5.142956348249516196e+00,-4.695742752749557880e+00,-3.130495168499705549e+00,-4.472135954999579610e+00,-2.906888370749726391e+00,-2.236067977499789805e+00,-2.683281572999747677e+00,-2.012461179749810647e+00,0.000000000000000000e+00,-6.708203932499369193e-01,-2.012461179749810647e+00,-4.024922359499621294e+00,-6.037383539249431941e+00,-4.024922359499621294e+00,-2.906888370749726391e+00,-4.695742752749557880e+00,-4.024922359499621294e+00,-3.354101966249684263e+00,-3.801315561749642136e+00,-3.354101966249684263e+00,-2.683281572999747677e+00,-4.024922359499621294e+00,-1.118033988749894903e+00,-2.459674775249768519e+00,-3.801315561749642136e+00,-3.577708763999663422e+00,-2.683281572999747677e+00,-4.248529157249600452e+00,-3.130495168499705549e+00,-3.801315561749642136e+00,-3.130495168499705549e+00,-2.459674775249768519e+00,-3.577708763999663422e+00,-2.459674775249768519e+00,-1.341640786499873839e+00,-2.906888370749726391e+00,-4.024922359499621294e+00,-5.366563145999495354e+00,-2.906888370749726391e+00,-1.565247584249852775e+00,-1.788854381999831711e+00,-2.012461179749810647e+00,-1.788854381999831711e+00,-1.341640786499873839e+00,-8.944271909999158554e-01,6.708203932499369193e-01,0.000000000000000000e+00,1.341640786499873839e+00,3.577708763999663422e+00,3.577708763999663422e+00,5.142956348249516196e+00,4.695742752749557880e+00,6.037383539249431941e+00,4.919349550499537038e+00,5.366563145999495354e+00,5.366563145999495354e+00,5.142956348249516196e+00,5.142956348249516196e+00,3.354101966249684263e+00,4.248529157249600452e+00,4.248529157249600452e+00,5.142956348249516196e+00,3.801315561749642136e+00,3.354101966249684263e+00,1.341640786499873839e+00,1.788854381999831711e+00,2.012461179749810647e+00,1.118033988749894903e+00,-4.472135954999579277e-01,1.118033988749894903e+00,8.944271909999158554e-01,6.708203932499369193e-01,6.708203932499369193e-01,1.788854381999831711e+00,1.565247584249852775e+00,2.236067977499789639e-01,-6.708203932499369193e-01,-8.944271909999158554e-01,1.565247584249852775e+00,1.118033988749894903e+00,1.341640786499873839e+00,8.944271909999158554e-01,8.944271909999158554e-01,-8.944271909999158554e-01,-1.788854381999831711e+00,-6.708203932499369193e-01,4.472135954999579277e-01,8.944271909999158554e-01,4.472135954999579277e-01,2.683281572999747677e+00,4.024922359499621294e+00,4.024922359499621294e+00,1.788854381999831711e+00,2.906888370749726391e+00,1.341640786499873839e+00,-4.472135954999579277e-01,1.118033988749894903e+00,1.118033988749894903e+00,4.472135954999579277e-01,0.000000000000000000e+00,-8.944271909999158554e-01,-2.236067977499789639e-01,-4.472135954999579277e-01,-1.118033988749894903e+00,-2.236067977499789639e-01,-6.708203932499369193e-01,0.000000000000000000e+00,-6.708203932499369193e-01,-2.236067977499789639e-01,2.236067977499789639e-01,4.472135954999579277e-01,0.000000000000000000e+00,-2.236067977499789639e-01,-2.236067977499789639e-01,8.944271909999158554e-01,8.944271909999158554e-01,1.118033988749894903e+00,2.906888370749726391e+00,3.577708763999663422e+00,6.708203932499369193e-01,-1.788854381999831711e+00,-4.472135954999579610e+00,-3.130495168499705549e+00,-5.142956348249516196e+00,-3.801315561749642136e+00,-2.459674775249768519e+00,-2.236067977499789639e-01,0.000000000000000000e+00,1.118033988749894903e+00,8.944271909999158554e-01,0.000000000000000000e+00,1.788854381999831711e+00,2.012461179749810647e+00,2.012461179749810647e+00,4.472135954999579277e-01,8.944271909999158554e-01,8.944271909999158554e-01,-2.236067977499789639e-01,2.236067977499789639e-01,4.472135954999579277e-01,-8.944271909999158554e-01,-1.565247584249852775e+00,-1.788854381999831711e+00,-2.012461179749810647e+00,-3.577708763999663422e+00,-3.801315561749642136e+00,-3.801315561749642136e+00,-5.590169943749473624e+00,-6.260990336999411099e+00,-6.260990336999411099e+00,-6.931810730249347685e+00,-5.813776741499452783e+00,-4.248529157249600452e+00,-3.130495168499705549e+00,-4.695742752749557880e+00,-4.919349550499537038e+00,-2.236067977499789805e+00,-3.354101966249684263e+00,-4.024922359499621294e+00,-2.683281572999747677e+00,-3.577708763999663422e+00,-4.248529157249600452e+00,-6.260990336999411099e+00,-8.049844718999242588e+00,-6.931810730249347685e+00,-7.826237921249263430e+00,-6.484597134749389369e+00,-6.037383539249431941e+00,-4.472135954999579610e+00,-4.248529157249600452e+00,-3.354101966249684263e+00,-3.130495168499705549e+00,-1.788854381999831711e+00,-2.683281572999747677e+00,-4.024922359499621294e+00,-1.341640786499873839e+00,-1.788854381999831711e+00,2.236067977499789639e-01,1.341640786499873839e+00,4.472135954999579277e-01,2.236067977499789639e-01,0.000000000000000000e+00,1.565247584249852775e+00,1.341640786499873839e+00,-2.236067977499789639e-01,-6.708203932499369193e-01,-1.565247584249852775e+00,-1.118033988749894903e+00,6.708203932499369193e-01,4.472135954999579277e-01,-2.236067977499789639e-01,-8.944271909999158554e-01,6.708203932499369193e-01,-8.944271909999158554e-01,-1.118033988749894903e+00,-8.944271909999158554e-01,-6.708203932499369193e-01,-1.118033988749894903e+00,-2.459674775249768519e+00,-2.459674775249768519e+00,-6.708203932499369193e-01,-2.012461179749810647e+00,-2.459674775249768519e+00,-2.459674775249768519e+00,-2.459674775249768519e+00,1.118033988749894903e+00,1.788854381999831711e+00,2.906888370749726391e+00,3.130495168499705549e+00,3.801315561749642136e+00,1.788854381999831711e+00,8.944271909999158554e-01,2.012461179749810647e+00,4.024922359499621294e+00,3.577708763999663422e+00,3.354101966249684263e+00,4.919349550499537038e+00,4.472135954999579610e+00,5.813776741499452783e+00,5.813776741499452783e+00,3.354101966249684263e+00,6.484597134749389369e+00,5.590169943749473624e+00,2.683281572999747677e+00,1.118033988749894903e+00,4.472135954999579277e-01,4.472135954999579277e-01,-4.472135954999579277e-01,1.118033988749894903e+00,8.944271909999158554e-01,-2.236067977499789639e-01,0.000000000000000000e+00,0.000000000000000000e+00,4.472135954999579277e-01,-4.472135954999579277e-01,-1.118033988749894903e+00,-1.565247584249852775e+00,4.472135954999579277e-01,8.944271909999158554e-01,4.472135954999579277e-01,8.944271909999158554e-01,1.788854381999831711e+00,3.801315561749642136e+00,4.024922359499621294e+00,2.906888370749726391e+00,3.577708763999663422e+00,2.459674775249768519e+00,1.341640786499873839e+00,2.012461179749810647e+00,1.118033988749894903e+00,1.341640786499873839e+00,-1.118033988749894903e+00,-2.012461179749810647e+00,-1.565247584249852775e+00,-1.565247584249852775e+00,-6.708203932499369193e-01,-1.565247584249852775e+00,-8.944271909999158554e-01,2.012461179749810647e+00,1.565247584249852775e+00,-4.472135954999579277e-01,0.000000000000000000e+00,0.000000000000000000e+00,8.944271909999158554e-01,1.788854381999831711e+00,8.944271909999158554e-01,-4.472135954999579277e-01,2.236067977499789639e-01,-4.472135954999579277e-01,0.000000000000000000e+00,8.944271909999158554e-01,1.788854381999831711e+00,8.944271909999158554e-01,0.000000000000000000e+00,1.341640786499873839e+00,0.000000000000000000e+00,-6.708203932499369193e-01,-4.472135954999579277e-01,-8.944271909999158554e-01,1.565247584249852775e+00,6.708203932499369193e-01,4.472135954999579277e-01,2.459674775249768519e+00,8.944271909999158554e-01,6.708203932499369193e-01,8.944271909999158554e-01,1.788854381999831711e+00,8.944271909999158554e-01,-1.788854381999831711e+00,-1.118033988749894903e+00,-6.708203932499369193e-01,-1.788854381999831711e+00,-3.354101966249684263e+00,-3.801315561749642136e+00,-3.354101966249684263e+00,-2.683281572999747677e+00,-4.024922359499621294e+00,-2.459674775249768519e+00,-6.708203932499369193e-01,-4.472135954999579277e-01,-6.708203932499369193e-01,1.565247584249852775e+00,2.906888370749726391e+00,2.906888370749726391e+00,8.944271909999158554e-01,2.236067977499789805e+00,1.341640786499873839e+00,1.565247584249852775e+00,1.565247584249852775e+00,1.118033988749894903e+00,3.354101966249684263e+00,2.683281572999747677e+00,2.459674775249768519e+00,3.130495168499705549e+00,2.236067977499789805e+00,1.118033988749894903e+00,2.906888370749726391e+00,4.024922359499621294e+00,3.130495168499705549e+00,2.236067977499789639e-01,4.472135954999579277e-01,0.000000000000000000e+00,6.708203932499369193e-01,-1.341640786499873839e+00,1.341640786499873839e+00,1.565247584249852775e+00,2.906888370749726391e+00,3.577708763999663422e+00,5.142956348249516196e+00,5.813776741499452783e+00,4.472135954999579610e+00,5.813776741499452783e+00,7.602631123499284271e+00,6.037383539249431941e+00,4.248529157249600452e+00,3.577708763999663422e+00,5.366563145999495354e+00,4.024922359499621294e+00,8.944271909999158554e-01,-2.236067977499789639e-01,-1.341640786499873839e+00,4.472135954999579277e-01,4.472135954999579277e-01,1.341640786499873839e+00,2.236067977499789805e+00,1.341640786499873839e+00,-1.565247584249852775e+00,-4.472135954999579277e-01,8.944271909999158554e-01,2.906888370749726391e+00,3.130495168499705549e+00,5.366563145999495354e+00,3.801315561749642136e+00,2.459674775249768519e+00,3.801315561749642136e+00,4.248529157249600452e+00,5.142956348249516196e+00,3.801315561749642136e+00,4.248529157249600452e+00,4.919349550499537038e+00,4.695742752749557880e+00,5.366563145999495354e+00,5.813776741499452783e+00,4.248529157249600452e+00,3.577708763999663422e+00,4.695742752749557880e+00,6.260990336999411099e+00,6.484597134749389369e+00,3.801315561749642136e+00,1.341640786499873839e+00,1.788854381999831711e+00,1.341640786499873839e+00,-2.236067977499789639e-01,-4.472135954999579277e-01,-6.708203932499369193e-01,-2.236067977499789639e-01,2.236067977499789805e+00,3.354101966249684263e+00,2.459674775249768519e+00,1.788854381999831711e+00,1.341640786499873839e+00,1.118033988749894903e+00,-4.472135954999579277e-01,-6.708203932499369193e-01,0.000000000000000000e+00,1.341640786499873839e+00,3.130495168499705549e+00,3.130495168499705549e+00,3.354101966249684263e+00,2.012461179749810647e+00,2.236067977499789805e+00,1.565247584249852775e+00,0.000000000000000000e+00,1.565247584249852775e+00,2.236067977499789639e-01,-6.708203932499369193e-01,-2.236067977499789639e-01,2.236067977499789639e-01,2.236067977499789805e+00,2.683281572999747677e+00,2.459674775249768519e+00,2.236067977499789639e-01,0.000000000000000000e+00,2.236067977499789805e+00,2.683281572999747677e+00,3.801315561749642136e+00,4.472135954999579610e+00,5.142956348249516196e+00,3.801315561749642136e+00,2.906888370749726391e+00,2.906888370749726391e+00,3.130495168499705549e+00,3.577708763999663422e+00,6.708203932499369193e-01,8.944271909999158554e-01,2.012461179749810647e+00,4.248529157249600452e+00,5.142956348249516196e+00,3.354101966249684263e+00,3.354101966249684263e+00,5.366563145999495354e+00,1.788854381999831711e+00,4.472135954999579277e-01,6.708203932499369193e-01,-1.341640786499873839e+00,-1.788854381999831711e+00,-2.236067977499789805e+00,-2.012461179749810647e+00,-1.788854381999831711e+00,-2.236067977499789805e+00,-1.118033988749894903e+00,-2.236067977499789639e-01,2.236067977499789805e+00,1.118033988749894903e+00,1.118033988749894903e+00,2.236067977499789639e-01,4.472135954999579277e-01,-1.118033988749894903e+00,-4.472135954999579277e-01,-2.012461179749810647e+00,-2.236067977499789805e+00,-2.459674775249768519e+00,-2.683281572999747677e+00,-2.236067977499789805e+00,-2.012461179749810647e+00,-1.341640786499873839e+00,-6.708203932499369193e-01,-4.472135954999579277e-01,4.472135954999579277e-01,0.000000000000000000e+00,-8.944271909999158554e-01,0.000000000000000000e+00,-8.944271909999158554e-01,-4.472135954999579277e-01,-1.118033988749894903e+00,1.565247584249852775e+00
-2.459674775249768519e+00,-3.354101966249684263e+00,-2.012461179749810647e+00,-2.012461179749810647e+00,-3.354101966249684263e+00,-4.695742752749557880e+00,-5.142956348249516196e+00,-5.142956348249516196e+00,-4.472135954999579610e+00,-4.248529157249600452e+00,-2.683281572999747677e+00,-2.906888370749726391e+00,-2.459674775249768519e+00,-1.341640786499873839e+00,-2.012461179749810647e+00,-2.236067977499789805e+00,-3.130495168499705549e+00,-2.459674775249768519e+00,-2.683281572999747677e+00,-3.130495168499705549e+00,-2.683281572999747677e+00,-2.012461179749810647e+00,-1.118033988749894903e+00,-2.236067977499789639e-01,-6.708203932499369193e-01,-3.130495168499705549e+00,-2.012461179749810647e+00,-6.708203932499369193e-01,-6.708203932499369193e-01,1.788854381999831711e+00,1.788854381999831711e+00,1.565247584249852775e+00,4.472135954999579610e+00,3.130495168499705549e+00,2.906888370749726391e+00,3.577708763999663422e+00,1.118033988749894903e+00,1.341640786499873839e+00,1.118033988749894903e+00,4.472135954999579277e-01,4.472135954999579277e-01,1.341640786499873839e+00,3.130495168499705549e+00,4.919349550499537038e+00,4.024922359499621294e+00,2.683281572999747677e+00,3.577708763999663422e+00,3.130495168499705549e+00,2.906888370749726391e+00,2.459674775249768519e+00,1.118033988749894903e+00,1.788854381999831711e+00,2.236067977499789639e-01,-4.472135954999579277e-01,-1.118033988749894903e+00,-3.354101966249684263e+00,-1.341640786499873839e+00,-2.236067977499789639e-01,-1.118033988749894903e+00,-4.472135954999579277e-01,6.708203932499369193e-01,2.236067977499789639e-01,-2.012461179749810647e+00,-2.459674775249768519e+00,-2.236067977499789805e+00,-1.118033988749894903e+00,-2.236067977499789639e-01,0.000000000000000000e+00,-6.708203932499369193e-01,0.000000000000000000e+00,4.472135954999579277e-01,0.000000000000000000e+00,-2.236067977499789639e-01,8.944271909999158554e-01,6.708203932499369193e-01,-6.708203932499369193e-01,-1.565247584249852775e+00,-2.459674775249768519e+00,-3.130495168499705549e+00,-4.472135954999579610e+00,-4.472135954999579610e+00,-3.354101966249684263e+00,-3.354101966249684263e+00,-4.024922359499621294e+00,-4.472135954999579610e+00,-5.142956348249516196e+00,-5.813776741499452783e+00,-4.695742752749557880e+00,-4.248529157249600452e+00,-3.577708763999663422e+00,-3.130495168499705549e+00,-2.906888370749726391e+00,-2.236067977499789639e-01,4.472135954999579277e-01,1.788854381999831711e+00,1.788854381999831711e+00,8.944271909999158554e-01,1.341640786499873839e+00,1.565247584249852775e+00,2.236067977499789805e+00,6.708203932499369193e-01,2.012461179749810647e+00,1.118033988749894903e+00,3.801315561749642136e+00,4.248529157249600452e+00,5.142956348249516196e+00,4.248529157249600452e+00,5.366563145999495354e+00,5.142956348249516196e+00,3.577708763999663422e+00,3.577708763999663422e+00,3.130495168499705549e+00,3.130495168499705549e+00,2.683281572999747677e+00,1.565247584249852775e+00,8.944271909999158554e-01,-2.236067977499789639e-01,-1.341640786499873839e+00,-2.683281572999747677e+00,-2.459674775249768519e+00,-2.683281572999747677e+00,-8.944271909999158554e-01,-6.708203932499369193e-01,-8.944271909999158554e-01,-6.708203932499369193e-01,-1.118033988749894903e+00,-2.236067977499789639e-01,-1.341640786499873839e+00,-1.788854381999831711e+00,-1.341640786499873839e+00,0.000000000000000000e+00,6.708203932499369193e-01,-1.118033988749894903e+00,-6.708203932499369193e-01,-2.236067977499789639e-01,6.708203932499369193e-01,-8.944271909999158554e-01,-2.683281572999747677e+00,-8.944271909999158554e-01,-1.118033988749894903e+00,-2.012461179749810647e+00,-2.012461179749810647e+00,-1.341640786499873839e+00,-1.341640786499873839e+00,-3.801315561749642136e+00,-5.142956348249516196e+00,-6.260990336999411099e+00,-6.931810730249347685e+00,-7.155417527999326843e+00,-7.155417527999326843e+00,-6.484597134749389369e+00,-4.248529157249600452e+00,-3.130495168499705549e+00,-4.024922359499621294e+00,-4.695742752749557880e+00,-5.142956348249516196e+00,-5.366563145999495354e+00,-5.813776741499452783e+00,-5.366563145999495354e+00,-3.577708763999663422e+00,-1.341640786499873839e+00,0.000000000000000000e+00,-2.236067977499789639e-01,6.708203932499369193e-01,2.236067977499789805e+00,3.801315561749642136e+00,2.459674775249768519e+00,2.236067977499789805e+00,2.012461179749810647e+00,0.000000000000000000e+00,-1.341640786499873839e+00,-8.944271909999158554e-01,-1.118033988749894903e+00,-1.565247584249852775e+00,-4.248529157249600452e+00,-3.130495168499705549e+00,-3.354101966249684263e+00,-4.248529157249600452e+00,-3.801315561749642136e+00,-4.248529157249600452e+00,-4.472135954999579610e+00,-2.683281572999747677e+00,-1.788854381999831711e+00,-2.236067977499789805e+00,-3.130495168499705549e+00,-2.459674775249768519e+00,-3.130495168499705549e+00,-2.683281572999747677e+00,-3.801315561749642136e+00,-3.130495168499705549e+00,-1.341640786499873839e+00,-1.118033988749894903e+00,-6.708203932499369193e-01,-2.012461179749810647e+00,-2.236067977499789805e+00,-3.577708763999663422e+00,-6.708203932499369193e-01,-2.683281572999747677e+00,-3.801315561749642136e+00,-3.354101966249684263e+00,-1.788854381999831711e+00,-8.944271909999158554e-01,-1.565247584249852775e+00,6.708203932499369193e-01,0.000000000000000000e+00,-2.236067977499789639e-01,6.708203932499369193e-01,6.708203932499369193e-01,-4.472135954999579277e-01,4.472135954999579277e-01,2.459674775249768519e+00,2.459674775249768519e+00,2.012461179749810647e+00,1.341640786499873839e+00,1.788854381999831711e+00,-2.236067977499789639e-01,-2.236067977499789639e-01,-4.472135954999579277e-01,-1.341640786499873839e+00,-2.906888370749726391e+00,-4.472135954999579610e+00,-5.142956348249516196e+00,-5.590169943749473624e+00,-5.366563145999495354e+00,-4.919349550499537038e+00,-7.602631123499284271e+00,-6.037383539249431941e+00,-5.590169943749473624e+00,-5.590169943749473624e+00,-4.024922359499621294e+00,-4.248529157249600452e+00,-4.695742752749557880e+00,-5.142956348249516196e+00,-6.931810730249347685e+00,-5.813776741499452783e+00,-3.354101966249684263e+00,-4.248529157249600452e+00,-3.577708763999663422e+00,-2.906888370749726391e+00,-3.354101966249684263e+00,-4.472135954999579277e-01,6.708203932499369193e-01,3.130495168499705549e+00,2.459674775249768519e+00,4.248529157249600452e+00,6.260990336999411099e+00,4.919349550499537038e+00,6.037383539249431941e+00,6.037383539249431941e+00,3.130495168499705549e+00,1.118033988749894903e+00,-6.708203932499369193e-01,-1.341640786499873839e+00,-6.708203932499369193e-01,-8.944271909999158554e-01,-8.944271909999158554e-01,-2.236067977499789805e+00,-1.341640786499873839e+00,-1.565247584249852775e+00,-2.012461179749810647e+00,-2.683281572999747677e+00,-3.577708763999663422e+00,-1.788854381999831711e+00,-1.118033988749894903e+00,-1.565247584249852775e+00,-1.788854381999831711e+00,0.000000000000000000e+00,4.472135954999579277e-01,8.944271909999158554e-01,-4.472135954999579277e-01,4.472135954999579277e-01,-4.472135954999579277e-01,-2.459674775249768519e+00,-2.906888370749726391e+00,-1.788854381999831711e+00,0.000000000000000000e+00,1.118033988749894903e+00,1.788854381999831711e+00,2.012461179749810647e+00,1.341640786499873839e+00,0.000000000000000000e+00,2.236067977499789639e-01,4.472135954999579277e-01,6.708203932499369193e-01,-8.944271909999158554e-01,-2.012461179749810647e+00,-2.012461179749810647e+00,-3.354101966249684263e+00,-8.944271909999158554e-01,-6.708203932499369193e-01,-2.459674775249768519e+00,-2.012461179749810647e+00,-1.788854381999831711e+00,-1.565247584249852775e+00,-1.341640786499873839e+00,-1.341640786499873839e+00,-2.012461179749810647e+00,-1.341640786499873839e+00,-1.788854381999831711e+00,-3.130495168499705549e+00,-3.577708763999663422e+00,-3.577708763999663422e+00,-3.130495168499705549e+00,-3.577708763999663422e+00,-1.788854381999831711e+00,-4.024922359499621294e+00,-5.142956348249516196e+00,-4.919349550499537038e+00,-3.577708763999663422e+00,-3.577708763999663422e+00,-4.248529157249600452e+00,-2.683281572999747677e+00,-1.341640786499873839e+00,-2.459674775249768519e+00,-4.472135954999579277e-01,-4.248529157249600452e+00,-3.130495168499705549e+00,-3.577708763999663422e+00,-2.906888370749726391e+00,-2.012461179749810647e+00,-3.130495168499705549e+00,-2.683281572999747677e+00,-2.012461179749810647e+00,-2.683281572999747677e+00,-1.341640786499873839e+00,-8.944271909999158554e-01,-8.944271909999158554e-01,1.788854381999831711e+00,1.118033988749894903e+00,-4.472135954999579277e-01,-1.341640786499873839e+00,-2.012461179749810647e+00,-3.577708763999663422e+00,-3.801315561749642136e+00,-3.354101966249684263e+00,-4.248529157249600452e+00,-4.472135954999579610e+00,-4.919349550499537038e+00,-3.801315561749642136e+00,-4.248529157249600452e+00,-4.919349550499537038e+00,-2.236067977499789805e+00,-3.354101966249684263e+00,-2.459674775249768519e+00,-2.236067977499789805e+00,-1.788854381999831711e+00,-2.236067977499789805e+00,-2.236067977499789805e+00,-8.944271909999158554e-01,-3.354101966249684263e+00,-4.248529157249600452e+00,-3.801315561749642136e+00,-2.459674775249768519e+00,8.944271909999158554e-01,2.012461179749810647e+00,1.341640786499873839e+00,-4.472135954999579277e-01,4.472135954999579277e-01,-2.012461179749810647e+00,-3.130495168499705549e+00,-3.130495168499705549e+00,-2.683281572999747677e+00,-3.801315561749642136e+00,-2.012461179749810647e+00,-3.130495168499705549e+00,-2.906888370749726391e+00,-8.944271909999158554e-01,-4.472135954999579277e-01,4.472135954999579277e-01,-1.341640786499873839e+00,1.341640786499873839e+00,1.341640786499873839e+00,8.944271909999158554e-01,0.000000000000000000e+00,-2.459674775249768519e+00,-3.354101966249684263e+00,-2.012461179749810647e+00,-2.459674775249768519e+00,-2.459674775249768519e+00,-2.236067977499789805e+00,2.236067977499789639e-01,1.788854381999831711e+00,1.118033988749894903e+00,1.118033988749894903e+00,-4.472135954999579277e-01,-8.944271909999158554e-01,2.236067977499789639e-01,0.000000000000000000e+00,-1.118033988749894903e+00,-1.565247584249852775e+00,-1.341640786499873839e+00,-1.565247584249852775e+00,-2.012461179749810647e+00,-1.565247584249852775e+00,-4.024922359499621294e+00,-4.248529157249600452e+00,-3.577708763999663422e+00,-3.801315561749642136e+00,-3.354101966249684263e+00,-2.683281572999747677e+00,-3.354101966249684263e+00,-4.024922359499621294e+00,-4.024922359499621294e+00,-3.354101966249684263e+00,-2.459674775249768519e+00,-3.801315561749642136e+00,-2.459674775249768519e+00,-2.459674775249768519e+00,-2.012461179749810647e+00,-2.012461179749810647e+00,-6.708203932499369193e-01,-8.944271909999158554e-01,-2.236067977499789639e-01,-4.472135954999579277e-01,-1.341640786499873839e+00,-1.341640786499873839e+00,1.565247584249852775e+00,2.236067977499789805e+00,3.354101966249684263e+00,2.906888370749726391e+00,1.788854381999831711e+00,2.236067977499789639e-01,-2.236067977499789639e-01,-2.236067977499789639e-01,0.000000000000000000e+00,2.236067977499789639e-01,1.118033988749894903e+00,1.565247584249852775e+00,2.459674775249768519e+00,3.577708763999663422e+00,2.906888370749726391e+00,3.354101966249684263e+00,3.130495168499705549e+00,1.788854381999831711e+00,4.024922359499621294e+00,5.142956348249516196e+00,5.813776741499452783e+00,6.931810730249347685e+00,6.484597134749389369e+00,8.049844718999242588e+00,7.155417527999326843e+00,6.708203932499368527e+00,6.484597134749389369e+00,5.590169943749473624e+00,4.024922359499621294e+00,2.906888370749726391e+00,2.012461179749810647e+00,2.012461179749810647e+00,1.341640786499873839e+00,3.354101966249684263e+00,3.354101966249684263e+00,3.577708763999663422e+00,4.695742752749557880e+00,1.788854381999831711e+00,2.236067977499789805e+00,2.906888370749726391e+00,2.236067977499789805e+00,2.906888370749726391e+00,4.248529157249600452e+00,4.248529157249600452e+00,6.260990336999411099e+00,5.366563145999495354e+00,4.472135954999579610e+00,5.366563145999495354e+00,4.472135954999579610e+00,4.472135954999579610e+00,5.366563145999495354e+00,5.142956348249516196e+00,5.142956348249516196e+00,4.248529157249600452e+00,3.577708763999663422e+00,2.236067977499789805e+00,2.236067977499789805e+00,4.472135954999579277e-01,2.236067977499789639e-01,-3.577708763999663422e+00,-2.236067977499789805e+00,-1.565247584249852775e+00,-2.012461179749810647e+00,8.944271909999158554e-01,-6.708203932499369193e-01,-3.130495168499705549e+00,-2.012461179749810647e+00,-3.130495168499705549e+00,-2.683281572999747677e+00,-4.472135954999579277e-01,-6.708203932499369193e-01,-1.341640786499873839e+00,-4.472135954999579277e-01,-2.012461179749810647e+00,-1.341640786499873839e+00,-2.012461179749810647e+00,-1.788854381999831711e+00,-1.788854381999831711e+00,-3.130495168499705549e+00,-1.341640786499873839e+00,2.236067977499789639e-01,-1.565247584249852775e+00,-1.565247584249852775e+00,-1.565247584249852775e+00
8.944271909999158554e-01,-1.118033988749894903e+00,-1.118033988749894903e+00,-8.944271909999158554e-01,-2.236067977499789805e+00,-2.906888370749726391e+00,-4.472135954999579610e+00,-2.683281572999747677e+00,-3.577708763999663422e+00,-4.248529157249600452e+00,-4.919349550499537038e+00,-4.919349550499537038e+00,-3.354101966249684263e+00,-2.683281572999747677e+00,-3.354101966249684263e+00,-2.459674775249768519e+00,-4.248529157249600452e+00,-3.577708763999663422e+00,-3.354101966249684263e+00,-4.248529157249600452e+00,-4.472135954999579610e+00,-2.459674775249768519e+00,-3.801315561749642136e+00,-3.354101966249684263e+00,-3.130495168499705549e+00,-2.906888370749726391e+00,-2.906888370749726391e+00,-3.577708763999663422e+00,-5.142956348249516196e+00,-5.366563145999495354e+00,-5.813776741499452783e+00,-6.484597134749389369e+00,-7.155417527999326843e+00,-6.931810730249347685e+00,-4.919349550499537038e+00,-6.037383539249431941e+00,-5.366563145999495354e+00,-7.155417527999326843e+00,-5.142956348249516196e+00,-5.142956348249516196e+00,-4.919349550499537038e+00,-4.919349550499537038e+00,-4.472135954999579610e+00,-4.695742752749557880e+00,-4.024922359499621294e+00,-3.354101966249684263e+00,-2.906888370749726391e+00,-2.459674775249768519e+00,-2.459674775249768519e+00,-3.130495168499705549e+00,-2.459674775249768519e+00,-2.906888370749726391e+00,-2.459674775249768519e+00,-1.341640786499873839e+00,-1.565247584249852775e+00,-2.459674775249768519e+00,-1.565247584249852775e+00,-6.708203932499369193e-01,-2.906888370749726391e+00,-3.354101966249684263e+00,-4.024922359499621294e+00,-1.565247584249852775e+00,8.944271909999158554e-01,4.472135954999579277e-01,8.944271909999158554e-01,8.944271909999158554e-01,-2.236067977499789805e+00,-2.236067977499789805e+00,-8.944271909999158554e-01,-2.459674775249768519e+00,-3.130495168499705549e+00,-4.024922359499621294e+00,-6.260990336999411099e+00,-5.813776741499452783e+00,-5.366563145999495354e+00,-3.577708763999663422e+00,-5.590169943749473624e+00,-7.155417527999326843e+00,-8.049844718999242588e+00,-6.260990336999411099e+00,-6.260990336999411099e+00,-5.590169943749473624e+00,-2.683281572999747677e+00,-2.459674775249768519e+00,-2.012461179749810647e+00,-2.012461179749810647e+00,-1.118033988749894903e+00,-1.118033988749894903e+00,-1.565247584249852775e+00,-8.944271909999158554e-01,-1.565247584249852775e+00,-1.565247584249852775e+00,-3.130495168499705549e+00,-3.577708763999663422e+00,-2.459674775249768519e+00,-2.683281572999747677e+00,-3.801315561749642136e+00,-3.801315561749642136e+00,-5.366563145999495354e+00,-3.354101966249684263e+00,-3.577708763999663422e+00,-3.130495168499705549e+00,-3.577708763999663422e+00,-2.236067977499789805e+00,-2.012461179749810647e+00,-2.236067977499789805e+00,-3.130495168499705549e+00,-3.577708763999663422e+00,-4.024922359499621294e+00,-2.236067977499789805e+00,-1.565247584249852775e+00,-2.459674775249768519e+00,-8.944271909999158554e-01,-1.118033988749894903e+00,-8.944271909999158554e-01,-1.341640786499873839e+00,2.236067977499789639e-01,1.341640786499873839e+00,4.472135954999579277e-01,2.906888370749726391e+00,2.459674775249768519e+00,4.472135954999579277e-01,-4.472135954999579277e-01,-2.236067977499789639e-01,-1.118033988749894903e+00,-2.906888370749726391e+00,-2.459674775249768519e+00,-2.683281572999747677e+00,-8.944271909999158554e-01,4.472135954999579277e-01,2.236067977499789639e-01,-2.236067977499789639e-01,-8.944271909999158554e-01,-6.708203932499369193e-01,2.906888370749726391e+00,4.472135954999579277e-01,3.577708763999663422e+00,3.354101966249684263e+00,4.919349550499537038e+00,5.590169943749473624e+00,5.590169943749473624e+00,2.459674775249768519e+00,2.683281572999747677e+00,4.248529157249600452e+00,4.695742752749557880e+00,3.577708763999663422e+00,4.024922359499621294e+00,3.801315561749642136e+00,2.683281572999747677e+00,2.012461179749810647e+00,1.118033988749894903e+00,-2.236067977499789639e-01,-1.341640786499873839e+00,4.472135954999579277e-01,2.236067977499789805e+00,4.472135954999579277e-01,-1.118033988749894903e+00,-2.012461179749810647e+00,-2.459674775249768519e+00,-2.236067977499789805e+00,-2.012461179749810647e+00,-2.906888370749726391e+00,-2.012461179749810647e+00,-2.236067977499789805e+00,-1.788854381999831711e+00,-1.341640786499873839e+00,-2.683281572999747677e+00,-2.236067977499789805e+00,-3.801315561749642136e+00,-4.024922359499621294e+00,-4.024922359499621294e+00,-4.024922359499621294e+00,-4.472135954999579610e+00,-2.459674775249768519e+00,0.000000000000000000e+00,2.236067977499789639e-01,0.000000000000000000e+00,2.236067977499789639e-01,-1.118033988749894903e+00,-8.944271909999158554e-01,-1.118033988749894903e+00,-1.565247584249852775e+00,-1.788854381999831711e+00,-1.341640786499873839e+00,-2.236067977499789639e-01,-2.012461179749810647e+00,-2.459674775249768519e+00,-1.118033988749894903e+00,-1.788854381999831711e+00,-2.236067977499789639e-01,8.944271909999158554e-01,3.577708763999663422e+00,2.012461179749810647e+00,8.944271909999158554e-01,1.118033988749894903e+00,1.341640786499873839e+00,2.459674775249768519e+00,1.565247584249852775e+00,-2.236067977499789639e-01,-2.236067977499789639e-01,-2.236067977499789805e+00,-2.236067977499789805e+00,-3.354101966249684263e+00,-3.130495168499705549e+00,-4.024922359499621294e+00,-3.130495168499705549e+00,-3.577708763999663422e+00,-3.577708763999663422e+00,-4.472135954999579610e+00,-3.130495168499705549e+00,-2.459674775249768519e+00,-3.130495168499705549e+00,-1.788854381999831711e+00,-1.788854381999831711e+00,-4.919349550499537038e+00,-5.813776741499452783e+00,-5.142956348249516196e+00,-5.366563145999495354e+00,-3.801315561749642136e+00,-2.683281572999747677e+00,-2.906888370749726391e+00,-2.236067977499789805e+00,-2.906888370749726391e+00,-6.708203932499369193e-01,-2.236067977499789805e+00,-4.472135954999579277e-01,4.472135954999579277e-01,2.459674775249768519e+00,3.130495168499705549e+00,2.906888370749726391e+00,2.236067977499789805e+00,5.142956348249516196e+00,4.919349550499537038e+00,2.906888370749726391e+00,1.788854381999831711e+00,2.012461179749810647e+00,2.236067977499789805e+00,2.012461179749810647e+00,1.118033988749894903e+00,6.708203932499369193e-01,1.341640786499873839e+00,4.919349550499537038e+00,4.919349550499537038e+00,3.801315561749642136e+00,5.142956348249516196e+00,6.484597134749389369e+00,3.801315561749642136e+00,3.354101966249684263e+00,5.142956348249516196e+00,4.695742752749557880e+00,2.683281572999747677e+00,2.906888370749726391e+00,3.354101966249684263e+00,2.012461179749810647e+00,4.024922359499621294e+00,4.024922359499621294e+00,4.695742752749557880e+00,4.472135954999579610e+00,4.472135954999579610e+00,3.801315561749642136e+00,3.354101966249684263e+00,2.236067977499789639e-01,-2.236067977499789639e-01,-1.788854381999831711e+00,4.472135954999579277e-01,-1.788854381999831711e+00,0.000000000000000000e+00,2.236067977499789639e-01,2.012461179749810647e+00,4.248529157249600452e+00,4.695742752749557880e+00,3.801315561749642136e+00,2.683281572999747677e+00,3.577708763999663422e+00,5.366563145999495354e+00,4.695742752749557880e+00,4.695742752749557880e+00,5.366563145999495354e+00,6.037383539249431941e+00,5.142956348249516196e+00,5.366563145999495354e+00,6.037383539249431941e+00,5.366563145999495354e+00,2.683281572999747677e+00,4.695742752749557880e+00,3.801315561749642136e+00,2.012461179749810647e+00,-2.236067977499789639e-01,0.000000000000000000e+00,-8.944271909999158554e-01,-2.906888370749726391e+00,-2.906888370749726391e+00,-1.118033988749894903e+00,-4.472135954999579277e-01,-8.944271909999158554e-01,-8.944271909999158554e-01,-1.565247584249852775e+00,-2.459674775249768519e+00,-1.341640786499873839e+00,-1.565247584249852775e+00,2.236067977499789639e-01,-2.236067977499789639e-01,-4.472135954999579277e-01,-1.788854381999831711e+00,-2.236067977499789805e+00,-2.459674775249768519e+00,-2.459674775249768519e+00,-3.577708763999663422e+00,-5.366563145999495354e+00,-6.260990336999411099e+00,-6.037383539249431941e+00,-8.049844718999242588e+00,-7.379024325749306001e+00,-5.590169943749473624e+00,-4.919349550499537038e+00,-5.366563145999495354e+00,-4.248529157249600452e+00,-4.472135954999579610e+00,-4.695742752749557880e+00,-4.024922359499621294e+00,-2.459674775249768519e+00,-4.024922359499621294e+00,-5.366563145999495354e+00,-3.801315561749642136e+00,-4.024922359499621294e+00,-1.118033988749894903e+00,-2.236067977499789805e+00,-2.906888370749726391e+00,-1.788854381999831711e+00,-8.944271909999158554e-01,-2.236067977499789639e-01,-1.341640786499873839e+00,-2.683281572999747677e+00,-1.118033988749894903e+00,4.472135954999579277e-01,8.944271909999158554e-01,6.708203932499369193e-01,1.341640786499873839e+00,-4.472135954999579277e-01,-1.341640786499873839e+00,-3.354101966249684263e+00,-1.341640786499873839e+00,-4.024922359499621294e+00,-3.801315561749642136e+00,-3.354101966249684263e+00,-4.024922359499621294e+00,-4.024922359499621294e+00,-4.472135954999579610e+00,-2.906888370749726391e+00,-3.130495168499705549e+00,-1.341640786499873839e+00,-2.236067977499789805e+00,-2.906888370749726391e+00,-3.130495168499705549e+00,0.000000000000000000e+00,1.118033988749894903e+00,1.341640786499873839e+00,8.944271909999158554e-01,2.236067977499789639e-01,4.472135954999579277e-01,-2.236067977499789639e-01,-2.236067977499789639e-01,-8.944271909999158554e-01,-6.708203932499369193e-01,-2.236067977499789639e-01,8.944271909999158554e-01,2.236067977499789805e+00,3.354101966249684263e+00,2.906888370749726391e+00,3.130495168499705549e+00,2.906888370749726391e+00,1.341640786499873839e+00,8.944271909999158554e-01,-2.236067977499789639e-01,-8.944271909999158554e-01,-2.236067977499789639e-01,1.341640786499873839e+00,-8.944271909999158554e-01,-2.012461179749810647e+00,-2.906888370749726391e+00,-2.906888370749726391e+00,-2.236067977499789805e+00,-2.906888370749726391e+00,-1.788854381999831711e+00,-1.788854381999831711e+00,-3.577708763999663422e+00,-3.577708763999663422e+00,-3.354101966249684263e+00,-5.590169943749473624e+00,-6.037383539249431941e+00,-4.248529157249600452e+00,-2.906888370749726391e+00,-2.236067977499789805e+00,-1.565247584249852775e+00,-2.459674775249768519e+00,-1.341640786499873839e+00,-1.118033988749894903e+00,-2.236067977499789639e-01,-8.944271909999158554e-01,-1.565247584249852775e+00,-2.683281572999747677e+00,-6.708203932499369193e-01,2.012461179749810647e+00,1.565247584249852775e+00,2.012461179749810647e+00,1.565247584249852775e+00,1.565247584249852775e+00,8.944271909999158554e-01,1.565247584249852775e+00,2.012461179749810647e+00,8.944271909999158554e-01,-2.236067977499789639e-01,2.236067977499789639e-01,-2.236067977499789639e-01,8.944271909999158554e-01,1.118033988749894903e+00,1.341640786499873839e+00,0.000000000000000000e+00,1.341640786499873839e+00,1.118033988749894903e+00,2.683281572999747677e+00,2.683281572999747677e+00,1.118033988749894903e+00,0.000000000000000000e+00,-1.565247584249852775e+00,-1.118033988749894903e+00,-2.459674775249768519e+00,-2.906888370749726391e+00,-3.577708763999663422e+00,-1.788854381999831711e+00,-1.118033988749894903e+00,-4.472135954999579277e-01,-6.708203932499369193e-01,-2.236067977499789639e-01,1.565247584249852775e+00,1.788854381999831711e+00,3.130495168499705549e+00,1.788854381999831711e+00,4.472135954999579277e-01,3.354101966249684263e+00,0.000000000000000000e+00,-8.944271909999158554e-01,4.472135954999579277e-01,6.708203932499369193e-01,2.236067977499789639e-01,1.565247584249852775e+00,2.012461179749810647e+00,1.565247584249852775e+00,6.708203932499369193e-01,0.000000000000000000e+00,1.118033988749894903e+00,8.944271909999158554e-01,-2.236067977499789639e-01,-4.472135954999579277e-01,-2.236067977499789639e-01,0.000000000000000000e+00,4.472135954999579277e-01,-2.236067977499789639e-01,-6.708203932499369193e-01,1.118033988749894903e+00,-2.236067977499789639e-01,-6.708203932499369193e-01,-2.012461179749810647e+00,-1.341640786499873839e+00,-8.944271909999158554e-01,0.000000000000000000e+00,-1.565247584249852775e+00,-2.012461179749810647e+00,-3.130495168499705549e+00,-2.236067977499789805e+00,-1.341640786499873839e+00,0.000000000000000000e+00,2.683281572999747677e+00,6.708203932499369193e-01,2.906888370749726391e+00,2.906888370749726391e+00,2.236067977499789805e+00,2.236067977499789805e+00,-8.944271909999158554e-01,-1.341640786499873839e+00,-6.708203932499369193e-01,-1.341640786499873839e+00,-1.565247584249852775e+00,-1.565247584249852775e+00,-8.944271909999158554e-01,-6.708203932499369193e-01,-3.130495168499705549e+00,-3.577708763999663422e+00,-6.708203932499369193e-01,-1.788854381999831711e+00,-6.708203932499369193e-01,-1.565247584249852775e+00,-6.708203932499369193e-01,-1.788854381999831711e+00,-3.354101966249684263e+00,-4.024922359499621294e+00,-5.142956348249516196e+00,-3.130495168499705549e+00,-4.024922359499621294e+00,-4.695742752749557880e+00
4.472135954999579277e-01,8.944271909999158554e-01,-2.236067977499789639e-01,2.236067977499789639e-01,-2.236067977499789639e-01,1.788854381999831711e+00,2.683281572999747677e+00,2.459674775249768519e+00,8.944271909999158554e-01,-6.708203932499369193e-01,4.472135954999579277e-01,-4.472135954999579277e-01,1.565247584249852775e+00,4.472135954999579277e-01,-8.944271909999158554e-01,-1.565247584249852775e+00,-1.788854381999831711e+00,-2.459674775249768519e+00,-4.024922359499621294e+00,-3.577708763999663422e+00,-3.577708763999663422e+00,-1.341640786499873839e+00,-1.788854381999831711e+00,-2.012461179749810647e+00,-2.012461179749810647e+00,-4.472135954999579610e+00,-3.130495168499705549e+00,-4.024922359499621294e+00,-3.801315561749642136e+00,-2.459674775249768519e+00,-2.459674775249768519e+00,-2.236067977499789639e-01,-8.944271909999158554e-01,-2.236067977499789639e-01,-6.708203932499369193e-01,-4.472135954999579277e-01,-1.118033988749894903e+00,-6.708203932499369193e-01,8.944271909999158554e-01,-1.565247584249852775e+00,1.565247584249852775e+00,1.341640786499873839e+00,3.801315561749642136e+00,8.944271909999158554e-01,1.118033988749894903e+00,2.012461179749810647e+00,3.354101966249684263e+00,3.354101966249684263e+00,4.472135954999579610e+00,3.577708763999663422e+00,1.788854381999831711e+00,1.341640786499873839e+00,-4.472135954999579277e-01,-1.118033988749894903e+00,-4.472135954999579277e-01,1.341640786499873839e+00,6.708203932499369193e-01,-2.236067977499789639e-01,4.472135954999579277e-01,2.236067977499789639e-01,-4.472135954999579277e-01,1.341640786499873839e+00,2.906888370749726391e+00,2.683281572999747677e+00,4.695742752749557880e+00,3.354101966249684263e+00,1.565247584249852775e+00,4.472135954999579277e-01,-6.708203932499369193e-01,-2.236067977499789639e-01,-2.236067977499789639e-01,4.472135954999579277e-01,0.000000000000000000e+00,4.472135954999579277e-01,0.000000000000000000e+00,-1.788854381999831711e+00,-1.565247584249852775e+00,-4.472135954999579277e-01,-1.788854381999831711e+00,-2.012461179749810647e+00,-3.354101966249684263e+00,-4.919349550499537038e+00,-4.472135954999579610e+00,-3.130495168499705549e+00,-4.024922359499621294e+00,-3.130495168499705549e+00,-2.459674775249768519e+00,-1.341640786499873839e+00,-2.236067977499789805e+00,-1.788854381999831711e+00,-1.341640786499873839e+00,-8.944271909999158554e-01,-1.341640786499873839e+00,-2.459674775249768519e+00,-3.130495168499705549e+00,-3.354101966249684263e+00,-4.024922359499621294e+00,-3.130495168499705549e+00,-1.118033988749894903e+00,-2.012461179749810647e+00,-2.683281572999747677e+00,-3.130495168499705549e+00,-2.459674775249768519e+00,-3.130495168499705549e+00,-4.472135954999579610e+00,-3.801315561749642136e+00,-3.130495168499705549e+00,-3.130495168499705549e+00,-2.459674775249768519e+00,-3.354101966249684263e+00,-1.341640786499873839e+00,-4.472135954999579277e-01,-6.708203932499369193e-01,8.944271909999158554e-01,0.000000000000000000e+00,8.944271909999158554e-01,3.577708763999663422e+00,2.683281572999747677e+00,4.024922359499621294e+00,4.024922359499621294e+00,3.130495168499705549e+00,1.565247584249852775e+00,8.944271909999158554e-01,1.118033988749894903e+00,2.683281572999747677e+00,2.459674775249768519e+00,4.472135954999579610e+00,4.024922359499621294e+00,4.919349550499537038e+00,4.472135954999579610e+00,4.472135954999579610e+00,5.142956348249516196e+00,4.919349550499537038e+00,4.248529157249600452e+00,3.801315561749642136e+00,6.037383539249431941e+00,4.919349550499537038e+00,3.354101966249684263e+00,1.788854381999831711e+00,2.236067977499789639e-01,-1.565247584249852775e+00,-3.130495168499705549e+00,-2.236067977499789639e-01,-2.459674775249768519e+00,-2.683281572999747677e+00,-4.919349550499537038e+00,-6.484597134749389369e+00,-6.260990336999411099e+00,-5.142956348249516196e+00,-4.695742752749557880e+00,-4.695742752749557880e+00,-2.906888370749726391e+00,-3.801315561749642136e+00,-4.695742752749557880e+00,-6.484597134749389369e+00,-6.260990336999411099e+00,-6.931810730249347685e+00,-6.037383539249431941e+00,-6.484597134749389369e+00,-5.590169943749473624e+00,-3.801315561749642136e+00,-3.354101966249684263e+00,-2.236067977499789805e+00,-1.788854381999831711e+00,-2.012461179749810647e+00,-2.236067977499789805e+00,-2.459674775249768519e+00,-1.341640786499873839e+00,0.000000000000000000e+00,-8.944271909999158554e-01,-6.708203932499369193e-01,-1.341640786499873839e+00,-4.472135954999579277e-01,1.118033988749894903e+00,1.118033988749894903e+00,1.118033988749894903e+00,2.236067977499789805e+00,8.944271909999158554e-01,0.000000000000000000e+00,0.000000000000000000e+00,-2.236067977499789639e-01,-2.236067977499789805e+00,-3.577708763999663422e+00,-3.801315561749642136e+00,-3.354101966249684263e+00,-3.130495168499705549e+00,-3.130495168499705549e+00,-2.683281572999747677e+00,-2.236067977499789805e+00,-1.788854381999831711e+00,-1.565247584249852775e+00,-1.565247584249852775e+00,-2.459674775249768519e+00,-2.459674775249768519e+00,0.000000000000000000e+00,-2.236067977499789639e-01,-1.118033988749894903e+00,-6.708203932499369193e-01,-8.944271909999158554e-01,-2.906888370749726391e+00,-4.024922359499621294e+00,-3.801315561749642136e+00,-3.354101966249684263e+00,-4.695742752749557880e+00,-3.801315561749642136e+00,-4.472135954999579610e+00,-4.248529157249600452e+00,-6.484597134749389369e+00,-4.024922359499621294e+00,-4.919349550499537038e+00,-4.024922359499621294e+00,-4.248529157249600452e+00,-4.695742752749557880e+00,-2.906888370749726391e+00,-1.788854381999831711e+00,-2.906888370749726391e+00,-3.354101966249684263e+00,-3.577708763999663422e+00,-2.012461179749810647e+00,-1.118033988749894903e+00,-2.459674775249768519e+00,-3.577708763999663422e+00,-4.248529157249600452e+00,-4.472135954999579610e+00,-6.260990336999411099e+00,-4.695742752749557880e+00,-4.248529157249600452e+00,-4.024922359499621294e+00,-4.919349550499537038e+00,-5.366563145999495354e+00,-6.260990336999411099e+00,-3.801315561749642136e+00,-3.130495168499705549e+00,-1.118033988749894903e+00,2.236067977499789639e-01,-2.236067977499789639e-01,-4.472135954999579277e-01,-4.472135954999579277e-01,8.944271909999158554e-01,1.341640786499873839e+00,3.130495168499705549e+00,4.248529157249600452e+00,3.577708763999663422e+00,4.472135954999579610e+00,5.813776741499452783e+00,8.049844718999242588e+00,5.590169943749473624e+00,6.037383539249431941e+00,4.695742752749557880e+00,3.354101966249684263e+00,3.577708763999663422e+00,2.459674775249768519e+00,6.708203932499369193e-01,0.000000000000000000e+00,6.708203932499369193e-01,1.341640786499873839e+00,6.708203932499369193e-01,1.788854381999831711e+00,1.118033988749894903e+00,2.012461179749810647e+00,8.944271909999158554e-01,-1.118033988749894903e+00,-1.788854381999831711e+00,-2.459674775249768519e+00,-3.354101966249684263e+00,-2.012461179749810647e+00,-2.683281572999747677e+00,-2.236067977499789805e+00,-2.012461179749810647e+00,-1.118033988749894903e+00,-1.118033988749894903e+00,-6.708203932499369193e-01,6.708203932499369193e-01,3.130495168499705549e+00,1.565247584249852775e+00,1.788854381999831711e+00,-4.472135954999579277e-01,-1.788854381999831711e+00,-8.944271909999158554e-01,-2.012461179749810647e+00,-2.236067977499789805e+00,-1.788854381999831711e+00,-2.236067977499789805e+00,-1.118033988749894903e+00,2.236067977499789639e-01,6.708203932499369193e-01,1.788854381999831711e+00,1.341640786499873839e+00,2.459674775249768519e+00,2.236067977499789805e+00,1.341640786499873839e+00,2.906888370749726391e+00,4.024922359499621294e+00,4.248529157249600452e+00,3.801315561749642136e+00,4.695742752749557880e+00,4.248529157249600452e+00,4.248529157249600452e+00,2.236067977499789805e+00,4.472135954999579277e-01,1.341640786499873839e+00,3.130495168499705549e+00,4.472135954999579277e-01,-4.472135954999579277e-01,-2.236067977499789639e-01,2.236067977499789639e-01,-2.012461179749810647e+00,-4.024922359499621294e+00,-3.577708763999663422e+00,-3.577708763999663422e+00,-3.130495168499705549e+00,-3.577708763999663422e+00,-3.130495168499705549e+00,-4.248529157249600452e+00,-3.577708763999663422e+00,-4.472135954999579610e+00,-2.236067977499789805e+00,-1.341640786499873839e+00,-4.248529157249600452e+00,-5.366563145999495354e+00,-4.024922359499621294e+00,-3.354101966249684263e+00,-1.341640786499873839e+00,-1.565247584249852775e+00,-8.944271909999158554e-01,-2.459674775249768519e+00,-1.788854381999831711e+00,-3.354101966249684263e+00,-3.354101966249684263e+00,-4.024922359499621294e+00,-3.130495168499705549e+00,-2.683281572999747677e+00,-2.236067977499789805e+00,-1.565247584249852775e+00,-2.012461179749810647e+00,-2.683281572999747677e+00,-3.801315561749642136e+00,-4.248529157249600452e+00,-4.024922359499621294e+00,-3.801315561749642136e+00,-2.236067977499789805e+00,-2.906888370749726391e+00,-2.459674775249768519e+00,-3.130495168499705549e+00,-2.012461179749810647e+00,-1.118033988749894903e+00,4.472135954999579277e-01,-6.708203932499369193e-01,6.708203932499369193e-01,8.944271909999158554e-01,2.236067977499789639e-01,-2.236067977499789639e-01,2.236067977499789639e-01,0.000000000000000000e+00,-2.236067977499789639e-01,-1.565247584249852775e+00,-1.118033988749894903e+00,-1.788854381999831711e+00,0.000000000000000000e+00,-6.708203932499369193e-01,-1.118033988749894903e+00,-6.708203932499369193e-01,-2.012461179749810647e+00,-2.236067977499789805e+00,-2.236067977499789805e+00,-3.354101966249684263e+00,-3.354101966249684263e+00,-4.024922359499621294e+00,-3.577708763999663422e+00,-3.354101966249684263e+00,-3.577708763999663422e+00,-1.788854381999831711e+00,-3.130495168499705549e+00,-1.565247584249852775e+00,6.708203932499369193e-01,1.118033988749894903e+00,1.565247584249852775e+00,2.012461179749810647e+00,2.906888370749726391e+00,2.012461179749810647e+00,2.012461179749810647e+00,0.000000000000000000e+00,-6.708203932499369193e-01,-1.118033988749894903e+00,-3.577708763999663422e+00,-3.577708763999663422e+00,-4.248529157249600452e+00,-4.472135954999579610e+00,-3.801315561749642136e+00,-3.354101966249684263e+00,-1.565247584249852775e+00,2.236067977499789639e-01,0.000000000000000000e+00,-1.118033988749894903e+00,-4.248529157249600452e+00,-4.248529157249600452e+00,-4.248529157249600452e+00,-3.354101966249684263e+00,-8.944271909999158554e-01,-8.944271909999158554e-01,-2.012461179749810647e+00,0.000000000000000000e+00,1.565247584249852775e+00,1.565247584249852775e+00,1.341640786499873839e+00,1.788854381999831711e+00,1.341640786499873839e+00,2.012461179749810647e+00,0.000000000000000000e+00,0.000000000000000000e+00,4.472135954999579277e-01,1.565247584249852775e+00,2.683281572999747677e+00,1.341640786499873839e+00,0.000000000000000000e+00,8.944271909999158554e-01,1.788854381999831711e+00,2.906888370749726391e+00,3.354101966249684263e+00,4.919349550499537038e+00,2.236067977499789805e+00,3.130495168499705549e+00,6.708203932499369193e-01,2.012461179749810647e+00,4.024922359499621294e+00,5.142956348249516196e+00,5.142956348249516196e+00,4.472135954999579610e+00,4.248529157249600452e+00,4.472135954999579610e+00,6.037383539249431941e+00,4.919349550499537038e+00,6.260990336999411099e+00,5.813776741499452783e+00,6.260990336999411099e+00,4.919349550499537038e+00,6.037383539249431941e+00,5.366563145999495354e+00,4.248529157249600452e+00,3.577708763999663422e+00,2.012461179749810647e+00,3.577708763999663422e+00,3.577708763999663422e+00,3.577708763999663422e+00,4.695742752749557880e+00,5.813776741499452783e+00,5.813776741499452783e+00,7.379024325749306001e+00,7.826237921249263430e+00,6.260990336999411099e+00,5.142956348249516196e+00,4.695742752749557880e+00,5.366563145999495354e+00,3.577708763999663422e+00,3.801315561749642136e+00,3.577708763999663422e+00,2.236067977499789805e+00,1.118033988749894903e+00,-2.236067977499789639e-01,-2.012461179749810647e+00,-2.459674775249768519e+00,-3.130495168499705549e+00,-4.695742752749557880e+00,-4.919349550499537038e+00,-3.577708763999663422e+00,-4.024922359499621294e+00,-4.472135954999579610e+00,-7.602631123499284271e+00,-6.484597134749389369e+00,-6.260990336999411099e+00,-3.577708763999663422e+00,-4.248529157249600452e+00,-3.130495168499705549e+00,-6.708203932499369193e-01,-8.944271909999158554e-01,-2.012461179749810647e+00,-2.236067977499789639e-01,-2.012461179749810647e+00,-2.906888370749726391e+00,-2.012461179749810647e+00,-8.944271909999158554e-01,-1.565247584249852775e+00,-3.354101966249684263e+00,-2.236067977499789805e+00,-1.565247584249852775e+00,4.472135954999579277e-01,1.565247584249852775e+00,2.012461179749810647e+00,1.565247584249852775e+00,8.944271909999158554e-01,1.788854381999831711e+00,1.341640786499873839e+00,1.788854381999831711e+00,1.788854381999831711e+00,3.130495168499705549e+00,2.459674775249768519e+00,3.130495168499705549e+00,3.130495168499705549e+00,2.459674775249768519e+00,4.248529157249600452e+00
1.565247584249852775e+00,2.459674775249768519e+00,3.801315561749642136e+00,3.801315561749642136e+00,4.248529157249600452e+00,5.142956348249516196e+00,4.695742752749557880e+00,4.919349550499537038e+00,1.118033988749894903e+00,0.000000000000000000e+00,-2.236067977499789639e-01,-1.341640786499873839e+00,-6.708203932499369193e-01,-1.341640786499873839e+00,-2.012461179749810647e+00,-1.788854381999831711e+00,-2.459674775249768519e+00,-8.944271909999158554e-01,0.000000000000000000e+00,0.000000000000000000e+00,1.341640786499873839e+00,4.472135954999579277e-01,-6.708203932499369193e-01,-2.236067977499789639e-01,-2.236067977499789639e-01,1.118033988749894903e+00,1.341640786499873839e+00,0.000000000000000000e+00,8.944271909999158554e-01,0.000000000000000000e+00,-2.683281572999747677e+00,-1.118033988749894903e+00,-8.944271909999158554e-01,-6.708203932499369193e-01,-2.236067977499789805e+00,-2.012461179749810647e+00,-8.944271909999158554e-01,-1.788854381999831711e+00,4.472135954999579277e-01,-2.236067977499789639e-01,-6.708203932499369193e-01,4.472135954999579277e-01,4.472135954999579277e-01,-4.472135954999579277e-01,-4.472135954999579277e-01,4.472135954999579277e-01,1.341640786499873839e+00,-4.472135954999579277e-01,-1.341640786499873839e+00,-1.565247584249852775e+00,-6.708203932499369193e-01,6.708203932499369193e-01,2.236067977499789639e-01,-6.708203932499369193e-01,-6.708203932499369193e-01,-2.236067977499789805e+00,4.472135954999579277e-01,1.341640786499873839e+00,1.565247584249852775e+00,0.000000000000000000e+00,-2.236067977499789639e-01,-8.944271909999158554e-01,-1.118033988749894903e+00,-2.236067977499789639e-01,-1.341640786499873839e+00,-2.683281572999747677e+00,-8.944271909999158554e-01,2.236067977499789639e-01,4.472135954999579277e-01,-4.472135954999579277e-01,-6.708203932499369193e-01,8.944271909999158554e-01,1.788854381999831711e+00,2.236067977499789805e+00,3.354101966249684263e+00,2.459674775249768519e+00,2.906888370749726391e+00,2.012461179749810647e+00,1.788854381999831711e+00,8.944271909999158554e-01,1.118033988749894903e+00,6.708203932499369193e-01,-6.708203932499369193e-01,1.118033988749894903e+00,2.236067977499789639e-01,8.944271909999158554e-01,-6.708203932499369193e-01,-2.236067977499789639e-01,-8.944271909999158554e-01,-1.788854381999831711e+00,2.236067977499789639e-01,4.472135954999579277e-01,6.708203932499369193e-01,1.565247584249852775e+00,2.459674775249768519e+00,1.341640786499873839e+00,8.944271909999158554e-01,1.118033988749894903e+00,-4.472135954999579277e-01,1.565247584249852775e+00,2.236067977499789639e-01,2.906888370749726391e+00,8.944271909999158554e-01,2.236067977499789639e-01,-8.944271909999158554e-01,-1.341640786499873839e+00,-2.459674775249768519e+00,-2.236067977499789805e+00,-2.236067977499789639e-01,1.565247584249852775e+00,-6.708203932499369193e-01,-6.708203932499369193e-01,1.118033988749894903e+00,1.341640786499873839e+00,4.472135954999579277e-01,1.565247584249852775e+00,8.944271909999158554e-01,1.341640786499873839e+00,4.472135954999579277e-01,-1.118033988749894903e+00,-2.683281572999747677e+00,-1.788854381999831711e+00,-1.565247584249852775e+00,-8.944271909999158554e-01,1.788854381999831711e+00,2.012461179749810647e+00,2.012461179749810647e+00,8.944271909999158554e-01,1.118033988749894903e+00,6.708203932499369193e-01,0.000000000000000000e+00,-2.459674775249768519e+00,-1.118033988749894903e+00,-2.012461179749810647e+00,-1.565247584249852775e+00,-2.683281572999747677e+00,-3.801315561749642136e+00,-2.683281572999747677e+00,-3.130495168499705549e+00,-2.906888370749726391e+00,-3.354101966249684263e+00,-4.248529157249600452e+00,-4.919349550499537038e+00,-5.590169943749473624e+00,-5.813776741499452783e+00,-4.919349550499537038e+00,-4.248529157249600452e+00,-3.354101966249684263e+00,-3.577708763999663422e+00,-3.130495168499705549e+00,-1.788854381999831711e+00,-2.012461179749810647e+00,-2.459674775249768519e+00,-3.354101966249684263e+00,-2.906888370749726391e+00,-1.341640786499873839e+00,-2.459674775249768519e+00,-3.354101966249684263e+00,-2.683281572999747677e+00,-2.012461179749810647e+00,-1.341640786499873839e+00,-1.788854381999831711e+00,-1.565247584249852775e+00,-8.944271909999158554e-01,-1.788854381999831711e+00,-2.906888370749726391e+00,-3.354101966249684263e+00,-1.565247584249852775e+00,-1.118033988749894903e+00,-6.708203932499369193e-01,1.788854381999831711e+00,6.708203932499369193e-01,2.683281572999747677e+00,3.577708763999663422e+00,4.024922359499621294e+00,3.801315561749642136e+00,3.801315561749642136e+00,4.024922359499621294e+00,3.354101966249684263e+00,4.024922359499621294e+00,2.683281572999747677e+00,2.012461179749810647e+00,2.236067977499789805e+00,4.472135954999579610e+00,6.708203932499368527e+00,8.273451516749220858e+00,8.720665112249179174e+00,1.028591269649903239e+01,8.049844718999242588e+00,8.944271909999159220e+00,7.602631123499284271e+00,7.602631123499284271e+00,5.366563145999495354e+00,4.695742752749557880e+00,2.906888370749726391e+00,0.000000000000000000e+00,-8.944271909999158554e-01,6.708203932499369193e-01,8.944271909999158554e-01,-4.472135954999579277e-01,0.000000000000000000e+00,-1.118033988749894903e+00,-8.944271909999158554e-01,-6.708203932499369193e-01,-6.708203932499369193e-01,-1.341640786499873839e+00,-1.118033988749894903e+00,-2.012461179749810647e+00,-2.906888370749726391e+00,-2.459674775249768519e+00,-2.683281572999747677e+00,-8.944271909999158554e-01,-6.708203932499369193e-01,6.708203932499369193e-01,2.236067977499789639e-01,4.472135954999579277e-01,4.024922359499621294e+00,3.354101966249684263e+00,3.801315561749642136e+00,3.801315561749642136e+00,2.459674775249768519e+00,2.236067977499789805e+00,1.565247584249852775e+00,-6.708203932499369193e-01,-1.565247584249852775e+00,-1.341640786499873839e+00,-1.788854381999831711e+00,-1.565247584249852775e+00,-3.577708763999663422e+00,-5.366563145999495354e+00,-6.931810730249347685e+00,-7.602631123499284271e+00,-6.484597134749389369e+00,-6.708203932499368527e+00,-4.024922359499621294e+00,-3.577708763999663422e+00,-3.577708763999663422e+00,-2.906888370749726391e+00,-3.130495168499705549e+00,-2.906888370749726391e+00,-4.248529157249600452e+00,-3.577708763999663422e+00,-4.472135954999579610e+00,-4.919349550499537038e+00,-6.037383539249431941e+00,-6.260990336999411099e+00,-6.260990336999411099e+00,-5.590169943749473624e+00,-4.472135954999579610e+00,-4.024922359499621294e+00,-1.565247584249852775e+00,-1.118033988749894903e+00,8.944271909999158554e-01,2.236067977499789639e-01,2.012461179749810647e+00,1.788854381999831711e+00,1.118033988749894903e+00,1.788854381999831711e+00,-1.341640786499873839e+00,-1.788854381999831711e+00,-2.236067977499789805e+00,-2.459674775249768519e+00,-6.708203932499369193e-01,-8.944271909999158554e-01,-1.565247584249852775e+00,-8.944271909999158554e-01,-8.944271909999158554e-01,-8.944271909999158554e-01,2.236067977499789639e-01,8.944271909999158554e-01,6.708203932499369193e-01,1.565247584249852775e+00,2.012461179749810647e+00,1.565247584249852775e+00,2.012461179749810647e+00,2.906888370749726391e+00,3.577708763999663422e+00,2.012461179749810647e+00,3.354101966249684263e+00,4.248529157249600452e+00,2.906888370749726391e+00,3.354101966249684263e+00,2.012461179749810647e+00,8.944271909999158554e-01,8.944271909999158554e-01,8.944271909999158554e-01,1.788854381999831711e+00,6.708203932499369193e-01,4.472135954999579277e-01,0.000000000000000000e+00,2.236067977499789639e-01,1.565247584249852775e+00,1.341640786499873839e+00,2.906888370749726391e+00,1.341640786499873839e+00,8.944271909999158554e-01,2.236067977499789639e-01,2.236067977499789639e-01,2.236067977499789639e-01,4.472135954999579277e-01,1.341640786499873839e+00,2.236067977499789805e+00,2.683281572999747677e+00,4.919349550499537038e+00,4.472135954999579610e+00,3.801315561749642136e+00,5.142956348249516196e+00,4.024922359499621294e+00,4.919349550499537038e+00,4.024922359499621294e+00,6.484597134749389369e+00,5.366563145999495354e+00,3.577708763999663422e+00,3.801315561749642136e+00,2.236067977499789805e+00,2.012461179749810647e+00,2.236067977499789805e+00,1.565247584249852775e+00,1.788854381999831711e+00,4.024922359499621294e+00,2.459674775249768519e+00,2.012461179749810647e+00,4.248529157249600452e+00,5.590169943749473624e+00,7.379024325749306001e+00,8.497058314499200904e+00,4.248529157249600452e+00,4.695742752749557880e+00,4.472135954999579610e+00,2.012461179749810647e+00,1.341640786499873839e+00,1.341640786499873839e+00,1.341640786499873839e+00,0.000000000000000000e+00,2.236067977499789639e-01,1.118033988749894903e+00,4.472135954999579277e-01,2.459674775249768519e+00,3.354101966249684263e+00,2.683281572999747677e+00,1.341640786499873839e+00,2.236067977499789805e+00,2.236067977499789805e+00,6.708203932499369193e-01,-1.565247584249852775e+00,-2.236067977499789805e+00,-3.354101966249684263e+00,-1.341640786499873839e+00,-6.708203932499369193e-01,-1.565247584249852775e+00,-4.472135954999579277e-01,-1.341640786499873839e+00,-1.565247584249852775e+00,-8.944271909999158554e-01,8.944271909999158554e-01,1.565247584249852775e+00,1.788854381999831711e+00,1.788854381999831711e+00,2.906888370749726391e+00,2.459674775249768519e+00,8.944271909999158554e-01,-2.236067977499789639e-01,-2.236067977499789639e-01,0.000000000000000000e+00,-4.472135954999579277e-01,-4.472135954999579277e-01,6.708203932499369193e-01,-8.944271909999158554e-01,-1.341640786499873839e+00,-2.012461179749810647e+00,-1.788854381999831711e+00,-2.236067977499789639e-01,-1.341640786499873839e+00,-3.130495168499705549e+00,-3.354101966249684263e+00,-2.683281572999747677e+00,-4.248529157249600452e+00,-5.142956348249516196e+00,-4.024922359499621294e+00,-4.919349550499537038e+00,-5.366563145999495354e+00,-4.248529157249600452e+00,-5.366563145999495354e+00,-5.813776741499452783e+00,-5.142956348249516196e+00,-5.590169943749473624e+00,-6.931810730249347685e+00,-6.037383539249431941e+00,-4.248529157249600452e+00,-1.565247584249852775e+00,-8.944271909999158554e-01,-3.801315561749642136e+00,-4.472135954999579610e+00,-4.472135954999579610e+00,-3.577708763999663422e+00,-4.695742752749557880e+00,-5.366563145999495354e+00,-4.472135954999579610e+00,-4.695742752749557880e+00,-6.037383539249431941e+00,-5.142956348249516196e+00,-3.801315561749642136e+00,-4.248529157249600452e+00,-5.142956348249516196e+00,-6.484597134749389369e+00,-4.695742752749557880e+00,-4.919349550499537038e+00,-4.919349550499537038e+00,-6.037383539249431941e+00,-4.919349550499537038e+00,-5.142956348249516196e+00,-3.801315561749642136e+00,-2.012461179749810647e+00,-2.906888370749726391e+00,-1.788854381999831711e+00,-1.788854381999831711e+00,-2.012461179749810647e+00,-1.565247584249852775e+00,-6.708203932499369193e-01,-2.012461179749810647e+00,-1.118033988749894903e+00,2.236067977499789639e-01,0.000000000000000000e+00,-8.944271909999158554e-01,0.000000000000000000e+00,6.708203932499369193e-01,-4.472135954999579277e-01,8.944271909999158554e-01,2.459674775249768519e+00,-8.944271909999158554e-01,0.000000000000000000e+00,2.236067977499789805e+00,2.683281572999747677e+00,4.472135954999579277e-01,-2.236067977499789639e-01,-1.788854381999831711e+00,-1.788854381999831711e+00,-2.012461179749810647e+00,-4.472135954999579277e-01,-1.788854381999831711e+00,-2.012461179749810647e+00,-8.944271909999158554e-01,-4.472135954999579277e-01,0.000000000000000000e+00,-6.708203932499369193e-01,-2.906888370749726391e+00,-1.788854381999831711e+00,-8.944271909999158554e-01,1.565247584249852775e+00,0.000000000000000000e+00,2.236067977499789639e-01,8.944271909999158554e-01,-8.944271909999158554e-01,-6.708203932499369193e-01,0.000000000000000000e+00,-2.012461179749810647e+00,-1.565247584249852775e+00,-1.118033988749894903e+00,-2.012461179749810647e+00,-1.118033988749894903e+00,-4.472135954999579277e-01,-4.472135954999579277e-01,-1.341640786499873839e+00,-8.944271909999158554e-01,2.236067977499789805e+00,1.788854381999831711e+00,-8.944271909999158554e-01,-1.341640786499873839e+00,-3.354101966249684263e+00,-3.354101966249684263e+00,-3.801315561749642136e+00,-3.354101966249684263e+00,-4.919349550499537038e+00,-4.695742752749557880e+00,-6.931810730249347685e+00,-6.931810730249347685e+00,-7.155417527999326843e+00,-8.049844718999242588e+00,-9.615092303249095806e+00,-9.391485505499115760e+00,-1.095673308974896898e+01,-8.944271909999159220e+00,-6.260990336999411099e+00,-5.590169943749473624e+00,-3.801315561749642136e+00,-3.577708763999663422e+00,-4.024922359499621294e+00,-4.472135954999579610e+00,-5.366563145999495354e+00,-5.813776741499452783e+00,-5.366563145999495354e+00,-4.695742752749557880e+00,-2.459674775249768519e+00,-2.236067977499789805e+00,-2.459674775249768519e+00,-1.341640786499873839e+00,-1.788854381999831711e+00,-1.341640786499873839e+00,2.236067977499789639e-01,6.708203932499369193e-01
-2.906888370749726391e+00,-3.801315561749642136e+00,-4.248529157249600452e+00,-3.801315561749642136e+00,-3.354101966249684263e+00,-2.012461179749810647e+00,8.944271909999158554e-01,4.472135954999579277e-01,-4.472135954999579277e-01,2.236067977499789639e-01,-2.236067977499789639e-01,2.236067977499789639e-01,3.354101966249684263e+00,3.577708763999663422e+00,2.459674775249768519e+00,0.000000000000000000e+00,0.000000000000000000e+00,1.118033988749894903e+00,1.565247584249852775e+00,1.788854381999831711e+00,1.341640786499873839e+00,-4.472135954999579277e-01,6.708203932499369193e-01,1.341640786499873839e+00,-4.472135954999579277e-01,0.000000000000000000e+00,1.118033988749894903e+00,1.788854381999831711e+00,1.341640786499873839e+00,2.012461179749810647e+00,2.683281572999747677e+00,2.012461179749810647e+00,2.236067977499789805e+00,4.024922359499621294e+00,2.906888370749726391e+00,2.459674775249768519e+00,3.354101966249684263e+00,4.472135954999579610e+00,4.024922359499621294e+00,1.118033988749894903e+00,1.118033988749894903e+00,2.236067977499789639e-01,-1.565247584249852775e+00,2.236067977499789639e-01,4.472135954999579277e-01,-6.708203932499369193e-01,8.944271909999158554e-01,1.788854381999831711e+00,4.695742752749557880e+00,5.590169943749473624e+00,4.695742752749557880e+00,4.248529157249600452e+00,4.024922359499621294e+00,4.248529157249600452e+00,4.695742752749557880e+00,4.024922359499621294e+00,1.341640786499873839e+00,1.788854381999831711e+00,2.236067977499789805e+00,6.708203932499369193e-01,-4.472135954999579277e-01,-6.708203932499369193e-01,-4.472135954999579277e-01,2.683281572999747677e+00,2.459674775249768519e+00,3.130495168499705549e+00,4.248529157249600452e+00,2.236067977499789805e+00,1.565247584249852775e+00,6.708203932499369193e-01,1.565247584249852775e+00,2.906888370749726391e+00,2.012461179749810647e+00,8.944271909999158554e-01,2.236067977499789805e+00,2.012461179749810647e+00,2.459674775249768519e+00,2.459674775249768519e+00,2.236067977499789805e+00,4.024922359499621294e+00,3.354101966249684263e+00,2.012461179749810647e+00,2.683281572999747677e+00,1.118033988749894903e+00,8.944271909999158554e-01,1.341640786499873839e+00,1.341640786499873839e+00,1.788854381999831711e+00,4.472135954999579277e-01,4.472135954999579277e-01,-1.118033988749894903e+00,-4.472135954999579277e-01,-6.708203932499369193e-01,4.472135954999579277e-01,1.341640786499873839e+00,1.341640786499873839e+00,1.118033988749894903e+00,1.118033988749894903e+00,8.944271909999158554e-01,8.944271909999158554e-01,2.459674775249768519e+00,2.683281572999747677e+00,3.577708763999663422e+00,4.919349550499537038e+00,4.472135954999579610e+00,5.366563145999495354e+00,4.919349550499537038e+00,4.695742752749557880e+00,4.919349550499537038e+00,3.801315561749642136e+00,3.577708763999663422e+00,4.472135954999579610e+00,4.472135954999579277e-01,1.788854381999831711e+00,1.118033988749894903e+00,1.565247584249852775e+00,2.906888370749726391e+00,1.788854381999831711e+00,0.000000000000000000e+00,0.000000000000000000e+00,4.472135954999579277e-01,-1.565247584249852775e+00,-4.472135954999579277e-01,8.944271909999158554e-01,2.012461179749810647e+00,1.341640786499873839e+00,2.012461179749810647e+00,5.142956348249516196e+00,3.577708763999663422e+00,2.236067977499789805e+00,4.248529157249600452e+00,6.260990336999411099e+00,6.037383539249431941e+00,4.919349550499537038e+00,5.142956348249516196e+00,5.813776741499452783e+00,5.142956348249516196e+00,5.366563145999495354e+00,5.590169943749473624e+00,6.037383539249431941e+00,6.037383539249431941e+00,3.577708763999663422e+00,3.354101966249684263e+00,3.130495168499705549e+00,4.024922359499621294e+00,5.142956348249516196e+00,3.577708763999663422e+00,3.354101966249684263e+00,1.341640786499873839e+00,-6.708203932499369193e-01,0.000000000000000000e+00,2.236067977499789639e-01,-2.236067977499789639e-01,1.341640786499873839e+00,1.565247584249852775e+00,2.906888370749726391e+00,2.459674775249768519e+00,2.236067977499789805e+00,3.130495168499705549e+00,3.354101966249684263e+00,1.118033988749894903e+00,1.788854381999831711e+00,1.788854381999831711e+00,2.012461179749810647e+00,3.130495168499705549e+00,3.130495168499705549e+00,1.341640786499873839e+00,2.906888370749726391e+00,4.024922359499621294e+00,1.788854381999831711e+00,2.459674775249768519e+00,3.801315561749642136e+00,2.012461179749810647e+00,4.472135954999579610e+00,3.354101966249684263e+00,4.248529157249600452e+00,3.801315561749642136e+00,2.683281572999747677e+00,2.012461179749810647e+00,1.565247584249852775e+00,2.459674775249768519e+00,2.459674775249768519e+00,3.801315561749642136e+00,2.459674775249768519e+00,1.565247584249852775e+00,2.906888370749726391e+00,2.459674775249768519e+00,2.012461179749810647e+00,2.906888370749726391e+00,2.906888370749726391e+00,2.906888370749726391e+00,5.142956348249516196e+00,4.248529157249600452e+00,3.354101966249684263e+00,2.459674775249768519e+00,1.565247584249852775e+00,1.118033988749894903e+00,3.577708763999663422e+00,4.248529157249600452e+00,2.459674775249768519e+00,2.236067977499789805e+00,3.130495168499705549e+00,8.944271909999158554e-01,0.000000000000000000e+00,-1.118033988749894903e+00,-1.341640786499873839e+00,-2.683281572999747677e+00,-2.683281572999747677e+00,-1.118033988749894903e+00,-1.341640786499873839e+00,-2.012461179749810647e+00,-2.236067977499789639e-01,-1.788854381999831711e+00,-2.012461179749810647e+00,-2.012461179749810647e+00,-3.130495168499705549e+00,-2.459674775249768519e+00,-3.354101966249684263e+00,-3.354101966249684263e+00,-3.801315561749642136e+00,-4.024922359499621294e+00,-2.683281572999747677e+00,-2.236067977499789805e+00,-1.118033988749894903e+00,-2.236067977499789639e-01,2.236067977499789639e-01,-2.012461179749810647e+00,-2.906888370749726391e+00,-1.118033988749894903e+00,-1.118033988749894903e+00,8.944271909999158554e-01,2.906888370749726391e+00,3.577708763999663422e+00,4.248529157249600452e+00,4.695742752749557880e+00,2.236067977499789805e+00,2.459674775249768519e+00,3.801315561749642136e+00,3.354101966249684263e+00,4.472135954999579610e+00,3.577708763999663422e+00,2.459674775249768519e+00,6.708203932499369193e-01,6.708203932499369193e-01,6.708203932499369193e-01,4.472135954999579277e-01,-6.708203932499369193e-01,-6.708203932499369193e-01,2.236067977499789639e-01,-1.118033988749894903e+00,-1.565247584249852775e+00,4.472135954999579277e-01,2.683281572999747677e+00,2.683281572999747677e+00,4.919349550499537038e+00,6.931810730249347685e+00,7.155417527999326843e+00,6.708203932499368527e+00,4.472135954999579610e+00,4.248529157249600452e+00,3.801315561749642136e+00,2.459674775249768519e+00,3.801315561749642136e+00,5.590169943749473624e+00,3.801315561749642136e+00,4.024922359499621294e+00,2.683281572999747677e+00,1.788854381999831711e+00,4.472135954999579277e-01,0.000000000000000000e+00,0.000000000000000000e+00,-1.118033988749894903e+00,-4.472135954999579277e-01,-1.565247584249852775e+00,-6.708203932499369193e-01,4.472135954999579277e-01,0.000000000000000000e+00,8.944271909999158554e-01,2.012461179749810647e+00,2.236067977499789805e+00,0.000000000000000000e+00,1.118033988749894903e+00,1.341640786499873839e+00,1.118033988749894903e+00,-2.236067977499789639e-01,2.236067977499789639e-01,-4.472135954999579277e-01,2.236067977499789639e-01,-2.236067977499789639e-01,8.944271909999158554e-01,4.472135954999579277e-01,6.708203932499369193e-01,0.000000000000000000e+00,2.236067977499789639e-01,-4.472135954999579277e-01,1.118033988749894903e+00,2.683281572999747677e+00,3.354101966249684263e+00,3.577708763999663422e+00,4.472135954999579610e+00,5.366563145999495354e+00,5.142956348249516196e+00,5.366563145999495354e+00,5.366563145999495354e+00,3.801315561749642136e+00,2.906888370749726391e+00,2.906888370749726391e+00,4.248529157249600452e+00,2.012461179749810647e+00,3.130495168499705549e+00,3.801315561749642136e+00,2.459674775249768519e+00,3.801315561749642136e+00,3.354101966249684263e+00,2.459674775249768519e+00,2.906888370749726391e+00,1.565247584249852775e+00,1.118033988749894903e+00,0.000000000000000000e+00,4.472135954999579277e-01,8.944271909999158554e-01,-8.944271909999158554e-01,-1.341640786499873839e+00,-1.118033988749894903e+00,-1.118033988749894903e+00,-2.012461179749810647e+00,-3.130495168499705549e+00,-1.118033988749894903e+00,-2.906888370749726391e+00,-1.118033988749894903e+00,-1.118033988749894903e+00,-1.341640786499873839e+00,-2.012461179749810647e+00,-1.565247584249852775e+00,-2.012461179749810647e+00,-4.472135954999579277e-01,-1.341640786499873839e+00,-1.788854381999831711e+00,-1.565247584249852775e+00,-1.341640786499873839e+00,-2.459674775249768519e+00,-3.130495168499705549e+00,-4.472135954999579610e+00,-1.788854381999831711e+00,-2.683281572999747677e+00,-2.012461179749810647e+00,-3.354101966249684263e+00,-2.236067977499789805e+00,-1.118033988749894903e+00,-2.012461179749810647e+00,-1.788854381999831711e+00,-2.012461179749810647e+00,-4.472135954999579277e-01,-2.236067977499789639e-01,-2.459674775249768519e+00,-2.906888370749726391e+00,-2.236067977499789805e+00,-2.906888370749726391e+00,-1.788854381999831711e+00,-2.459674775249768519e+00,-4.472135954999579610e+00,-4.248529157249600452e+00,-5.142956348249516196e+00,-5.142956348249516196e+00,-5.142956348249516196e+00,-5.813776741499452783e+00,-5.366563145999495354e+00,-5.590169943749473624e+00,-5.366563145999495354e+00,-6.708203932499368527e+00,-6.260990336999411099e+00,-4.248529157249600452e+00,-4.472135954999579610e+00,-4.472135954999579610e+00,-5.590169943749473624e+00,-6.260990336999411099e+00,-5.813776741499452783e+00,-6.037383539249431941e+00,-6.260990336999411099e+00,-4.472135954999579610e+00,-2.906888370749726391e+00,-4.024922359499621294e+00,-1.565247584249852775e+00,-2.012461179749810647e+00,-3.577708763999663422e+00,-2.459674775249768519e+00,-3.130495168499705549e+00,-2.683281572999747677e+00,-2.012461179749810647e+00,-2.683281572999747677e+00,-2.236067977499789805e+00,-2.012461179749810647e+00,-2.236067977499789805e+00,-3.130495168499705549e+00,-2.236067977499789639e-01,1.565247584249852775e+00,-1.788854381999831711e+00,-2.459674775249768519e+00,-1.118033988749894903e+00,-2.236067977499789639e-01,1.565247584249852775e+00,1.118033988749894903e+00,2.012461179749810647e+00,4.248529157249600452e+00,5.590169943749473624e+00,2.906888370749726391e+00,8.944271909999158554e-01,-2.236067977499789639e-01,2.236067977499789639e-01,1.565247584249852775e+00,2.236067977499789805e+00,2.236067977499789805e+00,2.012461179749810647e+00,3.130495168499705549e+00,4.472135954999579610e+00,2.236067977499789805e+00,1.788854381999831711e+00,3.130495168499705549e+00,2.459674775249768519e+00,3.577708763999663422e+00,3.577708763999663422e+00,6.037383539249431941e+00,5.590169943749473624e+00,2.683281572999747677e+00,6.708203932499369193e-01,-2.236067977499789639e-01,8.944271909999158554e-01,0.000000000000000000e+00,-2.012461179749810647e+00,-2.683281572999747677e+00,-1.788854381999831711e+00,-1.788854381999831711e+00,-1.118033988749894903e+00,-2.236067977499789639e-01,1.118033988749894903e+00,2.012461179749810647e+00,3.801315561749642136e+00,4.919349550499537038e+00,3.577708763999663422e+00,1.565247584249852775e+00,2.906888370749726391e+00,5.813776741499452783e+00,6.931810730249347685e+00,5.366563145999495354e+00,4.695742752749557880e+00,6.260990336999411099e+00,4.695742752749557880e+00,4.472135954999579610e+00,4.919349550499537038e+00,6.260990336999411099e+00,6.931810730249347685e+00,6.931810730249347685e+00,5.142956348249516196e+00,4.472135954999579610e+00,2.906888370749726391e+00,2.683281572999747677e+00,1.341640786499873839e+00,2.236067977499789805e+00,4.472135954999579277e-01,-6.708203932499369193e-01,-2.459674775249768519e+00,-2.012461179749810647e+00,-1.788854381999831711e+00,-1.565247584249852775e+00,2.236067977499789639e-01,2.459674775249768519e+00,3.354101966249684263e+00,4.248529157249600452e+00,3.354101966249684263e+00,2.459674775249768519e+00,1.565247584249852775e+00,4.472135954999579277e-01,-4.472135954999579277e-01,1.788854381999831711e+00,2.236067977499789639e-01,6.708203932499369193e-01,6.708203932499369193e-01,2.236067977499789805e+00,2.012461179749810647e+00,1.341640786499873839e+00,6.708203932499369193e-01,2.459674775249768519e+00,2.236067977499789805e+00,5.366563145999495354e+00,5.813776741499452783e+00,4.472135954999579610e+00,5.813776741499452783e+00,5.366563145999495354e+00,4.695742752749557880e+00,2.012461179749810647e+00,1.118033988749894903e+00,1.118033988749894903e+00,2.012461179749810647e+00,3.130495168499705549e+00,4.472135954999579277e-01,-2.236067977499789639e-01,-1.118033988749894903e+00,0.000000000000000000e+00,1.565247584249852775e+00,6.708203932499369193e-01
6.037383539249431941e+00,5.142956348249516196e+00,4.919349550499537038e+00,4.024922359499621294e+00,4.695742752749557880e+00,2.459674775249768519e+00,2.012461179749810647e+00,1.565247584249852775e+00,1.341640786499873839e+00,2.236067977499789639e-01,-1.565247584249852775e+00,-2.906888370749726391e+00,-2.012461179749810647e+00,-2.459674775249768519e+00,-2.236067977499789805e+00,-2.459674775249768519e+00,-2.459674775249768519e+00,-1.565247584249852775e+00,-1.341640786499873839e+00,-2.236067977499789639e-01,-4.472135954999579277e-01,-1.565247584249852775e+00,-1.788854381999831711e+00,-8.944271909999158554e-01,-3.130495168499705549e+00,-5.590169943749473624e+00,-5.366563145999495354e+00,-2.906888370749726391e+00,-3.577708763999663422e+00,-3.130495168499705549e+00,-3.354101966249684263e+00,-8.944271909999158554e-01,-1.118033988749894903e+00,-2.236067977499789639e-01,-2.236067977499789805e+00,-8.944271909999158554e-01,4.472135954999579277e-01,1.788854381999831711e+00,-2.236067977499789639e-01,2.236067977499789639e-01,4.472135954999579277e-01,-2.236067977499789639e-01,-1.788854381999831711e+00,-2.459674775249768519e+00,-3.577708763999663422e+00,-3.130495168499705549e+00,-3.130495168499705549e+00,-2.683281572999747677e+00,-2.012461179749810647e+00,-6.708203932499369193e-01,-4.472135954999579277e-01,0.000000000000000000e+00,2.236067977499789805e+00,2.683281572999747677e+00,2.906888370749726391e+00,4.024922359499621294e+00,4.695742752749557880e+00,2.236067977499789805e+00,2.236067977499789805e+00,-4.472135954999579277e-01,4.472135954999579277e-01,-4.472135954999579277e-01,-1.118033988749894903e+00,4.472135954999579277e-01,-2.236067977499789639e-01,-1.341640786499873839e+00,-2.236067977499789639e-01,4.472135954999579277e-01,8.944271909999158554e-01,1.565247584249852775e+00,1.341640786499873839e+00,2.236067977499789639e-01,-6.708203932499369193e-01,-1.565247584249852775e+00,-1.118033988749894903e+00,6.708203932499369193e-01,1.118033988749894903e+00,2.012461179749810647e+00,3.577708763999663422e+00,4.472135954999579610e+00,4.024922359499621294e+00,3.577708763999663422e+00,2.459674775249768519e+00,1.565247584249852775e+00,2.012461179749810647e+00,2.012461179749810647e+00,3.130495168499705549e+00,3.130495168499705549e+00,1.565247584249852775e+00,2.459674775249768519e+00,2.236067977499789639e-01,-6.708203932499369193e-01,-1.341640786499873839e+00,0.000000000000000000e+00,1.565247584249852775e+00,8.944271909999158554e-01,2.236067977499789639e-01,1.118033988749894903e+00,-1.118033988749894903e+00,-3.801315561749642136e+00,-2.683281572999747677e+00,-1.565247584249852775e+00,-1.788854381999831711e+00,-4.472135954999579610e+00,-1.788854381999831711e+00,-3.577708763999663422e+00,-3.130495168499705549e+00,-2.012461179749810647e+00,-4.248529157249600452e+00,-4.248529157249600452e+00,-4.472135954999579610e+00,-5.142956348249516196e+00,-3.130495168499705549e+00,-3.130495168499705549e+00,-2.906888370749726391e+00,-1.118033988749894903e+00,2.236067977499789639e-01,-6.708203932499369193e-01,-8.944271909999158554e-01,-2.683281572999747677e+00,-3.577708763999663422e+00,-2.683281572999747677e+00,-3.130495168499705549e+00,-4.024922359499621294e+00,-5.813776741499452783e+00,-2.683281572999747677e+00,-2.683281572999747677e+00,-2.906888370749726391e+00,-1.118033988749894903e+00,-1.341640786499873839e+00,-2.012461179749810647e+00,-1.118033988749894903e+00,-1.565247584249852775e+00,-2.012461179749810647e+00,-4.472135954999579277e-01,4.472135954999579277e-01,1.341640786499873839e+00,1.341640786499873839e+00,2.012461179749810647e+00,3.577708763999663422e+00,1.118033988749894903e+00,2.236067977499789639e-01,6.708203932499369193e-01,1.341640786499873839e+00,3.577708763999663422e+00,4.024922359499621294e+00,4.472135954999579277e-01,8.944271909999158554e-01,2.012461179749810647e+00,1.565247584249852775e+00,2.236067977499789805e+00,2.012461179749810647e+00,1.565247584249852775e+00,2.236067977499789805e+00,2.906888370749726391e+00,1.788854381999831711e+00,1.565247584249852775e+00,3.354101966249684263e+00,2.236067977499789805e+00,2.906888370749726391e+00,2.906888370749726391e+00,3.354101966249684263e+00,2.459674775249768519e+00,3.801315561749642136e+00,2.236067977499789805e+00,4.472135954999579277e-01,6.708203932499369193e-01,-6.708203932499369193e-01,-1.565247584249852775e+00,-4.472135954999579277e-01,-1.118033988749894903e+00,-2.236067977499789805e+00,-2.012461179749810647e+00,-2.459674775249768519e+00,-1.788854381999831711e+00,2.236067977499789639e-01,2.906888370749726391e+00,4.472135954999579277e-01,1.565247584249852775e+00,8.944271909999158554e-01,4.472135954999579277e-01,1.565247584249852775e+00,1.118033988749894903e+00,1.565247584249852775e+00,6.708203932499369193e-01,2.236067977499789639e-01,4.472135954999579277e-01,2.683281572999747677e+00,2.683281572999747677e+00,2.236067977499789639e-01,2.012461179749810647e+00,3.577708763999663422e+00,4.695742752749557880e+00,4.248529157249600452e+00,3.577708763999663422e+00,1.118033988749894903e+00,2.906888370749726391e+00,3.130495168499705549e+00,5.813776741499452783e+00,5.142956348249516196e+00,8.049844718999242588e+00,7.602631123499284271e+00,7.826237921249263430e+00,7.155417527999326843e+00,7.826237921249263430e+00,8.049844718999242588e+00,6.931810730249347685e+00,7.379024325749306001e+00,6.931810730249347685e+00,5.590169943749473624e+00,6.260990336999411099e+00,5.366563145999495354e+00,4.695742752749557880e+00,6.708203932499368527e+00,6.931810730249347685e+00,5.590169943749473624e+00,5.142956348249516196e+00,6.708203932499368527e+00,8.049844718999242588e+00,5.813776741499452783e+00,5.366563145999495354e+00,5.366563145999495354e+00,5.142956348249516196e+00,4.695742752749557880e+00,6.931810730249347685e+00,6.708203932499368527e+00,7.379024325749306001e+00,7.379024325749306001e+00,4.024922359499621294e+00,2.459674775249768519e+00,3.130495168499705549e+00,3.577708763999663422e+00,4.695742752749557880e+00,5.813776741499452783e+00,4.919349550499537038e+00,2.459674775249768519e+00,4.248529157249600452e+00,4.695742752749557880e+00,5.142956348249516196e+00,6.484597134749389369e+00,7.155417527999326843e+00,6.931810730249347685e+00,3.801315561749642136e+00,3.130495168499705549e+00,2.459674775249768519e+00,2.683281572999747677e+00,4.919349550499537038e+00,4.695742752749557880e+00,4.472135954999579610e+00,3.577708763999663422e+00,3.130495168499705549e+00,4.472135954999579610e+00,3.354101966249684263e+00,5.142956348249516196e+00,4.248529157249600452e+00,6.037383539249431941e+00,4.472135954999579610e+00,4.472135954999579610e+00,5.366563145999495354e+00,5.142956348249516196e+00,5.142956348249516196e+00,4.919349550499537038e+00,4.024922359499621294e+00,2.236067977499789805e+00,1.118033988749894903e+00,-6.708203932499369193e-01,1.118033988749894903e+00,2.459674775249768519e+00,4.695742752749557880e+00,3.577708763999663422e+00,4.695742752749557880e+00,5.366563145999495354e+00,5.142956348249516196e+00,4.919349550499537038e+00,4.919349550499537038e+00,7.602631123499284271e+00,9.167878707749137490e+00,7.379024325749306001e+00,7.826237921249263430e+00,6.484597134749389369e+00,6.484597134749389369e+00,5.590169943749473624e+00,6.931810730249347685e+00,7.155417527999326843e+00,4.472135954999579610e+00,5.590169943749473624e+00,4.472135954999579610e+00,3.130495168499705549e+00,2.906888370749726391e+00,4.472135954999579610e+00,5.590169943749473624e+00,4.024922359499621294e+00,2.012461179749810647e+00,6.708203932499369193e-01,2.683281572999747677e+00,2.906888370749726391e+00,4.248529157249600452e+00,3.801315561749642136e+00,-2.236067977499789639e-01,0.000000000000000000e+00,-2.236067977499789639e-01,1.341640786499873839e+00,1.565247584249852775e+00,2.236067977499789639e-01,0.000000000000000000e+00,-4.472135954999579277e-01,-2.236067977499789639e-01,0.000000000000000000e+00,-1.565247584249852775e+00,-3.354101966249684263e+00,-2.906888370749726391e+00,-4.695742752749557880e+00,-3.354101966249684263e+00,-3.130495168499705549e+00,-5.142956348249516196e+00,-4.695742752749557880e+00,-5.813776741499452783e+00,-5.813776741499452783e+00,-5.142956348249516196e+00,-5.142956348249516196e+00,-6.037383539249431941e+00,-5.366563145999495354e+00,-4.472135954999579610e+00,-3.577708763999663422e+00,-2.236067977499789805e+00,-3.801315561749642136e+00,-3.577708763999663422e+00,-2.459674775249768519e+00,-2.459674775249768519e+00,-1.341640786499873839e+00,-1.118033988749894903e+00,-1.341640786499873839e+00,-1.341640786499873839e+00,-1.341640786499873839e+00,-1.118033988749894903e+00,-1.118033988749894903e+00,-2.012461179749810647e+00,-8.944271909999158554e-01,-6.708203932499369193e-01,-8.944271909999158554e-01,-6.708203932499369193e-01,-6.708203932499369193e-01,-6.708203932499369193e-01,-1.118033988749894903e+00,-8.944271909999158554e-01,-1.118033988749894903e+00,-2.236067977499789805e+00,-2.236067977499789805e+00,-3.130495168499705549e+00,-2.906888370749726391e+00,-2.683281572999747677e+00,-1.118033988749894903e+00,-1.118033988749894903e+00,-1.341640786499873839e+00,-2.012461179749810647e+00,1.341640786499873839e+00,-1.118033988749894903e+00,-2.459674775249768519e+00,-2.683281572999747677e+00,-1.565247584249852775e+00,-2.459674775249768519e+00,-4.472135954999579610e+00,-6.931810730249347685e+00,-8.273451516749220858e+00,-7.379024325749306001e+00,-6.931810730249347685e+00,-6.708203932499368527e+00,-7.826237921249263430e+00,-8.944271909999159220e+00,-7.379024325749306001e+00,-6.484597134749389369e+00,-5.366563145999495354e+00,-4.024922359499621294e+00,-3.801315561749642136e+00,-4.472135954999579610e+00,-4.919349550499537038e+00,-5.590169943749473624e+00,-9.167878707749137490e+00,-8.273451516749220858e+00,-7.826237921249263430e+00,-8.273451516749220858e+00,-7.826237921249263430e+00,-5.590169943749473624e+00,-7.379024325749306001e+00,-7.826237921249263430e+00,-8.049844718999242588e+00,-6.708203932499368527e+00,-6.931810730249347685e+00,-7.155417527999326843e+00,-7.602631123499284271e+00,-7.155417527999326843e+00,-8.049844718999242588e+00,-7.155417527999326843e+00,-8.720665112249179174e+00,-7.379024325749306001e+00,-8.049844718999242588e+00,-6.931810730249347685e+00,-5.590169943749473624e+00,-5.366563145999495354e+00,-6.037383539249431941e+00,-6.708203932499368527e+00,-6.484597134749389369e+00,-4.695742752749557880e+00,-6.037383539249431941e+00,-6.708203932499368527e+00,-5.590169943749473624e+00,-5.366563145999495354e+00,-5.590169943749473624e+00,-5.366563145999495354e+00,-4.919349550499537038e+00,-4.024922359499621294e+00,-4.248529157249600452e+00,-2.906888370749726391e+00,-3.130495168499705549e+00,-2.906888370749726391e+00,-2.906888370749726391e+00,-1.788854381999831711e+00,-3.130495168499705549e+00,-4.024922359499621294e+00,-4.919349550499537038e+00,-4.024922359499621294e+00,-1.788854381999831711e+00,-8.944271909999158554e-01,0.000000000000000000e+00,-2.012461179749810647e+00,-2.683281572999747677e+00,-2.683281572999747677e+00,-3.801315561749642136e+00,-2.459674775249768519e+00,-8.944271909999158554e-01,-1.118033988749894903e+00,-2.236067977499789639e-01,-6.708203932499369193e-01,2.236067977499789639e-01,-6.708203932499369193e-01,-2.012461179749810647e+00,-4.248529157249600452e+00,-3.577708763999663422e+00,-4.695742752749557880e+00,-4.472135954999579610e+00,-2.683281572999747677e+00,-2.236067977499789805e+00,-2.906888370749726391e+00,-4.919349550499537038e+00,-5.366563145999495354e+00,-7.379024325749306001e+00,-4.248529157249600452e+00,-2.906888370749726391e+00,-4.472135954999579610e+00,-3.577708763999663422e+00,-2.683281572999747677e+00,-2.683281572999747677e+00,-2.012461179749810647e+00,-2.012461179749810647e+00,-1.565247584249852775e+00,-2.683281572999747677e+00,-2.683281572999747677e+00,-1.118033988749894903e+00,-3.130495168499705549e+00,-3.354101966249684263e+00,-3.354101966249684263e+00,-2.459674775249768519e+00,-3.354101966249684263e+00,-2.012461179749810647e+00,-2.012461179749810647e+00,-2.236067977499789805e+00,-5.366563145999495354e+00,-3.354101966249684263e+00,-3.354101966249684263e+00,-5.366563145999495354e+00,-6.484597134749389369e+00,-5.590169943749473624e+00,-4.248529157249600452e+00,-3.577708763999663422e+00,-3.130495168499705549e+00,-2.459674775249768519e+00,-4.472135954999579277e-01,0.000000000000000000e+00,-2.236067977499789639e-01,2.236067977499789639e-01,4.472135954999579277e-01,1.341640786499873839e+00,6.708203932499369193e-01,-4.472135954999579277e-01,4.472135954999579277e-01,-6.708203932499369193e-01,0.000000000000000000e+00,6.708203932499369193e-01,4.472135954999579277e-01,8.944271909999158554e-01,4.472135954999579277e-01,1.118033988749894903e+00,3.130495168499705549e+00,2.906888370749726391e+00,2.459674775249768519e+00,1.118033988749894903e+00,3.130495168499705549e+00,3.577708763999663422e+00,2.236067977499789805e+00,2.236067977499789805e+00
0.000000000000000000e+00,-2.236067977499789639e-01,-2.236067977499789639e-01,-2.236067977499789805e+00,-2.236067977499789639e-01,-8.944271909999158554e-01,-6.708203932499369193e-01,2.236067977499789639e-01,6.708203932499369193e-01,1.118033988749894903e+00,1.565247584249852775e+00,0.000000000000000000e+00,1.341640786499873839e+00,6.708203932499369193e-01,1.118033988749894903e+00,1.341640786499873839e+00,1.565247584249852775e+00,1.565247584249852775e+00,2.459674775249768519e+00,5.366563145999495354e+00,4.695742752749557880e+00,4.919349550499537038e+00,4.248529157249600452e+00,3.801315561749642136e+00,3.130495168499705549e+00,4.248529157249600452e+00,3.801315561749642136e+00,2.459674775249768519e+00,2.236067977499789639e-01,-1.565247584249852775e+00,-8.944271909999158554e-01,4.472135954999579277e-01,-4.472135954999579277e-01,-1.118033988749894903e+00,-2.683281572999747677e+00,-2.906888370749726391e+00,-4.248529157249600452e+00,-2.906888370749726391e+00,-3.577708763999663422e+00,-2.906888370749726391e+00,-2.012461179749810647e+00,-1.788854381999831711e+00,-1.118033988749894903e+00,-2.906888370749726391e+00,-1.788854381999831711e+00,-2.012461179749810647e+00,-1.788854381999831711e+00,-2.683281572999747677e+00,-1.565247584249852775e+00,-3.354101966249684263e+00,-5.142956348249516196e+00,-4.024922359499621294e+00,-4.248529157249600452e+00,-2.683281572999747677e+00,-2.906888370749726391e+00,-3.577708763999663422e+00,-4.248529157249600452e+00,-4.024922359499621294e+00,-4.919349550499537038e+00,-2.459674775249768519e+00,-4.472135954999579277e-01,2.236067977499789805e+00,2.012461179749810647e+00,1.118033988749894903e+00,0.000000000000000000e+00,-1.565247584249852775e+00,-1.565247584249852775e+00,-8.944271909999158554e-01,-6.708203932499369193e-01,-8.944271909999158554e-01,-2.012461179749810647e+00,-2.906888370749726391e+00,-1.565247584249852775e+00,-1.565247584249852775e+00,-1.788854381999831711e+00,-4.472135954999579277e-01,0.000000000000000000e+00,1.565247584249852775e+00,1.565247584249852775e+00,8.944271909999158554e-01,2.906888370749726391e+00,2.683281572999747677e+00,2.236067977499789805e+00,6.708203932499369193e-01,-2.236067977499789639e-01,2.236067977499789639e-01,6.708203932499369193e-01,1.118033988749894903e+00,2.683281572999747677e+00,6.708203932499369193e-01,2.236067977499789639e-01,2.236067977499789639e-01,1.788854381999831711e+00,-2.459674775249768519e+00,-1.341640786499873839e+00,2.012461179749810647e+00,2.012461179749810647e+00,0.000000000000000000e+00,2.236067977499789639e-01,-4.472135954999579277e-01,-1.118033988749894903e+00,2.236067977499789639e-01,8.944271909999158554e-01,2.683281572999747677e+00,2.236067977499789805e+00,2.459674775249768519e+00,8.944271909999158554e-01,8.944271909999158554e-01,1.118033988749894903e+00,8.944271909999158554e-01,2.459674775249768519e+00,1.118033988749894903e+00,0.000000000000000000e+00,-8.944271909999158554e-01,-2.236067977499789639e-01,-8.944271909999158554e-01,4.472135954999579277e-01,-2.906888370749726391e+00,-3.354101966249684263e+00,-4.024922359499621294e+00,-6.260990336999411099e+00,-8.049844718999242588e+00,-8.497058314499200904e+00,-9.391485505499115760e+00,-9.167878707749137490e+00,-8.497058314499200904e+00,-8.273451516749220858e+00,-9.615092303249095806e+00,-1.162755348299890557e+01,-9.391485505499115760e+00,-8.049844718999242588e+00,-7.155417527999326843e+00,-7.379024325749306001e+00,-7.826237921249263430e+00,-8.720665112249179174e+00,-7.826237921249263430e+00,-7.379024325749306001e+00,-6.484597134749389369e+00,-4.695742752749557880e+00,-2.012461179749810647e+00,-1.341640786499873839e+00,-1.341640786499873839e+00,-8.944271909999158554e-01,-4.472135954999579277e-01,1.788854381999831711e+00,6.708203932499369193e-01,-8.944271909999158554e-01,-2.236067977499789639e-01,2.012461179749810647e+00,1.788854381999831711e+00,3.801315561749642136e+00,5.142956348249516196e+00,5.590169943749473624e+00,4.695742752749557880e+00,5.366563145999495354e+00,5.590169943749473624e+00,6.260990336999411099e+00,5.813776741499452783e+00,6.931810730249347685e+00,4.919349550499537038e+00,4.472135954999579610e+00,4.695742752749557880e+00,4.248529157249600452e+00,2.236067977499789805e+00,1.118033988749894903e+00,4.024922359499621294e+00,2.459674775249768519e+00,1.788854381999831711e+00,3.130495168499705549e+00,4.024922359499621294e+00,2.683281572999747677e+00,1.788854381999831711e+00,1.118033988749894903e+00,8.944271909999158554e-01,4.472135954999579277e-01,-2.236067977499789639e-01,-8.944271909999158554e-01,-1.118033988749894903e+00,-8.944271909999158554e-01,-8.944271909999158554e-01,-1.118033988749894903e+00,-2.012461179749810647e+00,-3.354101966249684263e+00,-3.577708763999663422e+00,-5.590169943749473624e+00,-5.366563145999495354e+00,-6.037383539249431941e+00,-4.024922359499621294e+00,-4.024922359499621294e+00,-3.577708763999663422e+00,-4.695742752749557880e+00,-5.142956348249516196e+00,-4.024922359499621294e+00,-3.577708763999663422e+00,-2.906888370749726391e+00,-3.354101966249684263e+00,-3.801315561749642136e+00,-2.683281572999747677e+00,4.472135954999579277e-01,0.000000000000000000e+00,-8.944271909999158554e-01,-4.472135954999579277e-01,-6.708203932499369193e-01,-8.944271909999158554e-01,-2.012461179749810647e+00,-6.708203932499369193e-01,-6.708203932499369193e-01,-2.236067977499789639e-01,-4.472135954999579277e-01,-6.708203932499369193e-01,-1.788854381999831711e+00,-1.788854381999831711e+00,-1.565247584249852775e+00,-6.708203932499369193e-01,-1.565247584249852775e+00,2.236067977499789639e-01,1.118033988749894903e+00,-6.708203932499369193e-01,-1.118033988749894903e+00,-1.118033988749894903e+00,-2.459674775249768519e+00,-1.341640786499873839e+00,-8.944271909999158554e-01,-1.788854381999831711e+00,-3.354101966249684263e+00,-4.248529157249600452e+00,-3.801315561749642136e+00,-1.341640786499873839e+00,-1.341640786499873839e+00,-2.906888370749726391e+00,-6.260990336999411099e+00,-7.155417527999326843e+00,-6.260990336999411099e+00,-4.695742752749557880e+00,-5.366563145999495354e+00,-5.813776741499452783e+00,-5.142956348249516196e+00,-5.366563145999495354e+00,-7.155417527999326843e+00,-5.813776741499452783e+00,-5.366563145999495354e+00,-5.142956348249516196e+00,-6.260990336999411099e+00,-3.801315561749642136e+00,-3.130495168499705549e+00,-2.236067977499789805e+00,-3.577708763999663422e+00,-3.801315561749642136e+00,-2.012461179749810647e+00,-1.118033988749894903e+00,-1.341640786499873839e+00,-1.341640786499873839e+00,-6.708203932499369193e-01,0.000000000000000000e+00,-8.944271909999158554e-01,-1.118033988749894903e+00,2.236067977499789639e-01,-8.944271909999158554e-01,-2.236067977499789639e-01,1.118033988749894903e+00,2.236067977499789805e+00,2.236067977499789805e+00,3.577708763999663422e+00,2.683281572999747677e+00,4.024922359499621294e+00,6.708203932499368527e+00,8.497058314499200904e+00,8.720665112249179174e+00,7.602631123499284271e+00,9.391485505499115760e+00,9.838699100999074076e+00,9.391485505499115760e+00,9.391485505499115760e+00,8.720665112249179174e+00,6.037383539249431941e+00,4.919349550499537038e+00,5.590169943749473624e+00,5.813776741499452783e+00,5.142956348249516196e+00,7.602631123499284271e+00,6.708203932499368527e+00,5.590169943749473624e+00,4.024922359499621294e+00,4.024922359499621294e+00,1.788854381999831711e+00,2.236067977499789805e+00,3.130495168499705549e+00,2.012461179749810647e+00,3.801315561749642136e+00,4.472135954999579610e+00,3.577708763999663422e+00,9.391485505499115760e+00,8.273451516749220858e+00,6.931810730249347685e+00,5.590169943749473624e+00,6.484597134749389369e+00,6.037383539249431941e+00,5.142956348249516196e+00,4.919349550499537038e+00,4.024922359499621294e+00,5.590169943749473624e+00,4.695742752749557880e+00,2.012461179749810647e+00,2.236067977499789805e+00,4.248529157249600452e+00,4.024922359499621294e+00,4.024922359499621294e+00,4.919349550499537038e+00,2.906888370749726391e+00,2.236067977499789805e+00,2.459674775249768519e+00,2.236067977499789805e+00,6.708203932499369193e-01,8.944271909999158554e-01,1.788854381999831711e+00,1.118033988749894903e+00,1.341640786499873839e+00,-1.341640786499873839e+00,-3.354101966249684263e+00,-4.919349550499537038e+00,-4.472135954999579610e+00,-6.484597134749389369e+00,-9.615092303249095806e+00,-9.615092303249095806e+00,-8.720665112249179174e+00,-6.931810730249347685e+00,-6.484597134749389369e+00,-5.813776741499452783e+00,-5.142956348249516196e+00,-3.577708763999663422e+00,-4.024922359499621294e+00,-4.695742752749557880e+00,-6.260990336999411099e+00,-5.142956348249516196e+00,-4.695742752749557880e+00,-4.024922359499621294e+00,-5.366563145999495354e+00,-5.590169943749473624e+00,-3.801315561749642136e+00,-3.354101966249684263e+00,-4.695742752749557880e+00,-3.801315561749642136e+00,-4.919349550499537038e+00,-5.366563145999495354e+00,-4.919349550499537038e+00,-4.024922359499621294e+00,-3.577708763999663422e+00,-2.459674775249768519e+00,-2.906888370749726391e+00,-1.118033988749894903e+00,-2.236067977499789639e-01,-1.341640786499873839e+00,-1.565247584249852775e+00,-3.130495168499705549e+00,-1.565247584249852775e+00,-4.472135954999579277e-01,-4.472135954999579277e-01,-2.459674775249768519e+00,-2.012461179749810647e+00,-3.130495168499705549e+00,-4.919349550499537038e+00,-4.695742752749557880e+00,-3.130495168499705549e+00,-4.472135954999579610e+00,-4.695742752749557880e+00,-4.472135954999579610e+00,-4.248529157249600452e+00,-4.919349550499537038e+00,-4.248529157249600452e+00,-2.236067977499789805e+00,-2.236067977499789805e+00,-6.708203932499369193e-01,-6.708203932499369193e-01,2.236067977499789639e-01,1.341640786499873839e+00,2.012461179749810647e+00,1.788854381999831711e+00,2.236067977499789639e-01,8.944271909999158554e-01,6.708203932499369193e-01,-1.118033988749894903e+00,0.000000000000000000e+00,2.236067977499789639e-01,-4.472135954999579277e-01,-2.683281572999747677e+00,4.472135954999579277e-01,-4.472135954999579277e-01,-6.708203932499369193e-01,-1.788854381999831711e+00,-2.012461179749810647e+00,0.000000000000000000e+00,3.354101966249684263e+00,3.801315561749642136e+00,2.906888370749726391e+00,3.130495168499705549e+00,4.919349550499537038e+00,3.801315561749642136e+00,4.695742752749557880e+00,3.577708763999663422e+00,3.130495168499705549e+00,3.801315561749642136e+00,2.683281572999747677e+00,2.012461179749810647e+00,1.341640786499873839e+00,1.565247584249852775e+00,8.944271909999158554e-01,4.472135954999579277e-01,2.236067977499789805e+00,8.944271909999158554e-01,1.118033988749894903e+00,2.459674775249768519e+00,1.118033988749894903e+00,2.012461179749810647e+00,8.944271909999158554e-01,1.565247584249852775e+00,2.906888370749726391e+00,1.341640786499873839e+00,2.236067977499789639e-01,-1.788854381999831711e+00,-6.708203932499369193e-01,-1.118033988749894903e+00,-2.459674775249768519e+00,-1.118033988749894903e+00,1.341640786499873839e+00,1.565247584249852775e+00,3.801315561749642136e+00,5.142956348249516196e+00,5.813776741499452783e+00,3.354101966249684263e+00,3.577708763999663422e+00,5.813776741499452783e+00,2.683281572999747677e+00,6.708203932499369193e-01,1.118033988749894903e+00,2.012461179749810647e+00,1.565247584249852775e+00,2.012461179749810647e+00,3.801315561749642136e+00,2.683281572999747677e+00,1.118033988749894903e+00,2.683281572999747677e+00,3.354101966249684263e+00,3.801315561749642136e+00,6.484597134749389369e+00,5.142956348249516196e+00,6.931810730249347685e+00,4.919349550499537038e+00,6.037383539249431941e+00,6.708203932499368527e+00,4.695742752749557880e+00,3.577708763999663422e+00,3.801315561749642136e+00,2.683281572999747677e+00,3.130495168499705549e+00,2.459674775249768519e+00,3.577708763999663422e+00,2.906888370749726391e+00,2.459674775249768519e+00,-1.118033988749894903e+00,-1.565247584249852775e+00,-2.906888370749726391e+00,-2.236067977499789805e+00,-2.236067977499789805e+00,-2.012461179749810647e+00,-1.788854381999831711e+00,-2.906888370749726391e+00,-2.012461179749810647e+00,-2.683281572999747677e+00,-3.577708763999663422e+00,-4.695742752749557880e+00,-4.024922359499621294e+00,-3.130495168499705549e+00,-4.024922359499621294e+00,-3.354101966249684263e+00,-2.012461179749810647e+00,-2.236067977499789805e+00,-2.012461179749810647e+00,-2.683281572999747677e+00,-3.130495168499705549e+00,-4.248529157249600452e+00,-3.130495168499705549e+00,-1.788854381999831711e+00,-3.130495168499705549e+00,-3.130495168499705549e+00,-2.683281572999747677e+00,-2.683281572999747677e+00,-1.788854381999831711e+00,-1.118033988749894903e+00,-2.236067977499789639e-01,8.944271909999158554e-01,8.944271909999158554e-01,1.788854381999831711e+00,2.236067977499789805e+00,2.906888370749726391e+00,2.683281572999747677e+00,2.012461179749810647e+00,1.788854381999831711e+00,-2.236067977499789639e-01,-2.236067977499789639e-01,8.944271909999158554e-01
-5.142956348249516196e+00,-5.366563145999495354e+00,-4.472135954999579610e+00,-5.366563145999495354e+00,-5.142956348249516196e+00,-6.037383539249431941e+00,-4.919349550499537038e+00,-3.130495168499705549e+00,-5.366563145999495354e+00,-4.248529157249600452e+00,-3.354101966249684263e+00,-3.130495168499705549e+00,-1.565247584249852775e+00,-3.130495168499705549e+00,-3.577708763999663422e+00,-3.130495168499705549e+00,-2.459674775249768519e+00,-3.354101966249684263e+00,-4.024922359499621294e+00,-3.354101966249684263e+00,-3.801315561749642136e+00,-4.248529157249600452e+00,0.000000000000000000e+00,2.236067977499789639e-01,-4.472135954999579277e-01,-1.565247584249852775e+00,-1.341640786499873839e+00,-2.236067977499789805e+00,-2.236067977499789805e+00,-2.683281572999747677e+00,-1.565247584249852775e+00,-1.565247584249852775e+00,-4.472135954999579277e-01,-2.906888370749726391e+00,-2.906888370749726391e+00,-2.459674775249768519e+00,-2.906888370749726391e+00,-2.236067977499789805e+00,-8.944271909999158554e-01,-4.472135954999579277e-01,-1.565247584249852775e+00,-2.236067977499789639e-01,-1.118033988749894903e+00,-2.236067977499789639e-01,1.788854381999831711e+00,1.788854381999831711e+00,3.577708763999663422e+00,4.248529157249600452e+00,4.024922359499621294e+00,2.683281572999747677e+00,2.906888370749726391e+00,3.130495168499705549e+00,5.366563145999495354e+00,5.813776741499452783e+00,2.236067977499789805e+00,3.130495168499705549e+00,4.248529157249600452e+00,5.590169943749473624e+00,5.366563145999495354e+00,5.366563145999495354e+00,6.037383539249431941e+00,7.379024325749306001e+00,5.813776741499452783e+00,7.826237921249263430e+00,4.919349550499537038e+00,4.472135954999579610e+00,2.683281572999747677e+00,3.354101966249684263e+00,1.565247584249852775e+00,4.472135954999579277e-01,2.236067977499789639e-01,-6.708203932499369193e-01,0.000000000000000000e+00,2.236067977499789639e-01,-8.944271909999158554e-01,-6.708203932499369193e-01,-1.788854381999831711e+00,-2.459674775249768519e+00,-2.012461179749810647e+00,-1.788854381999831711e+00,-1.341640786499873839e+00,-6.708203932499369193e-01,0.000000000000000000e+00,-6.708203932499369193e-01,0.000000000000000000e+00,-3.354101966249684263e+00,-4.919349550499537038e+00,-6.037383539249431941e+00,-5.142956348249516196e+00,-4.919349550499537038e+00,-4.472135954999579610e+00,-3.130495168499705549e+00,-3.577708763999663422e+00,-5.142956348249516196e+00,-3.801315561749642136e+00,-5.813776741499452783e+00,-4.919349550499537038e+00,-3.577708763999663422e+00,-5.142956348249516196e+00,-4.919349550499537038e+00,-4.695742752749557880e+00,-4.248529157249600452e+00,-2.459674775249768519e+00,-2.236067977499789805e+00,-6.708203932499369193e-01,0.000000000000000000e+00,-2.236067977499789639e-01,-1.788854381999831711e+00,-2.683281572999747677e+00,-2.906888370749726391e+00,-3.801315561749642136e+00,-2.459674775249768519e+00,-2.906888370749726391e+00,-1.565247584249852775e+00,-3.801315561749642136e+00,-2.459674775249768519e+00,-3.130495168499705549e+00,-3.801315561749642136e+00,-2.683281572999747677e+00,-1.565247584249852775e+00,-8.944271909999158554e-01,-2.459674775249768519e+00,-3.577708763999663422e+00,-2.683281572999747677e+00,-2.683281572999747677e+00,-4.024922359499621294e+00,-3.354101966249684263e+00,-1.788854381999831711e+00,-2.683281572999747677e+00,-2.459674775249768519e+00,-1.118033988749894903e+00,-2.236067977499789639e-01,-1.788854381999831711e+00,-2.906888370749726391e+00,-1.788854381999831711e+00,-1.118033988749894903e+00,-8.944271909999158554e-01,0.000000000000000000e+00,2.236067977499789639e-01,0.000000000000000000e+00,6.708203932499369193e-01,-8.944271909999158554e-01,-1.118033988749894903e+00,-1.118033988749894903e+00,-1.341640786499873839e+00,4.472135954999579277e-01,3.130495168499705549e+00,8.944271909999158554e-01,-2.236067977499789639e-01,2.236067977499789639e-01,1.341640786499873839e+00,-1.565247584249852775e+00,-3.130495168499705549e+00,-3.354101966249684263e+00,-5.590169943749473624e+00,-5.142956348249516196e+00,-5.142956348249516196e+00,-4.919349550499537038e+00,-5.142956348249516196e+00,-6.931810730249347685e+00,-7.379024325749306001e+00,-8.273451516749220858e+00,-8.497058314499200904e+00,-8.049844718999242588e+00,-7.602631123499284271e+00,-8.944271909999159220e+00,-6.037383539249431941e+00,-6.037383539249431941e+00,-6.484597134749389369e+00,-6.931810730249347685e+00,-8.720665112249179174e+00,-8.720665112249179174e+00,-9.167878707749137490e+00,-1.006230589874905235e+01,-1.006230589874905235e+01,-9.838699100999074076e+00,-8.944271909999159220e+00,-8.944271909999159220e+00,-7.379024325749306001e+00,-5.142956348249516196e+00,-5.142956348249516196e+00,-5.813776741499452783e+00,-5.813776741499452783e+00,-6.260990336999411099e+00,-6.484597134749389369e+00,-3.801315561749642136e+00,-4.024922359499621294e+00,-5.366563145999495354e+00,-4.248529157249600452e+00,-3.801315561749642136e+00,-3.577708763999663422e+00,-6.260990336999411099e+00,-5.366563145999495354e+00,-5.366563145999495354e+00,-4.919349550499537038e+00,-5.366563145999495354e+00,-4.919349550499537038e+00,-2.236067977499789805e+00,-2.012461179749810647e+00,-3.801315561749642136e+00,-3.801315561749642136e+00,-3.801315561749642136e+00,-1.341640786499873839e+00,-2.236067977499789639e-01,-4.472135954999579277e-01,-2.236067977499789639e-01,-6.708203932499369193e-01,-6.708203932499369193e-01,2.236067977499789639e-01,1.341640786499873839e+00,1.118033988749894903e+00,2.459674775249768519e+00,4.472135954999579277e-01,6.708203932499369193e-01,2.236067977499789805e+00,2.236067977499789805e+00,2.012461179749810647e+00,1.788854381999831711e+00,3.354101966249684263e+00,2.906888370749726391e+00,3.354101966249684263e+00,1.118033988749894903e+00,2.012461179749810647e+00,4.024922359499621294e+00,1.788854381999831711e+00,1.565247584249852775e+00,4.472135954999579277e-01,6.708203932499369193e-01,2.236067977499789805e+00,1.565247584249852775e+00,2.683281572999747677e+00,8.944271909999158554e-01,1.788854381999831711e+00,3.354101966249684263e+00,3.577708763999663422e+00,5.590169943749473624e+00,4.024922359499621294e+00,2.236067977499789805e+00,2.683281572999747677e+00,4.024922359499621294e+00,4.472135954999579610e+00,4.024922359499621294e+00,4.695742752749557880e+00,3.801315561749642136e+00,2.236067977499789805e+00,2.906888370749726391e+00,2.459674775249768519e+00,1.788854381999831711e+00,1.565247584249852775e+00,3.577708763999663422e+00,3.801315561749642136e+00,5.590169943749473624e+00,5.142956348249516196e+00,5.590169943749473624e+00,5.366563145999495354e+00,6.260990336999411099e+00,5.366563145999495354e+00,5.142956348249516196e+00,5.142956348249516196e+00,3.130495168499705549e+00,4.024922359499621294e+00,3.577708763999663422e+00,3.354101966249684263e+00,4.024922359499621294e+00,3.354101966249684263e+00,4.248529157249600452e+00,2.683281572999747677e+00,2.459674775249768519e+00,2.012461179749810647e+00,6.708203932499369193e-01,1.565247584249852775e+00,1.565247584249852775e+00,2.459674775249768519e+00,6.708203932499369193e-01,6.708203932499369193e-01,8.944271909999158554e-01,-2.236067977499789805e+00,-2.236067977499789805e+00,-6.708203932499369193e-01,4.472135954999579277e-01,2.236067977499789639e-01,1.341640786499873839e+00,4.472135954999579277e-01,4.472135954999579277e-01,-4.472135954999579277e-01,-1.118033988749894903e+00,2.236067977499789639e-01,1.118033988749894903e+00,2.683281572999747677e+00,1.341640786499873839e+00,4.248529157249600452e+00,2.683281572999747677e+00,2.236067977499789805e+00,2.236067977499789805e+00,1.118033988749894903e+00,1.118033988749894903e+00,2.683281572999747677e+00,2.683281572999747677e+00,4.024922359499621294e+00,3.130495168499705549e+00,3.577708763999663422e+00,2.906888370749726391e+00,1.565247584249852775e+00,1.788854381999831711e+00,3.577708763999663422e+00,2.459674775249768519e+00,3.577708763999663422e+00,4.472135954999579610e+00,3.130495168499705549e+00,4.919349550499537038e+00,4.695742752749557880e+00,3.354101966249684263e+00,2.012461179749810647e+00,1.118033988749894903e+00,1.341640786499873839e+00,1.341640786499873839e+00,-2.236067977499789639e-01,4.472135954999579277e-01,1.788854381999831711e+00,-6.708203932499369193e-01,8.944271909999158554e-01,1.565247584249852775e+00,4.024922359499621294e+00,3.577708763999663422e+00,6.037383539249431941e+00,4.472135954999579610e+00,3.130495168499705549e+00,3.577708763999663422e+00,2.906888370749726391e+00,2.236067977499789805e+00,8.944271909999158554e-01,2.459674775249768519e+00,2.459674775249768519e+00,2.906888370749726391e+00,4.919349550499537038e+00,2.012461179749810647e+00,2.683281572999747677e+00,1.118033988749894903e+00,1.341640786499873839e+00,-1.118033988749894903e+00,-6.708203932499369193e-01,-6.708203932499369193e-01,6.708203932499369193e-01,-8.944271909999158554e-01,-4.472135954999579277e-01,-2.236067977499789639e-01,4.472135954999579277e-01,-1.341640786499873839e+00,-2.683281572999747677e+00,-2.236067977499789639e-01,-6.708203932499369193e-01,-1.341640786499873839e+00,-1.788854381999831711e+00,-4.472135954999579277e-01,4.472135954999579277e-01,8.944271909999158554e-01,-4.472135954999579277e-01,8.944271909999158554e-01,2.012461179749810647e+00,1.341640786499873839e+00,1.788854381999831711e+00,1.788854381999831711e+00,8.944271909999158554e-01,0.000000000000000000e+00,-1.118033988749894903e+00,-1.118033988749894903e+00,-1.341640786499873839e+00,-1.341640786499873839e+00,-1.788854381999831711e+00,-8.944271909999158554e-01,-1.788854381999831711e+00,-2.236067977499789805e+00,-2.459674775249768519e+00,-3.577708763999663422e+00,-4.472135954999579610e+00,-3.577708763999663422e+00,-4.472135954999579610e+00,-3.354101966249684263e+00,-2.012461179749810647e+00,-2.459674775249768519e+00,-3.354101966249684263e+00,-4.248529157249600452e+00,-4.695742752749557880e+00,-5.813776741499452783e+00,-3.801315561749642136e+00,-2.012461179749810647e+00,-1.565247584249852775e+00,0.000000000000000000e+00,-1.788854381999831711e+00,-2.236067977499789639e-01,-8.944271909999158554e-01,-1.788854381999831711e+00,-4.472135954999579277e-01,1.118033988749894903e+00,2.236067977499789805e+00,1.788854381999831711e+00,2.236067977499789805e+00,2.236067977499789805e+00,2.906888370749726391e+00,1.341640786499873839e+00,4.472135954999579277e-01,-2.236067977499789639e-01,1.118033988749894903e+00,1.341640786499873839e+00,2.236067977499789805e+00,1.565247584249852775e+00,2.012461179749810647e+00,2.012461179749810647e+00,8.944271909999158554e-01,1.788854381999831711e+00,0.000000000000000000e+00,6.708203932499369193e-01,-8.944271909999158554e-01,-1.788854381999831711e+00,-3.354101966249684263e+00,-2.683281572999747677e+00,-2.683281572999747677e+00,-4.695742752749557880e+00,-3.801315561749642136e+00,-5.142956348249516196e+00,-4.024922359499621294e+00,-2.683281572999747677e+00,-2.012461179749810647e+00,-3.354101966249684263e+00,-2.012461179749810647e+00,-4.919349550499537038e+00,-4.695742752749557880e+00,-3.354101966249684263e+00,-4.024922359499621294e+00,-3.354101966249684263e+00,-2.906888370749726391e+00,-2.906888370749726391e+00,-8.944271909999158554e-01,1.118033988749894903e+00,1.788854381999831711e+00,2.236067977499789639e-01,6.708203932499369193e-01,4.472135954999579277e-01,1.565247584249852775e+00,1.118033988749894903e+00,-1.118033988749894903e+00,-2.459674775249768519e+00,-2.906888370749726391e+00,-2.012461179749810647e+00,1.565247584249852775e+00,0.000000000000000000e+00,4.472135954999579277e-01,-8.944271909999158554e-01,4.472135954999579277e-01,1.565247584249852775e+00,2.236067977499789805e+00,1.788854381999831711e+00,2.012461179749810647e+00,2.906888370749726391e+00,1.788854381999831711e+00,2.459674775249768519e+00,1.118033988749894903e+00,8.944271909999158554e-01,1.788854381999831711e+00,1.118033988749894903e+00,2.236067977499789639e-01,-6.708203932499369193e-01,-1.565247584249852775e+00,-4.472135954999579610e+00,-4.472135954999579610e+00,-4.919349550499537038e+00,-6.260990336999411099e+00,-5.590169943749473624e+00,-4.248529157249600452e+00,-5.142956348249516196e+00,-4.472135954999579610e+00,-3.801315561749642136e+00,-3.577708763999663422e+00,-3.577708763999663422e+00,-4.472135954999579610e+00,-2.906888370749726391e+00,-4.024922359499621294e+00,-3.801315561749642136e+00,-5.142956348249516196e+00,-3.801315561749642136e+00,-2.906888370749726391e+00,-5.142956348249516196e+00,-6.484597134749389369e+00,-7.826237921249263430e+00,-6.260990336999411099e+00,-4.472135954999579610e+00,-4.472135954999579610e+00,-3.130495168499705549e+00,-2.459674775249768519e+00,-1.341640786499873839e+00,-2.236067977499789639e-01,-4.472135954999579277e-01,-1.788854381999831711e+00,-1.788854381999831711e+00,-4.472135954999579277e-01,-4.472135954999579277e-01,-8.944271909999158554e-01,-6.708203932499369193e-01,-8.944271909999158554e-01,-1.118033988749894903e+00
-1.118033988749894903e+00,-2.236067977499789639e-01,-6.708203932499369193e-01,1.788854381999831711e+00,8.944271909999158554e-01,1.565247584249852775e+00,2.683281572999747677e+00,3.130495168499705549e+00,2.683281572999747677e+00,2.459674775249768519e+00,3.130495168499705549e+00,3.354101966249684263e+00,3.577708763999663422e+00,2.236067977499789805e+00,1.341640786499873839e+00,4.472135954999579277e-01,-1.341640786499873839e+00,-4.024922359499621294e+00,-2.906888370749726391e+00,-2.012461179749810647e+00,-1.565247584249852775e+00,-1.788854381999831711e+00,-2.459674775249768519e+00,-2.683281572999747677e+00,-4.472135954999579610e+00,-5.366563145999495354e+00,-5.366563145999495354e+00,-4.472135954999579610e+00,-4.248529157249600452e+00,-4.695742752749557880e+00,-3.577708763999663422e+00,-6.260990336999411099e+00,-5.366563145999495354e+00,-4.695742752749557880e+00,-5.813776741499452783e+00,-5.366563145999495354e+00,-3.577708763999663422e+00,-2.906888370749726391e+00,-2.459674775249768519e+00,-4.472135954999579277e-01,-1.788854381999831711e+00,-1.565247584249852775e+00,-8.944271909999158554e-01,-3.577708763999663422e+00,-1.118033988749894903e+00,1.565247584249852775e+00,1.565247584249852775e+00,1.341640786499873839e+00,1.788854381999831711e+00,0.000000000000000000e+00,-2.459674775249768519e+00,-1.341640786499873839e+00,-2.012461179749810647e+00,-2.459674775249768519e+00,-2.236067977499789805e+00,4.472135954999579277e-01,-6.708203932499369193e-01,-2.012461179749810647e+00,-2.236067977499789639e-01,-4.472135954999579277e-01,4.472135954999579277e-01,-2.236067977499789639e-01,-2.683281572999747677e+00,-1.788854381999831711e+00,-2.683281572999747677e+00,-8.944271909999158554e-01,2.236067977499789639e-01,-8.944271909999158554e-01,-8.944271909999158554e-01,1.565247584249852775e+00,2.236067977499789805e+00,2.236067977499789805e+00,5.142956348249516196e+00,4.919349550499537038e+00,5.142956348249516196e+00,4.024922359499621294e+00,2.906888370749726391e+00,2.236067977499789805e+00,1.118033988749894903e+00,2.012461179749810647e+00,1.788854381999831711e+00,-2.236067977499789639e-01,-8.944271909999158554e-01,-2.012461179749810647e+00,-2.683281572999747677e+00,-2.683281572999747677e+00,-3.130495168499705549e+00,-3.130495168499705549e+00,-3.577708763999663422e+00,-4.919349550499537038e+00,-4.024922359499621294e+00,-5.813776741499452783e+00,-6.931810730249347685e+00,-5.366563145999495354e+00,-2.906888370749726391e+00,-4.024922359499621294e+00,-4.472135954999579610e+00,-4.248529157249600452e+00,-4.919349550499537038e+00,-7.602631123499284271e+00,-6.708203932499368527e+00,-6.260990336999411099e+00,-6.484597134749389369e+00,-5.590169943749473624e+00,-5.366563145999495354e+00,-4.248529157249600452e+00,-3.801315561749642136e+00,-3.577708763999663422e+00,-1.565247584249852775e+00,-2.459674775249768519e+00,-2.459674775249768519e+00,-2.459674775249768519e+00,-3.577708763999663422e+00,-4.919349550499537038e+00,-3.354101966249684263e+00,-3.130495168499705549e+00,-2.906888370749726391e+00,-2.459674775249768519e+00,-3.354101966249684263e+00,-3.354101966249684263e+00,-1.788854381999831711e+00,-1.788854381999831711e+00,8.944271909999158554e-01,4.472135954999579277e-01,1.788854381999831711e+00,1.341640786499873839e+00,2.906888370749726391e+00,3.354101966249684263e+00,4.472135954999579610e+00,4.024922359499621294e+00,3.801315561749642136e+00,6.037383539249431941e+00,5.813776741499452783e+00,6.708203932499368527e+00,5.590169943749473624e+00,7.155417527999326843e+00,6.260990336999411099e+00,5.813776741499452783e+00,5.142956348249516196e+00,4.919349550499537038e+00,4.919349550499537038e+00,2.683281572999747677e+00,4.024922359499621294e+00,3.130495168499705549e+00,1.788854381999831711e+00,8.944271909999158554e-01,8.944271909999158554e-01,2.906888370749726391e+00,4.024922359499621294e+00,3.354101966249684263e+00,4.024922359499621294e+00,5.813776741499452783e+00,5.813776741499452783e+00,5.366563145999495354e+00,5.590169943749473624e+00,5.142956348249516196e+00,4.695742752749557880e+00,5.142956348249516196e+00,5.590169943749473624e+00,6.037383539249431941e+00,3.577708763999663422e+00,3.354101966249684263e+00,3.577708763999663422e+00,5.366563145999495354e+00,6.260990336999411099e+00,5.142956348249516196e+00,5.366563145999495354e+00,5.142956348249516196e+00,2.906888370749726391e+00,1.788854381999831711e+00,3.354101966249684263e+00,3.130495168499705549e+00,3.577708763999663422e+00,5.142956348249516196e+00,4.248529157249600452e+00,2.906888370749726391e+00,4.695742752749557880e+00,2.906888370749726391e+00,1.341640786499873839e+00,2.012461179749810647e+00,1.788854381999831711e+00,2.236067977499789805e+00,2.236067977499789805e+00,8.944271909999158554e-01,8.944271909999158554e-01,1.788854381999831711e+00,2.683281572999747677e+00,1.788854381999831711e+00,1.118033988749894903e+00,2.236067977499789805e+00,4.472135954999579277e-01,6.708203932499369193e-01,-2.236067977499789639e-01,-8.944271909999158554e-01,2.236067977499789639e-01,4.472135954999579277e-01,8.944271909999158554e-01,8.944271909999158554e-01,-8.944271909999158554e-01,-2.906888370749726391e+00,-6.037383539249431941e+00,-3.801315561749642136e+00,-4.472135954999579610e+00,-5.142956348249516196e+00,-4.695742752749557880e+00,-3.354101966249684263e+00,-3.130495168499705549e+00,-1.118033988749894903e+00,-1.341640786499873839e+00,-2.236067977499789639e-01,-1.788854381999831711e+00,-6.708203932499369193e-01,-2.236067977499789639e-01,8.944271909999158554e-01,8.944271909999158554e-01,8.944271909999158554e-01,1.565247584249852775e+00,2.236067977499789805e+00,2.683281572999747677e+00,3.801315561749642136e+00,4.248529157249600452e+00,3.577708763999663422e+00,2.459674775249768519e+00,2.236067977499789805e+00,1.788854381999831711e+00,3.130495168499705549e+00,4.695742752749557880e+00,3.801315561749642136e+00,2.906888370749726391e+00,1.118033988749894903e+00,3.130495168499705549e+00,2.906888370749726391e+00,2.683281572999747677e+00,1.118033988749894903e+00,2.236067977499789639e-01,1.788854381999831711e+00,6.708203932499369193e-01,-1.118033988749894903e+00,-3.354101966249684263e+00,-3.577708763999663422e+00,-3.130495168499705549e+00,-4.472135954999579610e+00,-2.236067977499789805e+00,-4.472135954999579277e-01,-2.012461179749810647e+00,-2.236067977499789805e+00,-2.906888370749726391e+00,-2.683281572999747677e+00,-2.906888370749726391e+00,-2.683281572999747677e+00,-2.236067977499789805e+00,-2.906888370749726391e+00,-1.788854381999831711e+00,-1.118033988749894903e+00,-1.788854381999831711e+00,-2.683281572999747677e+00,-3.130495168499705549e+00,-2.236067977499789805e+00,-1.341640786499873839e+00,-1.788854381999831711e+00,-1.788854381999831711e+00,-1.788854381999831711e+00,-1.341640786499873839e+00,-2.236067977499789639e-01,-1.565247584249852775e+00,-8.944271909999158554e-01,-1.341640786499873839e+00,-8.944271909999158554e-01,2.236067977499789639e-01,8.944271909999158554e-01,-1.565247584249852775e+00,-8.944271909999158554e-01,8.944271909999158554e-01,-4.472135954999579277e-01,0.000000000000000000e+00,-2.459674775249768519e+00,-3.354101966249684263e+00,-2.012461179749810647e+00,-3.130495168499705549e+00,-4.248529157249600452e+00,-3.354101966249684263e+00,-4.248529157249600452e+00,-3.577708763999663422e+00,-2.683281572999747677e+00,-2.683281572999747677e+00,-3.130495168499705549e+00,-1.565247584249852775e+00,-3.130495168499705549e+00,-3.354101966249684263e+00,-3.577708763999663422e+00,-3.801315561749642136e+00,-4.248529157249600452e+00,-2.012461179749810647e+00,-2.906888370749726391e+00,-1.118033988749894903e+00,-8.944271909999158554e-01,-2.012461179749810647e+00,-2.459674775249768519e+00,-2.012461179749810647e+00,-1.565247584249852775e+00,-1.788854381999831711e+00,-2.683281572999747677e+00,-1.118033988749894903e+00,-2.012461179749810647e+00,-2.683281572999747677e+00,-3.130495168499705549e+00,-3.801315561749642136e+00,-3.354101966249684263e+00,-4.695742752749557880e+00,-4.695742752749557880e+00,-6.484597134749389369e+00,-6.260990336999411099e+00,-6.708203932499368527e+00,-6.708203932499368527e+00,-8.497058314499200904e+00,-1.028591269649903239e+01,-1.006230589874905235e+01,-9.391485505499115760e+00,-8.497058314499200904e+00,-7.602631123499284271e+00,-6.037383539249431941e+00,-6.931810730249347685e+00,-4.919349550499537038e+00,-5.590169943749473624e+00,-5.813776741499452783e+00,-5.813776741499452783e+00,-5.142956348249516196e+00,-3.577708763999663422e+00,-2.906888370749726391e+00,-3.130495168499705549e+00,-2.906888370749726391e+00,-2.683281572999747677e+00,-1.788854381999831711e+00,-3.130495168499705549e+00,-2.906888370749726391e+00,-3.354101966249684263e+00,-2.459674775249768519e+00,-2.906888370749726391e+00,-4.919349550499537038e+00,-4.248529157249600452e+00,-4.248529157249600452e+00,-3.577708763999663422e+00,-2.236067977499789805e+00,-4.695742752749557880e+00,-2.906888370749726391e+00,-2.683281572999747677e+00,-2.459674775249768519e+00,-3.130495168499705549e+00,-2.236067977499789805e+00,-8.944271909999158554e-01,-2.236067977499789639e-01,-1.341640786499873839e+00,6.708203932499369193e-01,4.472135954999579277e-01,4.472135954999579277e-01,1.118033988749894903e+00,2.236067977499789639e-01,1.788854381999831711e+00,2.236067977499789805e+00,2.012461179749810647e+00,2.906888370749726391e+00,1.118033988749894903e+00,0.000000000000000000e+00,8.944271909999158554e-01,1.788854381999831711e+00,2.012461179749810647e+00,1.565247584249852775e+00,1.565247584249852775e+00,2.012461179749810647e+00,-1.341640786499873839e+00,-3.354101966249684263e+00,-2.459674775249768519e+00,-2.906888370749726391e+00,-3.801315561749642136e+00,-5.813776741499452783e+00,-4.248529157249600452e+00,-3.354101966249684263e+00,-2.012461179749810647e+00,-1.788854381999831711e+00,-1.788854381999831711e+00,-6.708203932499369193e-01,4.472135954999579277e-01,2.236067977499789639e-01,-6.708203932499369193e-01,8.944271909999158554e-01,2.906888370749726391e+00,4.248529157249600452e+00,4.248529157249600452e+00,1.565247584249852775e+00,2.236067977499789805e+00,4.472135954999579610e+00,4.695742752749557880e+00,5.590169943749473624e+00,6.708203932499368527e+00,8.049844718999242588e+00,4.695742752749557880e+00,5.366563145999495354e+00,6.260990336999411099e+00,6.708203932499368527e+00,7.155417527999326843e+00,6.708203932499368527e+00,7.602631123499284271e+00,8.049844718999242588e+00,6.931810730249347685e+00,4.919349550499537038e+00,5.142956348249516196e+00,2.906888370749726391e+00,3.577708763999663422e+00,4.024922359499621294e+00,2.012461179749810647e+00,3.801315561749642136e+00,2.236067977499789805e+00,3.130495168499705549e+00,3.354101966249684263e+00,3.130495168499705549e+00,2.459674775249768519e+00,2.236067977499789639e-01,-1.341640786499873839e+00,-6.708203932499369193e-01,-1.118033988749894903e+00,-1.341640786499873839e+00,-6.708203932499369193e-01,2.236067977499789639e-01,4.472135954999579277e-01,0.000000000000000000e+00,-2.236067977499789639e-01,-8.944271909999158554e-01,-6.708203932499369193e-01,2.906888370749726391e+00,1.565247584249852775e+00,1.118033988749894903e+00,-1.118033988749894903e+00,6.708203932499369193e-01,-8.944271909999158554e-01,-1.118033988749894903e+00,-2.906888370749726391e+00,-2.236067977499789805e+00,-2.683281572999747677e+00,-5.142956348249516196e+00,-6.037383539249431941e+00,-7.379024325749306001e+00,-5.813776741499452783e+00,-7.826237921249263430e+00,-6.708203932499368527e+00,-6.260990336999411099e+00,-5.366563145999495354e+00,-6.037383539249431941e+00,-6.260990336999411099e+00,-6.037383539249431941e+00,-4.695742752749557880e+00,-4.472135954999579610e+00,-2.012461179749810647e+00,-4.472135954999579277e-01,-4.472135954999579277e-01,-1.118033988749894903e+00,-2.236067977499789805e+00,-8.944271909999158554e-01,-1.565247584249852775e+00,8.944271909999158554e-01,-1.118033988749894903e+00,1.341640786499873839e+00,2.459674775249768519e+00,2.236067977499789805e+00,1.118033988749894903e+00,3.577708763999663422e+00,4.024922359499621294e+00,3.577708763999663422e+00,3.577708763999663422e+00,3.354101966249684263e+00,1.118033988749894903e+00,-1.341640786499873839e+00,-1.565247584249852775e+00,-2.236067977499789639e-01,-1.118033988749894903e+00,-1.118033988749894903e+00,6.708203932499369193e-01,1.341640786499873839e+00,1.565247584249852775e+00,1.118033988749894903e+00,2.236067977499789639e-01,2.459674775249768519e+00,2.683281572999747677e+00,3.577708763999663422e+00,8.944271909999158554e-01,2.236067977499789639e-01,-6.708203932499369193e-01,-4.472135954999579277e-01,1.118033988749894903e+00,6.708203932499369193e-01,6.708203932499369193e-01,4.472135954999579277e-01,-8.944271909999158554e-01,-1.341640786499873839e+00,-1.341640786499873839e+00,-2.459674775249768519e+00,-3.801315561749642136e+00,-3.577708763999663422e+00,-4.024922359499621294e+00,-5.366563145999495354e+00,-5.142956348249516196e+00
5.366563145999495354e+00,4.919349550499537038e+00,4.024922359499621294e+00,2.683281572999747677e+00,3.801315561749642136e+00,2.906888370749726391e+00,4.248529157249600452e+00,5.590169943749473624e+00,5.142956348249516196e+00,5.813776741499452783e+00,5.590169943749473624e+00,5.366563145999495354e+00,7.379024325749306001e+00,5.142956348249516196e+00,6.037383539249431941e+00,4.248529157249600452e+00,3.354101966249684263e+00,2.459674775249768519e+00,-4.472135954999579277e-01,-1.118033988749894903e+00,-1.788854381999831711e+00,-1.565247584249852775e+00,-6.708203932499369193e-01,2.236067977499789639e-01,-4.472135954999579277e-01,-2.236067977499789639e-01,0.000000000000000000e+00,-8.944271909999158554e-01,-4.472135954999579277e-01,-2.012461179749810647e+00,-3.130495168499705549e+00,-3.801315561749642136e+00,-4.024922359499621294e+00,-5.813776741499452783e+00,-3.801315561749642136e+00,-2.683281572999747677e+00,-1.341640786499873839e+00,-1.341640786499873839e+00,-1.788854381999831711e+00,-1.565247584249852775e+00,-2.012461179749810647e+00,-2.236067977499789805e+00,-3.130495168499705549e+00,-3.801315561749642136e+00,-1.788854381999831711e+00,-4.248529157249600452e+00,-3.130495168499705549e+00,-2.012461179749810647e+00,-2.236067977499789805e+00,-2.236067977499789639e-01,-8.944271909999158554e-01,2.236067977499789639e-01,-4.472135954999579277e-01,2.236067977499789639e-01,2.012461179749810647e+00,2.906888370749726391e+00,4.024922359499621294e+00,3.577708763999663422e+00,3.801315561749642136e+00,3.354101966249684263e+00,4.472135954999579277e-01,-2.012461179749810647e+00,-2.906888370749726391e+00,-3.130495168499705549e+00,-3.577708763999663422e+00,-3.801315561749642136e+00,-1.788854381999831711e+00,-2.012461179749810647e+00,-3.130495168499705549e+00,-3.577708763999663422e+00,-3.130495168499705549e+00,-1.788854381999831711e+00,-2.012461179749810647e+00,-2.236067977499789805e+00,-2.459674775249768519e+00,-2.236067977499789805e+00,-6.037383539249431941e+00,-5.590169943749473624e+00,-4.248529157249600452e+00,-3.801315561749642136e+00,-4.472135954999579610e+00,-5.142956348249516196e+00,-2.236067977499789805e+00,-2.236067977499789639e-01,-1.118033988749894903e+00,-1.788854381999831711e+00,-3.801315561749642136e+00,-2.906888370749726391e+00,-3.130495168499705549e+00,-3.577708763999663422e+00,-2.236067977499789805e+00,-2.683281572999747677e+00,-2.012461179749810647e+00,-1.341640786499873839e+00,-1.341640786499873839e+00,-2.906888370749726391e+00,-1.118033988749894903e+00,6.708203932499369193e-01,1.341640786499873839e+00,8.944271909999158554e-01,4.472135954999579277e-01,1.341640786499873839e+00,3.130495168499705549e+00,1.118033988749894903e+00,2.236067977499789639e-01,-8.944271909999158554e-01,-1.118033988749894903e+00,-2.012461179749810647e+00,-1.118033988749894903e+00,-2.906888370749726391e+00,-1.341640786499873839e+00,-1.341640786499873839e+00,-1.565247584249852775e+00,-1.788854381999831711e+00,-1.341640786499873839e+00,-1.118033988749894903e+00,-1.565247584249852775e+00,-1.341640786499873839e+00,-1.788854381999831711e+00,-3.801315561749642136e+00,-2.012461179749810647e+00,-2.683281572999747677e+00,-4.472135954999579277e-01,-6.708203932499369193e-01,-8.944271909999158554e-01,-1.118033988749894903e+00,4.472135954999579277e-01,2.683281572999747677e+00,3.130495168499705549e+00,3.577708763999663422e+00,2.459674775249768519e+00,2.236067977499789639e-01,-1.341640786499873839e+00,-2.459674775249768519e+00,-3.130495168499705549e+00,-6.708203932499369193e-01,-4.472135954999579277e-01,6.708203932499369193e-01,2.236067977499789805e+00,3.577708763999663422e+00,3.801315561749642136e+00,5.142956348249516196e+00,3.801315561749642136e+00,8.944271909999158554e-01,2.236067977499789639e-01,-1.341640786499873839e+00,-4.472135954999579277e-01,6.708203932499369193e-01,-6.708203932499369193e-01,-4.472135954999579277e-01,2.236067977499789639e-01,2.236067977499789639e-01,-8.944271909999158554e-01,-1.341640786499873839e+00,0.000000000000000000e+00,0.000000000000000000e+00,-4.472135954999579277e-01,0.000000000000000000e+00,8.944271909999158554e-01,0.000000000000000000e+00,-1.118033988749894903e+00,4.472135954999579277e-01,-1.118033988749894903e+00,-4.472135954999579277e-01,6.708203932499369193e-01,1.118033988749894903e+00,1.118033988749894903e+00,-2.236067977499789639e-01,4.472135954999579277e-01,1.118033988749894903e+00,1.341640786499873839e+00,-8.944271909999158554e-01,-3.354101966249684263e+00,-2.683281572999747677e+00,-3.130495168499705549e+00,-3.130495168499705549e+00,-4.248529157249600452e+00,-3.130495168499705549e+00,-2.683281572999747677e+00,-1.341640786499873839e+00,-1.118033988749894903e+00,1.341640786499873839e+00,1.118033988749894903e+00,8.944271909999158554e-01,2.459674775249768519e+00,1.565247584249852775e+00,4.472135954999579277e-01,-6.708203932499369193e-01,-1.118033988749894903e+00,-3.577708763999663422e+00,-2.012461179749810647e+00,-1.565247584249852775e+00,-1.118033988749894903e+00,-3.354101966249684263e+00,-4.024922359499621294e+00,-5.142956348249516196e+00,-5.590169943749473624e+00,-4.024922359499621294e+00,-3.130495168499705549e+00,-2.459674775249768519e+00,-6.708203932499369193e-01,4.472135954999579277e-01,0.000000000000000000e+00,1.788854381999831711e+00,1.788854381999831711e+00,1.118033988749894903e+00,1.341640786499873839e+00,6.708203932499369193e-01,6.708203932499369193e-01,4.472135954999579277e-01,2.906888370749726391e+00,3.130495168499705549e+00,4.248529157249600452e+00,4.024922359499621294e+00,4.472135954999579610e+00,4.472135954999579610e+00,3.354101966249684263e+00,2.459674775249768519e+00,1.565247584249852775e+00,8.944271909999158554e-01,-1.341640786499873839e+00,-4.472135954999579277e-01,-6.708203932499369193e-01,1.118033988749894903e+00,-4.472135954999579277e-01,-1.341640786499873839e+00,2.236067977499789639e-01,4.472135954999579277e-01,1.341640786499873839e+00,-4.472135954999579277e-01,-1.118033988749894903e+00,-4.472135954999579277e-01,-2.683281572999747677e+00,-1.341640786499873839e+00,-2.012461179749810647e+00,-1.565247584249852775e+00,-2.906888370749726391e+00,-2.683281572999747677e+00,-2.683281572999747677e+00,-2.906888370749726391e+00,-1.788854381999831711e+00,-6.708203932499369193e-01,-2.236067977499789639e-01,-6.708203932499369193e-01,-1.788854381999831711e+00,-2.459674775249768519e+00,-2.236067977499789805e+00,-1.788854381999831711e+00,-6.708203932499369193e-01,-1.341640786499873839e+00,-2.012461179749810647e+00,-3.130495168499705549e+00,-1.565247584249852775e+00,-2.683281572999747677e+00,-2.906888370749726391e+00,-3.801315561749642136e+00,-4.472135954999579610e+00,-4.919349550499537038e+00,-3.801315561749642136e+00,-1.788854381999831711e+00,-1.788854381999831711e+00,1.341640786499873839e+00,2.459674775249768519e+00,1.788854381999831711e+00,-4.472135954999579277e-01,-8.944271909999158554e-01,-1.788854381999831711e+00,-6.708203932499369193e-01,-6.708203932499369193e-01,-1.118033988749894903e+00,-2.236067977499789639e-01,-1.565247584249852775e+00,-1.788854381999831711e+00,-6.708203932499369193e-01,8.944271909999158554e-01,4.472135954999579277e-01,8.944271909999158554e-01,2.236067977499789639e-01,1.341640786499873839e+00,6.708203932499369193e-01,-2.236067977499789639e-01,-2.236067977499789639e-01,0.000000000000000000e+00,-3.130495168499705549e+00,-3.577708763999663422e+00,-4.248529157249600452e+00,-4.248529157249600452e+00,-5.813776741499452783e+00,-5.142956348249516196e+00,-3.130495168499705549e+00,-2.459674775249768519e+00,-1.788854381999831711e+00,-2.236067977499789805e+00,-2.236067977499789639e-01,-1.118033988749894903e+00,-1.341640786499873839e+00,-1.118033988749894903e+00,-2.236067977499789805e+00,-2.236067977499789805e+00,-5.366563145999495354e+00,-5.590169943749473624e+00,-4.472135954999579610e+00,-4.248529157249600452e+00,-4.248529157249600452e+00,-3.577708763999663422e+00,-4.024922359499621294e+00,-3.801315561749642136e+00,-3.354101966249684263e+00,-3.577708763999663422e+00,-2.683281572999747677e+00,-2.683281572999747677e+00,-1.788854381999831711e+00,-1.341640786499873839e+00,6.708203932499369193e-01,2.012461179749810647e+00,2.459674775249768519e+00,2.906888370749726391e+00,4.024922359499621294e+00,4.472135954999579610e+00,4.024922359499621294e+00,2.906888370749726391e+00,2.236067977499789805e+00,3.354101966249684263e+00,2.236067977499789805e+00,4.248529157249600452e+00,4.695742752749557880e+00,3.130495168499705549e+00,4.248529157249600452e+00,4.919349550499537038e+00,4.472135954999579610e+00,3.801315561749642136e+00,4.695742752749557880e+00,3.577708763999663422e+00,6.708203932499369193e-01,6.708203932499369193e-01,1.118033988749894903e+00,-1.341640786499873839e+00,-2.236067977499789639e-01,4.472135954999579277e-01,-2.236067977499789639e-01,-8.944271909999158554e-01,-2.236067977499789639e-01,2.012461179749810647e+00,1.788854381999831711e+00,2.459674775249768519e+00,6.708203932499369193e-01,8.944271909999158554e-01,6.708203932499369193e-01,1.565247584249852775e+00,1.788854381999831711e+00,8.944271909999158554e-01,1.341640786499873839e+00,-8.944271909999158554e-01,-2.906888370749726391e+00,-8.944271909999158554e-01,0.000000000000000000e+00,2.459674775249768519e+00,2.459674775249768519e+00,2.906888370749726391e+00,3.577708763999663422e+00,4.248529157249600452e+00,4.248529157249600452e+00,5.590169943749473624e+00,3.354101966249684263e+00,4.919349550499537038e+00,4.695742752749557880e+00,3.801315561749642136e+00,3.354101966249684263e+00,2.012461179749810647e+00,-2.236067977499789639e-01,-1.118033988749894903e+00,0.000000000000000000e+00,-1.118033988749894903e+00,-3.577708763999663422e+00,-3.130495168499705549e+00,-1.341640786499873839e+00,-2.012461179749810647e+00,-6.708203932499369193e-01,-2.012461179749810647e+00,-4.472135954999579610e+00,-5.366563145999495354e+00,-7.379024325749306001e+00,-6.708203932499368527e+00,-8.273451516749220858e+00,-6.708203932499368527e+00,-7.155417527999326843e+00,-6.260990336999411099e+00,-5.813776741499452783e+00,-6.484597134749389369e+00,-2.906888370749726391e+00,-3.130495168499705549e+00,-1.788854381999831711e+00,-1.118033988749894903e+00,-2.012461179749810647e+00,-1.565247584249852775e+00,-2.683281572999747677e+00,-2.236067977499789805e+00,-2.459674775249768519e+00,-2.236067977499789805e+00,-2.906888370749726391e+00,-2.012461179749810647e+00,-1.565247584249852775e+00,-2.012461179749810647e+00,-4.024922359499621294e+00,-2.906888370749726391e+00,-2.906888370749726391e+00,-1.118033988749894903e+00,4.472135954999579277e-01,-6.708203932499369193e-01,-6.708203932499369193e-01,-1.565247584249852775e+00,-2.236067977499789639e-01,6.708203932499369193e-01,-2.236067977499789639e-01,0.000000000000000000e+00,6.708203932499369193e-01,8.944271909999158554e-01,1.118033988749894903e+00,6.708203932499369193e-01,-1.118033988749894903e+00,-6.708203932499369193e-01,6.708203932499369193e-01,2.236067977499789639e-01,3.130495168499705549e+00,4.695742752749557880e+00,4.695742752749557880e+00,2.459674775249768519e+00,2.683281572999747677e+00,8.944271909999158554e-01,1.788854381999831711e+00,1.118033988749894903e+00,-8.944271909999158554e-01,-1.565247584249852775e+00,-3.130495168499705549e+00,-2.236067977499789805e+00,-2.236067977499789805e+00,-1.565247584249852775e+00,-2.012461179749810647e+00,-4.472135954999579277e-01,-2.236067977499789639e-01,6.708203932499369193e-01,-4.472135954999579277e-01,-6.708203932499369193e-01,6.708203932499369193e-01,1.118033988749894903e+00,2.012461179749810647e+00,8.944271909999158554e-01,2.236067977499789639e-01,-2.236067977499789639e-01,8.944271909999158554e-01,-8.944271909999158554e-01,-6.708203932499369193e-01,-4.472135954999579277e-01,-6.708203932499369193e-01,-1.341640786499873839e+00,-1.341640786499873839e+00,-2.012461179749810647e+00,-8.944271909999158554e-01,-6.708203932499369193e-01,4.472135954999579277e-01,6.708203932499369193e-01,0.000000000000000000e+00,-2.236067977499789639e-01,-1.565247584249852775e+00,-2.236067977499789805e+00,-8.944271909999158554e-01,-1.788854381999831711e+00,-2.236067977499789639e-01,-2.236067977499789805e+00,-6.708203932499369193e-01,4.472135954999579277e-01,6.708203932499369193e-01,2.236067977499789805e+00,2.459674775249768519e+00,3.577708763999663422e+00,3.577708763999663422e+00,2.683281572999747677e+00,1.565247584249852775e+00,1.118033988749894903e+00,4.472135954999579277e-01,-2.236067977499789639e-01,-1.118033988749894903e+00,-4.472135954999579277e-01,4.472135954999579277e-01,6.708203932499369193e-01,0.000000000000000000e+00,2.236067977499789639e-01,1.565247584249852775e+00,2.236067977499789639e-01,4.472135954999579277e-01,-1.565247584249852775e+00,8.944271909999158554e-01,6.708203932499369193e-01,2.683281572999747677e+00,3.801315561749642136e+00,3.801315561749642136e+00,3.354101966249684263e+00,3.801315561749642136e+00,4.472135954999579610e+00,7.602631123499284271e+00
1.341640786499873839e+00,6.708203932499369193e-01,8.944271909999158554e-01,1.341640786499873839e+00,-2.236067977499789639e-01,-1.341640786499873839e+00,-1.788854381999831711e+00,-3.130495168499705549e+00,-2.236067977499789805e+00,-2.459674775249768519e+00,-2.906888370749726391e+00,-8.944271909999158554e-01,-8.944271909999158554e-01,-1.565247584249852775e+00,-1.118033988749894903e+00,4.472135954999579277e-01,1.118033988749894903e+00,0.000000000000000000e+00,1.565247584249852775e+00,2.683281572999747677e+00,3.801315561749642136e+00,3.577708763999663422e+00,4.472135954999579610e+00,4.024922359499621294e+00,2.012461179749810647e+00,3.801315561749642136e+00,4.248529157249600452e+00,4.024922359499621294e+00,4.695742752749557880e+00,5.366563145999495354e+00,6.037383539249431941e+00,6.260990336999411099e+00,4.919349550499537038e+00,6.037383539249431941e+00,2.683281572999747677e+00,4.919349550499537038e+00,6.708203932499368527e+00,5.590169943749473624e+00,6.037383539249431941e+00,6.260990336999411099e+00,5.142956348249516196e+00,4.695742752749557880e+00,4.248529157249600452e+00,3.130495168499705549e+00,2.683281572999747677e+00,2.012461179749810647e+00,-6.708203932499369193e-01,-4.472135954999579277e-01,-6.708203932499369193e-01,-2.012461179749810647e+00,-4.024922359499621294e+00,-4.472135954999579610e+00,-4.248529157249600452e+00,-4.248529157249600452e+00,-4.472135954999579610e+00,-5.813776741499452783e+00,-5.813776741499452783e+00,-5.142956348249516196e+00,-4.919349550499537038e+00,-4.024922359499621294e+00,-5.142956348249516196e+00,-4.248529157249600452e+00,-3.801315561749642136e+00,-4.919349550499537038e+00,-4.472135954999579610e+00,-4.024922359499621294e+00,-4.248529157249600452e+00,-4.919349550499537038e+00,-4.248529157249600452e+00,-6.037383539249431941e+00,-5.590169943749473624e+00,-3.354101966249684263e+00,-2.906888370749726391e+00,-1.118033988749894903e+00,6.708203932499369193e-01,1.118033988749894903e+00,2.906888370749726391e+00,3.801315561749642136e+00,3.801315561749642136e+00,4.695742752749557880e+00,2.236067977499789805e+00,2.683281572999747677e+00,2.236067977499789639e-01,0.000000000000000000e+00,6.708203932499369193e-01,4.472135954999579610e+00,6.260990336999411099e+00,4.919349550499537038e+00,5.366563145999495354e+00,4.919349550499537038e+00,2.459674775249768519e+00,2.459674775249768519e+00,1.788854381999831711e+00,2.459674775249768519e+00,2.459674775249768519e+00,2.012461179749810647e+00,1.341640786499873839e+00,1.118033988749894903e+00,1.565247584249852775e+00,2.236067977499789805e+00,1.341640786499873839e+00,2.236067977499789805e+00,3.354101966249684263e+00,2.683281572999747677e+00,1.788854381999831711e+00,2.906888370749726391e+00,1.341640786499873839e+00,3.354101966249684263e+00,1.788854381999831711e+00,1.118033988749894903e+00,-1.341640786499873839e+00,-2.236067977499789805e+00,-1.565247584249852775e+00,-2.012461179749810647e+00,-1.118033988749894903e+00,-1.341640786499873839e+00,-6.708203932499369193e-01,1.118033988749894903e+00,6.708203932499369193e-01,2.012461179749810647e+00,3.354101966249684263e+00,1.788854381999831711e+00,2.236067977499789805e+00,-6.708203932499369193e-01,-2.683281572999747677e+00,-3.577708763999663422e+00,-1.341640786499873839e+00,-6.708203932499369193e-01,8.944271909999158554e-01,2.236067977499789639e-01,-6.708203932499369193e-01,4.472135954999579277e-01,1.118033988749894903e+00,8.944271909999158554e-01,-4.472135954999579277e-01,-4.472135954999579277e-01,-4.472135954999579277e-01,8.944271909999158554e-01,1.341640786499873839e+00,3.577708763999663422e+00,3.354101966249684263e+00,4.248529157249600452e+00,4.695742752749557880e+00,4.919349550499537038e+00,2.906888370749726391e+00,1.565247584249852775e+00,8.944271909999158554e-01,8.944271909999158554e-01,-2.236067977499789639e-01,4.472135954999579277e-01,8.944271909999158554e-01,1.341640786499873839e+00,2.236067977499789639e-01,4.472135954999579277e-01,0.000000000000000000e+00,-1.341640786499873839e+00,-1.341640786499873839e+00,-1.565247584249852775e+00,-1.341640786499873839e+00,-4.472135954999579277e-01,-1.341640786499873839e+00,-4.472135954999579277e-01,2.236067977499789639e-01,-1.788854381999831711e+00,-2.012461179749810647e+00,-1.341640786499873839e+00,-6.708203932499369193e-01,-2.236067977499789805e+00,-1.788854381999831711e+00,-1.341640786499873839e+00,-2.683281572999747677e+00,-2.683281572999747677e+00,-3.130495168499705549e+00,-2.906888370749726391e+00,-2.236067977499789805e+00,-4.472135954999579277e-01,-2.236067977499789639e-01,8.944271909999158554e-01,1.118033988749894903e+00,2.683281572999747677e+00,2.906888370749726391e+00,2.906888370749726391e+00,8.944271909999158554e-01,3.130495168499705549e+00,4.248529157249600452e+00,3.801315561749642136e+00,3.354101966249684263e+00,4.248529157249600452e+00,3.801315561749642136e+00,3.801315561749642136e+00,5.366563145999495354e+00,4.695742752749557880e+00,6.931810730249347685e+00,6.931810730249347685e+00,5.366563145999495354e+00,4.024922359499621294e+00,5.142956348249516196e+00,5.590169943749473624e+00,5.142956348249516196e+00,3.354101966249684263e+00,2.459674775249768519e+00,2.012461179749810647e+00,2.012461179749810647e+00,2.012461179749810647e+00,3.354101966249684263e+00,3.130495168499705549e+00,4.024922359499621294e+00,4.024922359499621294e+00,3.801315561749642136e+00,2.236067977499789805e+00,2.906888370749726391e+00,3.130495168499705549e+00,3.354101966249684263e+00,3.354101966249684263e+00,1.118033988749894903e+00,0.000000000000000000e+00,1.341640786499873839e+00,0.000000000000000000e+00,-2.683281572999747677e+00,-2.459674775249768519e+00,-8.944271909999158554e-01,-4.472135954999579277e-01,-1.565247584249852775e+00,2.236067977499789639e-01,1.788854381999831711e+00,2.236067977499789805e+00,2.459674775249768519e+00,2.906888370749726391e+00,3.577708763999663422e+00,4.024922359499621294e+00,2.459674775249768519e+00,2.459674775249768519e+00,2.236067977499789639e-01,2.236067977499789639e-01,-1.565247584249852775e+00,-1.788854381999831711e+00,-2.906888370749726391e+00,-3.354101966249684263e+00,-3.354101966249684263e+00,-3.801315561749642136e+00,-2.906888370749726391e+00,-6.708203932499369193e-01,6.708203932499369193e-01,6.708203932499369193e-01,2.236067977499789639e-01,2.459674775249768519e+00,2.236067977499789805e+00,2.906888370749726391e+00,5.142956348249516196e+00,3.354101966249684263e+00,1.118033988749894903e+00,4.472135954999579277e-01,6.708203932499369193e-01,-1.118033988749894903e+00,-6.708203932499369193e-01,-8.944271909999158554e-01,-2.012461179749810647e+00,-2.683281572999747677e+00,-2.236067977499789805e+00,-8.944271909999158554e-01,-1.788854381999831711e+00,-2.236067977499789639e-01,-1.118033988749894903e+00,-1.565247584249852775e+00,-4.695742752749557880e+00,-4.695742752749557880e+00,-4.248529157249600452e+00,-6.260990336999411099e+00,-5.813776741499452783e+00,-6.037383539249431941e+00,-5.590169943749473624e+00,-6.260990336999411099e+00,-4.024922359499621294e+00,-4.248529157249600452e+00,-5.142956348249516196e+00,-5.366563145999495354e+00,-5.366563145999495354e+00,-4.248529157249600452e+00,-5.142956348249516196e+00,-6.708203932499368527e+00,-5.142956348249516196e+00,-4.024922359499621294e+00,-4.472135954999579610e+00,-3.354101966249684263e+00,-4.248529157249600452e+00,-2.906888370749726391e+00,-2.683281572999747677e+00,-8.944271909999158554e-01,-2.236067977499789639e-01,4.472135954999579277e-01,4.472135954999579277e-01,-1.118033988749894903e+00,-2.236067977499789639e-01,-2.236067977499789639e-01,-1.565247584249852775e+00,-8.944271909999158554e-01,-4.472135954999579277e-01,4.472135954999579277e-01,4.472135954999579277e-01,2.236067977499789805e+00,1.565247584249852775e+00,0.000000000000000000e+00,-1.118033988749894903e+00,-2.012461179749810647e+00,-1.788854381999831711e+00,-2.012461179749810647e+00,-2.012461179749810647e+00,-2.459674775249768519e+00,-3.354101966249684263e+00,-1.118033988749894903e+00,4.472135954999579277e-01,6.708203932499369193e-01,6.708203932499369193e-01,2.459674775249768519e+00,4.024922359499621294e+00,2.459674775249768519e+00,2.683281572999747677e+00,3.354101966249684263e+00,5.590169943749473624e+00,4.919349550499537038e+00,6.708203932499368527e+00,7.155417527999326843e+00,4.919349550499537038e+00,4.695742752749557880e+00,3.130495168499705549e+00,8.944271909999158554e-01,1.565247584249852775e+00,-2.236067977499789639e-01,8.944271909999158554e-01,8.944271909999158554e-01,1.565247584249852775e+00,1.788854381999831711e+00,1.788854381999831711e+00,2.906888370749726391e+00,1.341640786499873839e+00,8.944271909999158554e-01,2.012461179749810647e+00,2.236067977499789639e-01,-2.683281572999747677e+00,-2.236067977499789805e+00,-2.683281572999747677e+00,-2.236067977499789805e+00,-4.695742752749557880e+00,-3.801315561749642136e+00,-4.024922359499621294e+00,-4.024922359499621294e+00,-4.695742752749557880e+00,-3.354101966249684263e+00,-2.683281572999747677e+00,-3.130495168499705549e+00,4.472135954999579277e-01,-4.472135954999579277e-01,1.118033988749894903e+00,8.944271909999158554e-01,0.000000000000000000e+00,-2.012461179749810647e+00,-1.118033988749894903e+00,0.000000000000000000e+00,-1.341640786499873839e+00,6.708203932499369193e-01,0.000000000000000000e+00,8.944271909999158554e-01,1.341640786499873839e+00,2.236067977499789639e-01,2.236067977499789805e+00,3.130495168499705549e+00,2.012461179749810647e+00,1.788854381999831711e+00,-2.236067977499789639e-01,-8.944271909999158554e-01,1.118033988749894903e+00,6.708203932499369193e-01,4.472135954999579277e-01,1.341640786499873839e+00,1.118033988749894903e+00,-2.236067977499789639e-01,1.341640786499873839e+00,0.000000000000000000e+00,-2.236067977499789639e-01,-1.118033988749894903e+00,-2.459674775249768519e+00,-1.118033988749894903e+00,2.236067977499789639e-01,2.906888370749726391e+00,3.801315561749642136e+00,5.590169943749473624e+00,7.602631123499284271e+00,6.484597134749389369e+00,4.695742752749557880e+00,6.260990336999411099e+00,5.142956348249516196e+00,4.695742752749557880e+00,4.024922359499621294e+00,2.012461179749810647e+00,1.788854381999831711e+00,1.788854381999831711e+00,2.683281572999747677e+00,3.354101966249684263e+00,4.248529157249600452e+00,4.248529157249600452e+00,3.130495168499705549e+00,1.565247584249852775e+00,8.944271909999158554e-01,2.012461179749810647e+00,1.341640786499873839e+00,1.341640786499873839e+00,1.788854381999831711e+00,2.236067977499789805e+00,2.012461179749810647e+00,3.130495168499705549e+00,4.919349550499537038e+00,4.695742752749557880e+00,6.931810730249347685e+00,6.484597134749389369e+00,7.155417527999326843e+00,8.497058314499200904e+00,6.708203932499368527e+00,4.919349550499537038e+00,4.024922359499621294e+00,4.248529157249600452e+00,3.130495168499705549e+00,2.906888370749726391e+00,1.118033988749894903e+00,3.801315561749642136e+00,1.788854381999831711e+00,1.788854381999831711e+00,6.708203932499369193e-01,-1.565247584249852775e+00,1.341640786499873839e+00,-4.472135954999579277e-01,-2.459674775249768519e+00,-3.801315561749642136e+00,-3.130495168499705549e+00,-3.801315561749642136e+00,-3.577708763999663422e+00,-3.354101966249684263e+00,-2.459674775249768519e+00,-1.118033988749894903e+00,-2.236067977499789639e-01,-4.472135954999579277e-01,-2.683281572999747677e+00,-4.248529157249600452e+00,-2.236067977499789805e+00,-2.236067977499789805e+00,-2.236067977499789805e+00,2.236067977499789639e-01,1.341640786499873839e+00,2.459674775249768519e+00,1.118033988749894903e+00,8.944271909999158554e-01,-1.341640786499873839e+00,-4.472135954999579277e-01,-2.236067977499789639e-01,2.012461179749810647e+00,4.472135954999579277e-01,2.236067977499789639e-01,-2.236067977499789805e+00,-2.906888370749726391e+00,-3.577708763999663422e+00,-2.683281572999747677e+00,-1.565247584249852775e+00,-1.565247584249852775e+00,-2.012461179749810647e+00,-2.236067977499789805e+00,-8.944271909999158554e-01,-1.341640786499873839e+00,-8.944271909999158554e-01,-2.012461179749810647e+00,-1.788854381999831711e+00,-2.236067977499789805e+00,-1.788854381999831711e+00,-2.012461179749810647e+00,-1.788854381999831711e+00,1.118033988749894903e+00,-4.472135954999579277e-01,-4.472135954999579277e-01,0.000000000000000000e+00,-1.118033988749894903e+00,-2.012461179749810647e+00,6.708203932499369193e-01,1.788854381999831711e+00,0.000000000000000000e+00,-2.236067977499789639e-01,1.341640786499873839e+00,3.130495168499705549e+00,2.236067977499789805e+00,0.000000000000000000e+00,2.683281572999747677e+00,2.012461179749810647e+00,2.012461179749810647e+00,2.906888370749726391e+00,2.236067977499789805e+00,2.012461179749810647e+00,2.236067977499789805e+00,1.118033988749894903e+00,2.012461179749810647e+00,3.130495168499705549e+00,1.118033988749894903e+00,-1.341640786499873839e+00,-3.577708763999663422e+00
4.248529157249600452e+00,3.801315561749642136e+00,3.130495168499705549e+00,1.565247584249852775e+00,3.130495168499705549e+00,1.118033988749894903e+00,2.459674775249768519e+00,2.236067977499789805e+00,2.012461179749810647e+00,1.788854381999831711e+00,-8.944271909999158554e-01,-8.944271909999158554e-01,0.000000000000000000e+00,2.012461179749810647e+00,2.236067977499789639e-01,2.236067977499789639e-01,-6.708203932499369193e-01,-8.944271909999158554e-01,-1.341640786499873839e+00,-2.459674775249768519e+00,-4.472135954999579277e-01,4.472135954999579277e-01,2.236067977499789805e+00,8.944271909999158554e-01,6.708203932499369193e-01,-1.341640786499873839e+00,-8.944271909999158554e-01,-1.565247584249852775e+00,0.000000000000000000e+00,1.118033988749894903e+00,2.683281572999747677e+00,3.801315561749642136e+00,4.472135954999579610e+00,5.142956348249516196e+00,4.695742752749557880e+00,6.037383539249431941e+00,6.931810730249347685e+00,6.931810730249347685e+00,4.919349550499537038e+00,6.037383539249431941e+00,8.497058314499200904e+00,7.379024325749306001e+00,5.813776741499452783e+00,3.130495168499705549e+00,3.354101966249684263e+00,2.236067977499789805e+00,2.236067977499789805e+00,2.236067977499789805e+00,3.801315561749642136e+00,4.919349550499537038e+00,2.236067977499789805e+00,2.459674775249768519e+00,2.906888370749726391e+00,2.236067977499789639e-01,2.236067977499789639e-01,2.236067977499789639e-01,1.341640786499873839e+00,1.788854381999831711e+00,-8.944271909999158554e-01,-1.341640786499873839e+00,-2.012461179749810647e+00,-8.944271909999158554e-01,-8.944271909999158554e-01,-2.236067977499789805e+00,-6.708203932499369193e-01,4.472135954999579277e-01,4.472135954999579277e-01,1.118033988749894903e+00,-8.944271909999158554e-01,-8.944271909999158554e-01,0.000000000000000000e+00,1.118033988749894903e+00,8.944271909999158554e-01,4.472135954999579277e-01,-2.236067977499789639e-01,1.118033988749894903e+00,4.472135954999579277e-01,-4.472135954999579277e-01,6.708203932499369193e-01,8.944271909999158554e-01,1.118033988749894903e+00,-4.472135954999579277e-01,6.708203932499369193e-01,0.000000000000000000e+00,-4.472135954999579277e-01,6.708203932499369193e-01,6.708203932499369193e-01,-4.472135954999579277e-01,-1.788854381999831711e+00,-8.944271909999158554e-01,-1.118033988749894903e+00,-1.565247584249852775e+00,-3.354101966249684263e+00,-4.472135954999579610e+00,-4.248529157249600452e+00,-4.919349550499537038e+00,-3.801315561749642136e+00,-4.248529157249600452e+00,-3.354101966249684263e+00,-2.236067977499789805e+00,-2.459674775249768519e+00,-2.236067977499789805e+00,-6.708203932499369193e-01,1.341640786499873839e+00,2.906888370749726391e+00,3.130495168499705549e+00,5.142956348249516196e+00,2.906888370749726391e+00,2.459674775249768519e+00,2.459674775249768519e+00,1.341640786499873839e+00,2.236067977499789639e-01,-2.236067977499789639e-01,4.472135954999579277e-01,1.788854381999831711e+00,2.683281572999747677e+00,3.130495168499705549e+00,2.906888370749726391e+00,2.459674775249768519e+00,4.024922359499621294e+00,6.708203932499368527e+00,6.037383539249431941e+00,3.130495168499705549e+00,3.577708763999663422e+00,2.906888370749726391e+00,2.012461179749810647e+00,1.118033988749894903e+00,2.459674775249768519e+00,3.130495168499705549e+00,2.459674775249768519e+00,2.683281572999747677e+00,3.130495168499705549e+00,3.130495168499705549e+00,3.577708763999663422e+00,4.695742752749557880e+00,4.919349550499537038e+00,4.695742752749557880e+00,6.708203932499368527e+00,6.037383539249431941e+00,5.366563145999495354e+00,4.695742752749557880e+00,4.695742752749557880e+00,2.236067977499789639e-01,1.565247584249852775e+00,1.118033988749894903e+00,4.472135954999579277e-01,-1.118033988749894903e+00,6.708203932499369193e-01,2.236067977499789805e+00,2.459674775249768519e+00,6.708203932499369193e-01,3.130495168499705549e+00,3.354101966249684263e+00,2.906888370749726391e+00,2.459674775249768519e+00,2.012461179749810647e+00,1.565247584249852775e+00,-2.236067977499789639e-01,6.708203932499369193e-01,8.944271909999158554e-01,3.130495168499705549e+00,3.130495168499705549e+00,4.024922359499621294e+00,5.590169943749473624e+00,6.037383539249431941e+00,5.813776741499452783e+00,4.472135954999579610e+00,6.037383539249431941e+00,4.024922359499621294e+00,2.906888370749726391e+00,3.354101966249684263e+00,4.248529157249600452e+00,4.695742752749557880e+00,7.602631123499284271e+00,6.484597134749389369e+00,7.826237921249263430e+00,8.720665112249179174e+00,7.379024325749306001e+00,6.037383539249431941e+00,6.484597134749389369e+00,5.590169943749473624e+00,7.379024325749306001e+00,6.484597134749389369e+00,4.472135954999579610e+00,2.683281572999747677e+00,2.906888370749726391e+00,3.577708763999663422e+00,3.354101966249684263e+00,3.801315561749642136e+00,2.236067977499789805e+00,2.459674775249768519e+00,1.118033988749894903e+00,4.472135954999579277e-01,2.906888370749726391e+00,3.354101966249684263e+00,2.906888370749726391e+00,3.577708763999663422e+00,5.813776741499452783e+00,4.919349550499537038e+00,4.695742752749557880e+00,6.260990336999411099e+00,7.155417527999326843e+00,6.037383539249431941e+00,4.472135954999579610e+00,4.695742752749557880e+00,1.565247584249852775e+00,1.565247584249852775e+00,3.130495168499705549e+00,2.236067977499789805e+00,2.683281572999747677e+00,3.130495168499705549e+00,2.906888370749726391e+00,2.683281572999747677e+00,2.236067977499789639e-01,2.236067977499789639e-01,-1.118033988749894903e+00,-8.944271909999158554e-01,1.565247584249852775e+00,2.236067977499789805e+00,2.906888370749726391e+00,6.708203932499369193e-01,-6.708203932499369193e-01,2.012461179749810647e+00,1.118033988749894903e+00,2.459674775249768519e+00,2.683281572999747677e+00,4.472135954999579277e-01,8.944271909999158554e-01,1.341640786499873839e+00,2.459674775249768519e+00,1.788854381999831711e+00,1.565247584249852775e+00,6.708203932499369193e-01,6.708203932499369193e-01,4.472135954999579277e-01,4.472135954999579277e-01,4.472135954999579277e-01,6.708203932499369193e-01,-4.472135954999579277e-01,-2.236067977499789639e-01,-8.944271909999158554e-01,-8.944271909999158554e-01,2.236067977499789639e-01,4.472135954999579277e-01,2.683281572999747677e+00,2.906888370749726391e+00,2.459674775249768519e+00,3.801315561749642136e+00,2.683281572999747677e+00,1.565247584249852775e+00,-2.236067977499789639e-01,-8.944271909999158554e-01,-8.944271909999158554e-01,1.565247584249852775e+00,2.683281572999747677e+00,1.118033988749894903e+00,6.708203932499369193e-01,6.708203932499369193e-01,1.788854381999831711e+00,2.012461179749810647e+00,-2.236067977499789639e-01,-6.708203932499369193e-01,-1.341640786499873839e+00,-8.944271909999158554e-01,-4.472135954999579277e-01,-1.118033988749894903e+00,4.472135954999579277e-01,1.341640786499873839e+00,1.118033988749894903e+00,-2.236067977499789639e-01,0.000000000000000000e+00,-3.130495168499705549e+00,-3.130495168499705549e+00,-3.801315561749642136e+00,-5.366563145999495354e+00,-5.142956348249516196e+00,-6.260990336999411099e+00,-4.919349550499537038e+00,-2.683281572999747677e+00,-1.341640786499873839e+00,-2.012461179749810647e+00,-8.944271909999158554e-01,1.118033988749894903e+00,2.236067977499789805e+00,1.788854381999831711e+00,1.118033988749894903e+00,0.000000000000000000e+00,-4.472135954999579277e-01,0.000000000000000000e+00,-4.472135954999579277e-01,-8.944271909999158554e-01,8.944271909999158554e-01,-4.472135954999579277e-01,-1.118033988749894903e+00,-6.708203932499369193e-01,-6.708203932499369193e-01,-6.708203932499369193e-01,-1.118033988749894903e+00,-2.012461179749810647e+00,-3.130495168499705549e+00,-4.024922359499621294e+00,-4.695742752749557880e+00,-2.683281572999747677e+00,-1.341640786499873839e+00,-6.708203932499369193e-01,-2.236067977499789805e+00,-2.236067977499789805e+00,-1.118033988749894903e+00,-1.565247584249852775e+00,-4.472135954999579610e+00,-5.142956348249516196e+00,-3.577708763999663422e+00,-4.024922359499621294e+00,-2.906888370749726391e+00,-1.341640786499873839e+00,-3.577708763999663422e+00,-3.801315561749642136e+00,-5.366563145999495354e+00,-6.037383539249431941e+00,-3.801315561749642136e+00,-2.459674775249768519e+00,-6.708203932499369193e-01,8.944271909999158554e-01,1.118033988749894903e+00,2.459674775249768519e+00,4.248529157249600452e+00,5.142956348249516196e+00,3.354101966249684263e+00,2.906888370749726391e+00,1.341640786499873839e+00,4.248529157249600452e+00,3.130495168499705549e+00,2.683281572999747677e+00,1.565247584249852775e+00,1.118033988749894903e+00,2.012461179749810647e+00,1.118033988749894903e+00,2.236067977499789805e+00,2.906888370749726391e+00,1.118033988749894903e+00,8.944271909999158554e-01,1.788854381999831711e+00,1.341640786499873839e+00,1.788854381999831711e+00,2.236067977499789805e+00,2.459674775249768519e+00,3.130495168499705549e+00,2.236067977499789805e+00,0.000000000000000000e+00,-1.118033988749894903e+00,8.944271909999158554e-01,0.000000000000000000e+00,2.236067977499789639e-01,-6.708203932499369193e-01,-1.565247584249852775e+00,-8.944271909999158554e-01,-1.341640786499873839e+00,-1.341640786499873839e+00,-3.130495168499705549e+00,-8.944271909999158554e-01,2.236067977499789639e-01,8.944271909999158554e-01,2.459674775249768519e+00,1.788854381999831711e+00,-4.472135954999579277e-01,-2.236067977499789639e-01,-2.236067977499789639e-01,-1.788854381999831711e+00,-2.683281572999747677e+00,-1.341640786499873839e+00,-8.944271909999158554e-01,-8.944271909999158554e-01,-1.341640786499873839e+00,-1.341640786499873839e+00,-1.565247584249852775e+00,-2.236067977499789805e+00,-6.708203932499369193e-01,-2.459674775249768519e+00,-4.248529157249600452e+00,-4.472135954999579610e+00,-2.459674775249768519e+00,-2.012461179749810647e+00,-1.565247584249852775e+00,-1.565247584249852775e+00,-4.472135954999579277e-01,-4.472135954999579277e-01,8.944271909999158554e-01,4.472135954999579277e-01,-4.472135954999579277e-01,0.000000000000000000e+00,4.472135954999579277e-01,1.788854381999831711e+00,1.341640786499873839e+00,4.472135954999579610e+00,4.248529157249600452e+00,2.236067977499789805e+00,6.708203932499369193e-01,2.012461179749810647e+00,1.565247584249852775e+00,1.341640786499873839e+00,8.944271909999158554e-01,-2.236067977499789639e-01,-1.788854381999831711e+00,-4.472135954999579610e+00,-2.906888370749726391e+00,-2.459674775249768519e+00,-2.236067977499789805e+00,-1.341640786499873839e+00,-1.565247584249852775e+00,-6.708203932499369193e-01,8.944271909999158554e-01,2.012461179749810647e+00,-4.472135954999579277e-01,8.944271909999158554e-01,2.236067977499789805e+00,4.472135954999579277e-01,-4.472135954999579277e-01,-1.341640786499873839e+00,-2.459674775249768519e+00,-2.906888370749726391e+00,-1.341640786499873839e+00,-1.565247584249852775e+00,-3.577708763999663422e+00,-2.683281572999747677e+00,-1.565247584249852775e+00,0.000000000000000000e+00,2.459674775249768519e+00,3.130495168499705549e+00,1.788854381999831711e+00,1.565247584249852775e+00,8.944271909999158554e-01,1.118033988749894903e+00,1.565247584249852775e+00,-2.236067977499789639e-01,2.236067977499789639e-01,-1.118033988749894903e+00,-2.236067977499789639e-01,-1.565247584249852775e+00,-1.788854381999831711e+00,-1.565247584249852775e+00,-8.944271909999158554e-01,-6.708203932499369193e-01,4.472135954999579277e-01,-1.341640786499873839e+00,-1.788854381999831711e+00,0.000000000000000000e+00,0.000000000000000000e+00,2.236067977499789639e-01,2.683281572999747677e+00,3.354101966249684263e+00,3.577708763999663422e+00,2.906888370749726391e+00,3.801315561749642136e+00,2.683281572999747677e+00,3.577708763999663422e+00,4.472135954999579610e+00,2.683281572999747677e+00,2.683281572999747677e+00,3.130495168499705549e+00,2.683281572999747677e+00,1.341640786499873839e+00,1.788854381999831711e+00,2.012461179749810647e+00,1.341640786499873839e+00,-1.118033988749894903e+00,-8.944271909999158554e-01,-6.708203932499369193e-01,8.944271909999158554e-01,1.118033988749894903e+00,4.472135954999579277e-01,-1.341640786499873839e+00,-1.565247584249852775e+00,4.472135954999579277e-01,-8.944271909999158554e-01,-2.012461179749810647e+00,-3.130495168499705549e+00,-4.472135954999579610e+00,-4.472135954999579610e+00,-3.130495168499705549e+00,-4.248529157249600452e+00,-5.142956348249516196e+00,-6.037383539249431941e+00,-5.366563145999495354e+00,-4.472135954999579610e+00,-5.366563145999495354e+00,-5.142956348249516196e+00,-4.919349550499537038e+00,-5.142956348249516196e+00,-6.037383539249431941e+00,-5.813776741499452783e+00,-4.695742752749557880e+00,-6.931810730249347685e+00,-6.037383539249431941e+00,-5.590169943749473624e+00,-6.260990336999411099e+00,-4.248529157249600452e+00,-6.260990336999411099e+00,-6.931810730249347685e+00,-6.931810730249347685e+00,-6.931810730249347685e+00
2.683281572999747677e+00,4.919349550499537038e+00,6.037383539249431941e+00,5.142956348249516196e+00,3.577708763999663422e+00,3.130495168499705549e+00,2.683281572999747677e+00,3.801315561749642136e+00,4.919349550499537038e+00,4.248529157249600452e+00,3.577708763999663422e+00,4.024922359499621294e+00,4.695742752749557880e+00,5.590169943749473624e+00,6.931810730249347685e+00,8.049844718999242588e+00,5.590169943749473624e+00,3.577708763999663422e+00,4.024922359499621294e+00,5.590169943749473624e+00,5.366563145999495354e+00,4.695742752749557880e+00,3.801315561749642136e+00,2.459674775249768519e+00,2.683281572999747677e+00,6.708203932499369193e-01,1.118033988749894903e+00,2.236067977499789805e+00,2.683281572999747677e+00,1.565247584249852775e+00,1.118033988749894903e+00,2.236067977499789639e-01,-2.236067977499789639e-01,4.472135954999579277e-01,0.000000000000000000e+00,-2.236067977499789639e-01,-2.236067977499789639e-01,1.341640786499873839e+00,1.565247584249852775e+00,8.944271909999158554e-01,2.236067977499789639e-01,1.118033988749894903e+00,2.012461179749810647e+00,2.236067977499789805e+00,2.459674775249768519e+00,2.012461179749810647e+00,1.118033988749894903e+00,-2.236067977499789639e-01,0.000000000000000000e+00,1.565247584249852775e+00,1.341640786499873839e+00,2.012461179749810647e+00,1.565247584249852775e+00,2.683281572999747677e+00,1.788854381999831711e+00,2.236067977499789805e+00,2.236067977499789805e+00,2.236067977499789805e+00,2.459674775249768519e+00,3.354101966249684263e+00,2.459674775249768519e+00,3.130495168499705549e+00,2.906888370749726391e+00,3.354101966249684263e+00,6.484597134749389369e+00,6.037383539249431941e+00,4.024922359499621294e+00,3.801315561749642136e+00,5.366563145999495354e+00,5.142956348249516196e+00,4.695742752749557880e+00,3.801315561749642136e+00,4.919349550499537038e+00,4.248529157249600452e+00,2.459674775249768519e+00,2.459674775249768519e+00,2.012461179749810647e+00,1.341640786499873839e+00,-1.118033988749894903e+00,2.236067977499789639e-01,1.565247584249852775e+00,8.944271909999158554e-01,-1.565247584249852775e+00,-2.236067977499789805e+00,-1.341640786499873839e+00,-4.472135954999579277e-01,0.000000000000000000e+00,2.683281572999747677e+00,3.354101966249684263e+00,4.024922359499621294e+00,2.906888370749726391e+00,6.708203932499369193e-01,2.236067977499789639e-01,-8.944271909999158554e-01,-2.906888370749726391e+00,-2.459674775249768519e+00,-3.130495168499705549e+00,-2.459674775249768519e+00,-3.801315561749642136e+00,-4.248529157249600452e+00,-5.590169943749473624e+00,-5.366563145999495354e+00,-4.248529157249600452e+00,-6.037383539249431941e+00,-5.590169943749473624e+00,-5.813776741499452783e+00,-4.695742752749557880e+00,-4.695742752749557880e+00,-5.142956348249516196e+00,-4.024922359499621294e+00,-3.577708763999663422e+00,-3.354101966249684263e+00,-4.024922359499621294e+00,-3.801315561749642136e+00,-5.813776741499452783e+00,-3.130495168499705549e+00,-3.130495168499705549e+00,-2.236067977499789805e+00,-4.472135954999579277e-01,-2.236067977499789639e-01,-2.236067977499789639e-01,1.565247584249852775e+00,4.472135954999579277e-01,4.472135954999579277e-01,6.708203932499369193e-01,1.788854381999831711e+00,8.944271909999158554e-01,-8.944271909999158554e-01,-3.354101966249684263e+00,-3.130495168499705549e+00,-6.708203932499369193e-01,-2.236067977499789639e-01,-1.788854381999831711e+00,-8.944271909999158554e-01,-1.788854381999831711e+00,-6.708203932499369193e-01,-2.236067977499789639e-01,-1.341640786499873839e+00,-1.341640786499873839e+00,-4.472135954999579277e-01,-6.708203932499369193e-01,4.472135954999579277e-01,-1.565247584249852775e+00,-1.341640786499873839e+00,-8.944271909999158554e-01,2.236067977499789639e-01,-1.565247584249852775e+00,-1.118033988749894903e+00,-2.683281572999747677e+00,4.472135954999579277e-01,-4.472135954999579277e-01,-2.236067977499789805e+00,-2.012461179749810647e+00,-2.236067977499789639e-01,-1.565247584249852775e+00,-1.341640786499873839e+00,0.000000000000000000e+00,-1.118033988749894903e+00,-1.788854381999831711e+00,4.472135954999579277e-01,1.341640786499873839e+00,-4.472135954999579277e-01,-1.118033988749894903e+00,-1.341640786499873839e+00,-2.012461179749810647e+00,-4.248529157249600452e+00,-3.354101966249684263e+00,-2.683281572999747677e+00,-2.906888370749726391e+00,-2.236067977499789805e+00,-2.683281572999747677e+00,-2.236067977499789805e+00,-2.683281572999747677e+00,-8.944271909999158554e-01,-2.236067977499789639e-01,6.708203932499369193e-01,4.472135954999579277e-01,-6.708203932499369193e-01,6.708203932499369193e-01,-2.459674775249768519e+00,-2.459674775249768519e+00,-1.118033988749894903e+00,-4.472135954999579277e-01,-8.944271909999158554e-01,-4.472135954999579277e-01,4.472135954999579277e-01,1.118033988749894903e+00,-6.708203932499369193e-01,-1.341640786499873839e+00,-2.683281572999747677e+00,-5.366563145999495354e+00,-6.037383539249431941e+00,-7.826237921249263430e+00,-6.037383539249431941e+00,-6.931810730249347685e+00,-6.931810730249347685e+00,-6.931810730249347685e+00,-5.590169943749473624e+00,-6.037383539249431941e+00,-4.024922359499621294e+00,-3.354101966249684263e+00,-4.024922359499621294e+00,-4.024922359499621294e+00,-2.906888370749726391e+00,-2.012461179749810647e+00,-2.012461179749810647e+00,-2.906888370749726391e+00,-3.354101966249684263e+00,-3.130495168499705549e+00,-2.012461179749810647e+00,-2.236067977499789639e-01,2.236067977499789639e-01,-4.472135954999579277e-01,-8.944271909999158554e-01,-8.944271909999158554e-01,-1.341640786499873839e+00,-8.944271909999158554e-01,0.000000000000000000e+00,-1.341640786499873839e+00,4.472135954999579277e-01,1.565247584249852775e+00,6.708203932499369193e-01,-2.236067977499789639e-01,1.565247584249852775e+00,8.944271909999158554e-01,1.341640786499873839e+00,6.708203932499369193e-01,2.236067977499789639e-01,1.788854381999831711e+00,2.236067977499789639e-01,6.708203932499369193e-01,6.708203932499369193e-01,4.472135954999579277e-01,1.341640786499873839e+00,1.788854381999831711e+00,1.565247584249852775e+00,1.788854381999831711e+00,1.788854381999831711e+00,-4.472135954999579277e-01,1.118033988749894903e+00,3.577708763999663422e+00,3.577708763999663422e+00,3.130495168499705549e+00,2.236067977499789805e+00,4.472135954999579277e-01,2.236067977499789639e-01,1.118033988749894903e+00,1.341640786499873839e+00,1.118033988749894903e+00,3.130495168499705549e+00,3.801315561749642136e+00,3.577708763999663422e+00,3.130495168499705549e+00,3.130495168499705549e+00,2.683281572999747677e+00,1.341640786499873839e+00,0.000000000000000000e+00,2.236067977499789639e-01,1.565247584249852775e+00,3.577708763999663422e+00,1.788854381999831711e+00,2.236067977499789805e+00,1.341640786499873839e+00,0.000000000000000000e+00,1.565247584249852775e+00,8.944271909999158554e-01,4.472135954999579277e-01,-1.118033988749894903e+00,-2.236067977499789639e-01,1.565247584249852775e+00,2.236067977499789805e+00,0.000000000000000000e+00,8.944271909999158554e-01,0.000000000000000000e+00,1.565247584249852775e+00,2.683281572999747677e+00,5.590169943749473624e+00,5.590169943749473624e+00,3.577708763999663422e+00,2.236067977499789805e+00,1.118033988749894903e+00,1.341640786499873839e+00,2.012461179749810647e+00,2.236067977499789805e+00,3.801315561749642136e+00,4.248529157249600452e+00,3.354101966249684263e+00,3.801315561749642136e+00,4.919349550499537038e+00,4.248529157249600452e+00,4.248529157249600452e+00,2.012461179749810647e+00,2.459674775249768519e+00,2.012461179749810647e+00,2.236067977499789805e+00,2.906888370749726391e+00,2.459674775249768519e+00,1.341640786499873839e+00,1.565247584249852775e+00,1.341640786499873839e+00,8.944271909999158554e-01,-8.944271909999158554e-01,0.000000000000000000e+00,-4.472135954999579277e-01,0.000000000000000000e+00,-1.118033988749894903e+00,-4.472135954999579277e-01,4.472135954999579277e-01,-2.236067977499789639e-01,-3.130495168499705549e+00,-2.906888370749726391e+00,-2.236067977499789639e-01,-8.944271909999158554e-01,-1.341640786499873839e+00,-2.906888370749726391e+00,-3.801315561749642136e+00,-2.906888370749726391e+00,-3.577708763999663422e+00,-4.472135954999579610e+00,-5.366563145999495354e+00,-6.260990336999411099e+00,-6.260990336999411099e+00,-4.024922359499621294e+00,-5.813776741499452783e+00,-5.142956348249516196e+00,-5.813776741499452783e+00,-3.354101966249684263e+00,-2.459674775249768519e+00,-2.683281572999747677e+00,-1.565247584249852775e+00,-3.130495168499705549e+00,-2.012461179749810647e+00,-3.801315561749642136e+00,-3.577708763999663422e+00,-2.683281572999747677e+00,-2.683281572999747677e+00,-2.906888370749726391e+00,-3.130495168499705549e+00,-2.236067977499789639e-01,-4.472135954999579277e-01,-6.708203932499369193e-01,-1.788854381999831711e+00,-1.118033988749894903e+00,-2.459674775249768519e+00,-2.683281572999747677e+00,-1.565247584249852775e+00,-1.565247584249852775e+00,-2.236067977499789805e+00,0.000000000000000000e+00,-2.236067977499789639e-01,-2.236067977499789639e-01,-1.788854381999831711e+00,-2.236067977499789805e+00,-3.130495168499705549e+00,-2.906888370749726391e+00,-4.472135954999579610e+00,-5.142956348249516196e+00,-4.248529157249600452e+00,-3.577708763999663422e+00,-3.354101966249684263e+00,-5.813776741499452783e+00,-5.142956348249516196e+00,-5.590169943749473624e+00,-3.577708763999663422e+00,-2.906888370749726391e+00,-4.472135954999579277e-01,-2.236067977499789639e-01,6.708203932499369193e-01,-4.472135954999579277e-01,-2.236067977499789639e-01,-2.236067977499789805e+00,-8.944271909999158554e-01,-1.118033988749894903e+00,1.118033988749894903e+00,4.472135954999579277e-01,6.708203932499369193e-01,-4.472135954999579277e-01,-8.944271909999158554e-01,-1.788854381999831711e+00,-2.012461179749810647e+00,-6.708203932499369193e-01,2.236067977499789639e-01,-2.236067977499789639e-01,-1.341640786499873839e+00,-1.788854381999831711e+00,-4.024922359499621294e+00,-1.565247584249852775e+00,-1.118033988749894903e+00,-1.788854381999831711e+00,-1.788854381999831711e+00,-1.788854381999831711e+00,-1.118033988749894903e+00,-1.118033988749894903e+00,2.236067977499789639e-01,1.341640786499873839e+00,4.472135954999579277e-01,4.472135954999579277e-01,1.118033988749894903e+00,-4.472135954999579277e-01,1.341640786499873839e+00,2.236067977499789805e+00,1.118033988749894903e+00,1.341640786499873839e+00,2.012461179749810647e+00,2.012461179749810647e+00,3.130495168499705549e+00,3.801315561749642136e+00,3.354101966249684263e+00,2.906888370749726391e+00,5.142956348249516196e+00,4.695742752749557880e+00,4.024922359499621294e+00,5.366563145999495354e+00,5.813776741499452783e+00,4.695742752749557880e+00,4.024922359499621294e+00,3.577708763999663422e+00,1.341640786499873839e+00,-6.708203932499369193e-01,-6.708203932499369193e-01,0.000000000000000000e+00,6.708203932499369193e-01,2.236067977499789639e-01,1.118033988749894903e+00,1.118033988749894903e+00,-8.944271909999158554e-01,-1.341640786499873839e+00,-6.708203932499369193e-01,-4.472135954999579277e-01,1.341640786499873839e+00,1.341640786499873839e+00,1.565247584249852775e+00,2.236067977499789805e+00,3.577708763999663422e+00,2.906888370749726391e+00,2.459674775249768519e+00,2.236067977499789805e+00,1.788854381999831711e+00,1.118033988749894903e+00,-2.236067977499789639e-01,3.130495168499705549e+00,4.472135954999579610e+00,5.366563145999495354e+00,7.379024325749306001e+00,5.590169943749473624e+00,5.366563145999495354e+00,5.366563145999495354e+00,5.813776741499452783e+00,5.590169943749473624e+00,3.801315561749642136e+00,5.366563145999495354e+00,4.695742752749557880e+00,5.142956348249516196e+00,4.695742752749557880e+00,5.590169943749473624e+00,6.037383539249431941e+00,5.813776741499452783e+00,3.130495168499705549e+00,3.354101966249684263e+00,2.236067977499789805e+00,1.341640786499873839e+00,8.944271909999158554e-01,-6.708203932499369193e-01,-6.708203932499369193e-01,-2.683281572999747677e+00,-4.472135954999579277e-01,0.000000000000000000e+00,-1.788854381999831711e+00,-1.565247584249852775e+00,-3.577708763999663422e+00,-1.565247584249852775e+00,-3.354101966249684263e+00,-2.906888370749726391e+00,-2.012461179749810647e+00,-2.236067977499789805e+00,2.236067977499789639e-01,-1.565247584249852775e+00,-1.565247584249852775e+00,-1.118033988749894903e+00,2.236067977499789639e-01,6.708203932499369193e-01,1.788854381999831711e+00,8.944271909999158554e-01,-4.472135954999579277e-01,-4.472135954999579277e-01,0.000000000000000000e+00,1.118033988749894903e+00,-8.944271909999158554e-01,-1.788854381999831711e+00,-1.788854381999831711e+00,4.472135954999579277e-01,-2.236067977499789805e+00,-4.472135954999579610e+00,-4.248529157249600452e+00,-2.906888370749726391e+00,-3.577708763999663422e+00,-4.919349550499537038e+00,-5.366563145999495354e+00,-7.826237921249263430e+00,-8.497058314499200904e+00
-5.142956348249516196e+00,-5.813776741499452783e+00,-6.260990336999411099e+00,-4.248529157249600452e+00,-3.801315561749642136e+00,-3.577708763999663422e+00,-5.590169943749473624e+00,-4.248529157249600452e+00,-5.142956348249516196e+00,-5.366563145999495354e+00,-6.037383539249431941e+00,-5.366563145999495354e+00,-4.024922359499621294e+00,-5.142956348249516196e+00,-4.472135954999579610e+00,-3.354101966249684263e+00,-3.577708763999663422e+00,-1.565247584249852775e+00,-1.118033988749894903e+00,6.708203932499369193e-01,1.565247584249852775e+00,3.130495168499705549e+00,2.236067977499789805e+00,2.236067977499789805e+00,1.788854381999831711e+00,2.459674775249768519e+00,3.354101966249684263e+00,2.906888370749726391e+00,4.024922359499621294e+00,4.472135954999579610e+00,5.366563145999495354e+00,4.919349550499537038e+00,2.906888370749726391e+00,4.248529157249600452e+00,5.813776741499452783e+00,7.602631123499284271e+00,6.708203932499368527e+00,4.919349550499537038e+00,4.248529157249600452e+00,5.366563145999495354e+00,7.155417527999326843e+00,6.931810730249347685e+00,5.590169943749473624e+00,3.577708763999663422e+00,5.813776741499452783e+00,4.695742752749557880e+00,4.919349550499537038e+00,4.248529157249600452e+00,3.801315561749642136e+00,4.695742752749557880e+00,3.130495168499705549e+00,4.695742752749557880e+00,2.906888370749726391e+00,4.248529157249600452e+00,3.354101966249684263e+00,3.577708763999663422e+00,2.459674775249768519e+00,2.236067977499789639e-01,-1.565247584249852775e+00,-2.236067977499789805e+00,-3.354101966249684263e+00,-5.590169943749473624e+00,-3.801315561749642136e+00,-5.142956348249516196e+00,-5.590169943749473624e+00,-5.590169943749473624e+00,-4.472135954999579610e+00,-4.024922359499621294e+00,-5.813776741499452783e+00,-7.602631123499284271e+00,-5.813776741499452783e+00,-4.695742752749557880e+00,-2.459674775249768519e+00,-3.130495168499705549e+00,-2.012461179749810647e+00,-1.341640786499873839e+00,-1.565247584249852775e+00,-1.565247584249852775e+00,-1.341640786499873839e+00,-1.565247584249852775e+00,-2.236067977499789805e+00,-3.130495168499705549e+00,-3.130495168499705549e+00,8.944271909999158554e-01,8.944271909999158554e-01,6.708203932499369193e-01,1.118033988749894903e+00,-1.341640786499873839e+00,-1.788854381999831711e+00,-1.341640786499873839e+00,-2.236067977499789805e+00,-1.788854381999831711e+00,-4.919349550499537038e+00,-4.024922359499621294e+00,-3.801315561749642136e+00,-2.683281572999747677e+00,-2.012461179749810647e+00,-3.354101966249684263e+00,-2.459674775249768519e+00,-2.906888370749726391e+00,-1.788854381999831711e+00,-1.341640786499873839e+00,4.472135954999579277e-01,2.906888370749726391e+00,2.012461179749810647e+00,-2.236067977499789639e-01,-1.341640786499873839e+00,-2.012461179749810647e+00,-2.683281572999747677e+00,-6.708203932499369193e-01,-2.012461179749810647e+00,-2.459674775249768519e+00,-2.906888370749726391e+00,-2.906888370749726391e+00,-2.012461179749810647e+00,1.341640786499873839e+00,1.118033988749894903e+00,2.236067977499789639e-01,2.012461179749810647e+00,1.341640786499873839e+00,-4.472135954999579277e-01,-4.472135954999579277e-01,1.118033988749894903e+00,2.012461179749810647e+00,2.459674775249768519e+00,1.788854381999831711e+00,2.236067977499789639e-01,8.944271909999158554e-01,8.944271909999158554e-01,1.118033988749894903e+00,2.236067977499789805e+00,2.459674775249768519e+00,3.354101966249684263e+00,2.906888370749726391e+00,2.012461179749810647e+00,2.683281572999747677e+00,3.577708763999663422e+00,4.919349550499537038e+00,3.801315561749642136e+00,4.024922359499621294e+00,4.695742752749557880e+00,2.012461179749810647e+00,1.565247584249852775e+00,-2.236067977499789639e-01,-4.472135954999579277e-01,-4.472135954999579277e-01,4.472135954999579277e-01,2.012461179749810647e+00,8.944271909999158554e-01,2.012461179749810647e+00,1.565247584249852775e+00,1.341640786499873839e+00,2.012461179749810647e+00,1.788854381999831711e+00,5.142956348249516196e+00,4.024922359499621294e+00,3.801315561749642136e+00,2.906888370749726391e+00,2.906888370749726391e+00,2.236067977499789805e+00,1.565247584249852775e+00,1.118033988749894903e+00,2.459674775249768519e+00,3.354101966249684263e+00,3.577708763999663422e+00,8.944271909999158554e-01,4.472135954999579277e-01,4.472135954999579277e-01,-6.708203932499369193e-01,-6.708203932499369193e-01,-1.565247584249852775e+00,-8.944271909999158554e-01,-6.708203932499369193e-01,-1.118033988749894903e+00,-2.459674775249768519e+00,-2.906888370749726391e+00,-2.236067977499789805e+00,-3.577708763999663422e+00,-3.577708763999663422e+00,-2.906888370749726391e+00,-2.236067977499789805e+00,-3.130495168499705549e+00,-4.919349550499537038e+00,-2.683281572999747677e+00,-1.565247584249852775e+00,-4.472135954999579277e-01,-2.236067977499789639e-01,0.000000000000000000e+00,-1.118033988749894903e+00,-2.906888370749726391e+00,-2.683281572999747677e+00,-4.695742752749557880e+00,-5.590169943749473624e+00,-4.695742752749557880e+00,-4.248529157249600452e+00,-3.130495168499705549e+00,-3.130495168499705549e+00,-3.130495168499705549e+00,-1.118033988749894903e+00,0.000000000000000000e+00,1.565247584249852775e+00,0.000000000000000000e+00,4.472135954999579277e-01,2.012461179749810647e+00,2.236067977499789639e-01,1.118033988749894903e+00,-4.472135954999579277e-01,6.708203932499369193e-01,2.236067977499789639e-01,2.236067977499789639e-01,2.459674775249768519e+00,1.118033988749894903e+00,6.708203932499369193e-01,8.944271909999158554e-01,-8.944271909999158554e-01,-1.565247584249852775e+00,-1.118033988749894903e+00,-2.236067977499789639e-01,4.472135954999579277e-01,6.708203932499369193e-01,2.236067977499789639e-01,-2.012461179749810647e+00,-2.906888370749726391e+00,-1.341640786499873839e+00,-1.565247584249852775e+00,-3.577708763999663422e+00,-3.130495168499705549e+00,-4.024922359499621294e+00,-4.919349550499537038e+00,-4.472135954999579610e+00,-4.919349550499537038e+00,-8.049844718999242588e+00,-6.037383539249431941e+00,-5.366563145999495354e+00,-4.472135954999579610e+00,-2.683281572999747677e+00,-1.565247584249852775e+00,-1.788854381999831711e+00,-1.341640786499873839e+00,-6.708203932499369193e-01,-8.944271909999158554e-01,-4.472135954999579277e-01,2.012461179749810647e+00,1.565247584249852775e+00,1.341640786499873839e+00,2.683281572999747677e+00,3.354101966249684263e+00,2.906888370749726391e+00,2.236067977499789805e+00,2.459674775249768519e+00,1.788854381999831711e+00,2.012461179749810647e+00,1.341640786499873839e+00,6.708203932499369193e-01,-1.118033988749894903e+00,-1.118033988749894903e+00,-4.472135954999579277e-01,-3.130495168499705549e+00,-4.024922359499621294e+00,-2.906888370749726391e+00,-2.683281572999747677e+00,-3.354101966249684263e+00,-2.012461179749810647e+00,-3.130495168499705549e+00,-6.708203932499369193e-01,1.118033988749894903e+00,-2.236067977499789639e-01,2.236067977499789639e-01,1.565247584249852775e+00,8.944271909999158554e-01,6.708203932499369193e-01,0.000000000000000000e+00,1.341640786499873839e+00,3.130495168499705549e+00,2.012461179749810647e+00,3.130495168499705549e+00,4.248529157249600452e+00,4.472135954999579610e+00,4.024922359499621294e+00,3.801315561749642136e+00,6.484597134749389369e+00,4.024922359499621294e+00,6.260990336999411099e+00,3.354101966249684263e+00,4.919349550499537038e+00,4.472135954999579610e+00,4.248529157249600452e+00,5.142956348249516196e+00,5.813776741499452783e+00,4.024922359499621294e+00,4.695742752749557880e+00,3.130495168499705549e+00,2.906888370749726391e+00,2.236067977499789805e+00,2.683281572999747677e+00,3.577708763999663422e+00,3.130495168499705549e+00,3.130495168499705549e+00,3.354101966249684263e+00,4.919349550499537038e+00,5.813776741499452783e+00,4.024922359499621294e+00,4.919349550499537038e+00,6.037383539249431941e+00,4.919349550499537038e+00,4.919349550499537038e+00,3.577708763999663422e+00,4.024922359499621294e+00,2.459674775249768519e+00,2.459674775249768519e+00,3.577708763999663422e+00,3.130495168499705549e+00,3.130495168499705549e+00,3.577708763999663422e+00,3.801315561749642136e+00,6.484597134749389369e+00,8.273451516749220858e+00,7.826237921249263430e+00,9.167878707749137490e+00,9.167878707749137490e+00,8.497058314499200904e+00,7.826237921249263430e+00,7.826237921249263430e+00,8.049844718999242588e+00,9.615092303249095806e+00,8.273451516749220858e+00,8.497058314499200904e+00,8.049844718999242588e+00,7.379024325749306001e+00,5.142956348249516196e+00,5.366563145999495354e+00,5.813776741499452783e+00,3.354101966249684263e+00,2.459674775249768519e+00,4.695742752749557880e+00,3.354101966249684263e+00,1.565247584249852775e+00,4.472135954999579277e-01,1.118033988749894903e+00,6.708203932499369193e-01,1.341640786499873839e+00,1.788854381999831711e+00,-8.944271909999158554e-01,-6.708203932499369193e-01,0.000000000000000000e+00,-1.118033988749894903e+00,-1.118033988749894903e+00,-1.341640786499873839e+00,-2.459674775249768519e+00,-1.341640786499873839e+00,-3.130495168499705549e+00,-1.788854381999831711e+00,-6.708203932499369193e-01,1.341640786499873839e+00,2.459674775249768519e+00,1.341640786499873839e+00,-2.236067977499789639e-01,-2.459674775249768519e+00,-4.248529157249600452e+00,-2.906888370749726391e+00,-2.906888370749726391e+00,-1.118033988749894903e+00,-1.788854381999831711e+00,-1.341640786499873839e+00,-1.341640786499873839e+00,-8.944271909999158554e-01,-8.944271909999158554e-01,-6.708203932499369193e-01,-1.118033988749894903e+00,-1.565247584249852775e+00,-1.118033988749894903e+00,-1.341640786499873839e+00,-1.788854381999831711e+00,-1.341640786499873839e+00,-8.944271909999158554e-01,-8.944271909999158554e-01,8.944271909999158554e-01,-1.788854381999831711e+00,-1.341640786499873839e+00,-2.459674775249768519e+00,-4.919349550499537038e+00,-3.801315561749642136e+00,-4.248529157249600452e+00,-2.906888370749726391e+00,-8.944271909999158554e-01,-1.341640786499873839e+00,-3.801315561749642136e+00,-1.788854381999831711e+00,-1.118033988749894903e+00,1.118033988749894903e+00,2.012461179749810647e+00,4.472135954999579277e-01,2.012461179749810647e+00,3.130495168499705549e+00,5.813776741499452783e+00,6.484597134749389369e+00,5.366563145999495354e+00,4.919349550499537038e+00,4.472135954999579610e+00,5.366563145999495354e+00,5.142956348249516196e+00,4.919349550499537038e+00,3.801315561749642136e+00,5.366563145999495354e+00,6.931810730249347685e+00,6.931810730249347685e+00,8.049844718999242588e+00,6.931810730249347685e+00,6.708203932499368527e+00,6.484597134749389369e+00,9.167878707749137490e+00,1.006230589874905235e+01,1.095673308974896898e+01,9.167878707749137490e+00,8.273451516749220858e+00,8.049844718999242588e+00,7.379024325749306001e+00,7.602631123499284271e+00,7.826237921249263430e+00,6.260990336999411099e+00,4.472135954999579610e+00,4.919349550499537038e+00,4.248529157249600452e+00,2.459674775249768519e+00,1.788854381999831711e+00,6.708203932499369193e-01,-8.944271909999158554e-01,4.472135954999579277e-01,1.341640786499873839e+00,1.788854381999831711e+00,1.565247584249852775e+00,4.472135954999579277e-01,2.012461179749810647e+00,6.708203932499369193e-01,-2.236067977499789639e-01,-8.944271909999158554e-01,-1.341640786499873839e+00,-1.565247584249852775e+00,-1.118033988749894903e+00,-8.944271909999158554e-01,-6.708203932499369193e-01,-2.236067977499789639e-01,8.944271909999158554e-01,2.683281572999747677e+00,2.906888370749726391e+00,2.236067977499789805e+00,2.683281572999747677e+00,-4.472135954999579277e-01,1.341640786499873839e+00,1.788854381999831711e+00,4.695742752749557880e+00,5.366563145999495354e+00,3.577708763999663422e+00,6.037383539249431941e+00,7.155417527999326843e+00,6.931810730249347685e+00,5.813776741499452783e+00,6.260990336999411099e+00,5.366563145999495354e+00,5.366563145999495354e+00,2.683281572999747677e+00,3.130495168499705549e+00,2.459674775249768519e+00,1.565247584249852775e+00,6.708203932499369193e-01,-2.236067977499789639e-01,1.341640786499873839e+00,1.118033988749894903e+00,4.248529157249600452e+00,4.024922359499621294e+00,5.813776741499452783e+00,5.366563145999495354e+00,4.024922359499621294e+00,4.024922359499621294e+00,4.695742752749557880e+00,4.472135954999579610e+00,4.248529157249600452e+00,5.366563145999495354e+00,4.695742752749557880e+00,4.919349550499537038e+00,4.919349550499537038e+00,5.813776741499452783e+00,8.049844718999242588e+00,7.826237921249263430e+00,8.720665112249179174e+00,6.484597134749389369e+00,7.155417527999326843e+00,5.813776741499452783e+00,4.472135954999579610e+00,4.919349550499537038e+00,4.695742752749557880e+00,3.577708763999663422e+00,3.354101966249684263e+00,2.236067977499789805e+00,3.577708763999663422e+00,1.118033988749894903e+00,1.565247584249852775e+00,1.788854381999831711e+00,2.236067977499789805e+00,1.565247584249852775e+00
3.354101966249684263e+00,1.118033988749894903e+00,1.565247584249852775e+00,3.130495168499705549e+00,2.683281572999747677e+00,2.236067977499789639e-01,-1.341640786499873839e+00,-3.354101966249684263e+00,-2.906888370749726391e+00,-3.801315561749642136e+00,-3.130495168499705549e+00,-3.130495168499705549e+00,-2.236067977499789805e+00,-4.024922359499621294e+00,-4.695742752749557880e+00,-4.248529157249600452e+00,-4.024922359499621294e+00,-5.366563145999495354e+00,-5.590169943749473624e+00,-4.024922359499621294e+00,-4.695742752749557880e+00,-3.801315561749642136e+00,-1.788854381999831711e+00,2.236067977499789639e-01,0.000000000000000000e+00,1.341640786499873839e+00,1.565247584249852775e+00,1.118033988749894903e+00,1.565247584249852775e+00,6.708203932499369193e-01,0.000000000000000000e+00,-6.708203932499369193e-01,-6.708203932499369193e-01,-8.944271909999158554e-01,3.130495168499705549e+00,3.354101966249684263e+00,3.354101966249684263e+00,2.683281572999747677e+00,4.248529157249600452e+00,3.354101966249684263e+00,3.354101966249684263e+00,-6.708203932499369193e-01,-1.118033988749894903e+00,-6.708203932499369193e-01,4.472135954999579277e-01,2.683281572999747677e+00,2.236067977499789805e+00,3.130495168499705549e+00,2.236067977499789805e+00,1.565247584249852775e+00,-2.236067977499789639e-01,4.472135954999579277e-01,2.012461179749810647e+00,2.683281572999747677e+00,3.577708763999663422e+00,3.354101966249684263e+00,2.012461179749810647e+00,2.683281572999747677e+00,3.354101966249684263e+00,2.236067977499789805e+00,2.906888370749726391e+00,2.236067977499789805e+00,8.944271909999158554e-01,8.944271909999158554e-01,-8.944271909999158554e-01,-1.788854381999831711e+00,-1.565247584249852775e+00,-2.236067977499789805e+00,-2.906888370749726391e+00,-2.906888370749726391e+00,-1.341640786499873839e+00,-6.708203932499369193e-01,-4.472135954999579277e-01,-6.708203932499369193e-01,-2.236067977499789639e-01,-8.944271909999158554e-01,-1.118033988749894903e+00,-1.118033988749894903e+00,-2.012461179749810647e+00,-8.944271909999158554e-01,2.236067977499789639e-01,-8.944271909999158554e-01,-1.565247584249852775e+00,-1.565247584249852775e+00,-2.236067977499789639e-01,-2.906888370749726391e+00,-3.130495168499705549e+00,-2.683281572999747677e+00,-3.354101966249684263e+00,-2.906888370749726391e+00,-5.142956348249516196e+00,-4.919349550499537038e+00,-5.366563145999495354e+00,-5.813776741499452783e+00,-5.366563145999495354e+00,-4.695742752749557880e+00,-4.024922359499621294e+00,-2.459674775249768519e+00,-8.944271909999158554e-01,1.341640786499873839e+00,1.788854381999831711e+00,3.354101966249684263e+00,4.695742752749557880e+00,4.695742752749557880e+00,3.577708763999663422e+00,3.354101966249684263e+00,3.577708763999663422e+00,3.130495168499705549e+00,3.577708763999663422e+00,3.354101966249684263e+00,2.683281572999747677e+00,1.341640786499873839e+00,2.236067977499789639e-01,2.012461179749810647e+00,4.472135954999579277e-01,6.708203932499369193e-01,-1.118033988749894903e+00,-1.341640786499873839e+00,-6.708203932499369193e-01,4.472135954999579277e-01,0.000000000000000000e+00,0.000000000000000000e+00,2.236067977499789639e-01,4.472135954999579277e-01,1.118033988749894903e+00,8.944271909999158554e-01,1.341640786499873839e+00,6.708203932499369193e-01,-1.565247584249852775e+00,-2.459674775249768519e+00,-8.944271909999158554e-01,0.000000000000000000e+00,2.459674775249768519e+00,-2.236067977499789639e-01,-6.708203932499369193e-01,0.000000000000000000e+00,-4.472135954999579277e-01,2.236067977499789639e-01,2.236067977499789639e-01,2.236067977499789639e-01,2.012461179749810647e+00,4.919349550499537038e+00,3.801315561749642136e+00,4.695742752749557880e+00,4.919349550499537038e+00,3.577708763999663422e+00,2.459674775249768519e+00,3.354101966249684263e+00,4.472135954999579610e+00,1.788854381999831711e+00,6.708203932499369193e-01,4.472135954999579277e-01,2.236067977499789639e-01,-8.944271909999158554e-01,-8.944271909999158554e-01,-2.236067977499789805e+00,-2.459674775249768519e+00,-2.459674775249768519e+00,-2.459674775249768519e+00,-2.683281572999747677e+00,-6.708203932499369193e-01,4.472135954999579277e-01,1.565247584249852775e+00,6.708203932499369193e-01,1.118033988749894903e+00,-2.236067977499789639e-01,-1.565247584249852775e+00,-1.788854381999831711e+00,-2.236067977499789805e+00,-6.708203932499369193e-01,-4.472135954999579277e-01,2.236067977499789639e-01,-8.944271909999158554e-01,-1.565247584249852775e+00,6.708203932499369193e-01,0.000000000000000000e+00,-4.472135954999579277e-01,4.472135954999579277e-01,4.472135954999579277e-01,2.236067977499789639e-01,8.944271909999158554e-01,1.565247584249852775e+00,4.248529157249600452e+00,6.260990336999411099e+00,4.919349550499537038e+00,5.366563145999495354e+00,2.683281572999747677e+00,3.354101966249684263e+00,3.130495168499705549e+00,4.472135954999579277e-01,-3.354101966249684263e+00,-3.130495168499705549e+00,-2.683281572999747677e+00,-2.236067977499789805e+00,-4.472135954999579277e-01,-6.708203932499369193e-01,-1.341640786499873839e+00,-1.341640786499873839e+00,-1.788854381999831711e+00,4.472135954999579277e-01,8.944271909999158554e-01,8.944271909999158554e-01,8.944271909999158554e-01,1.118033988749894903e+00,1.565247584249852775e+00,2.459674775249768519e+00,2.459674775249768519e+00,2.459674775249768519e+00,6.708203932499369193e-01,-1.341640786499873839e+00,-1.118033988749894903e+00,-1.118033988749894903e+00,-4.472135954999579277e-01,-2.236067977499789639e-01,-1.118033988749894903e+00,-1.118033988749894903e+00,-1.565247584249852775e+00,-1.788854381999831711e+00,-3.354101966249684263e+00,-4.248529157249600452e+00,-3.577708763999663422e+00,-1.341640786499873839e+00,2.236067977499789639e-01,-2.012461179749810647e+00,0.000000000000000000e+00,6.708203932499369193e-01,4.472135954999579277e-01,8.944271909999158554e-01,-4.472135954999579277e-01,6.708203932499369193e-01,8.944271909999158554e-01,4.472135954999579277e-01,1.788854381999831711e+00,3.577708763999663422e+00,5.366563145999495354e+00,6.708203932499368527e+00,4.695742752749557880e+00,4.024922359499621294e+00,2.906888370749726391e+00,1.788854381999831711e+00,1.341640786499873839e+00,2.236067977499789639e-01,-1.788854381999831711e+00,-3.354101966249684263e+00,-4.024922359499621294e+00,-2.012461179749810647e+00,2.236067977499789639e-01,-8.944271909999158554e-01,-2.906888370749726391e+00,-2.459674775249768519e+00,-2.683281572999747677e+00,-3.577708763999663422e+00,-1.118033988749894903e+00,0.000000000000000000e+00,2.012461179749810647e+00,2.459674775249768519e+00,8.944271909999158554e-01,2.236067977499789639e-01,-6.708203932499369193e-01,0.000000000000000000e+00,0.000000000000000000e+00,-4.472135954999579277e-01,8.944271909999158554e-01,2.459674775249768519e+00,3.354101966249684263e+00,4.472135954999579277e-01,-8.944271909999158554e-01,-4.472135954999579277e-01,4.472135954999579277e-01,-2.236067977499789639e-01,0.000000000000000000e+00,-6.708203932499369193e-01,-1.341640786499873839e+00,-6.708203932499369193e-01,-2.906888370749726391e+00,-5.366563145999495354e+00,-4.248529157249600452e+00,-3.354101966249684263e+00,-3.577708763999663422e+00,-4.248529157249600452e+00,-2.683281572999747677e+00,-2.459674775249768519e+00,-3.577708763999663422e+00,-4.248529157249600452e+00,-5.813776741499452783e+00,-6.931810730249347685e+00,-5.590169943749473624e+00,-6.931810730249347685e+00,-6.484597134749389369e+00,-6.260990336999411099e+00,-6.708203932499368527e+00,-5.366563145999495354e+00,-4.472135954999579610e+00,-2.683281572999747677e+00,-2.459674775249768519e+00,-1.341640786499873839e+00,1.565247584249852775e+00,2.683281572999747677e+00,1.341640786499873839e+00,-1.118033988749894903e+00,1.118033988749894903e+00,2.459674775249768519e+00,1.788854381999831711e+00,1.118033988749894903e+00,4.472135954999579277e-01,6.708203932499369193e-01,2.906888370749726391e+00,2.906888370749726391e+00,2.906888370749726391e+00,2.906888370749726391e+00,3.801315561749642136e+00,2.012461179749810647e+00,3.130495168499705549e+00,3.577708763999663422e+00,5.813776741499452783e+00,6.260990336999411099e+00,4.248529157249600452e+00,3.801315561749642136e+00,2.906888370749726391e+00,3.801315561749642136e+00,4.472135954999579610e+00,4.919349550499537038e+00,5.366563145999495354e+00,7.155417527999326843e+00,7.602631123499284271e+00,5.590169943749473624e+00,7.379024325749306001e+00,6.931810730249347685e+00,6.484597134749389369e+00,5.366563145999495354e+00,4.472135954999579610e+00,4.472135954999579610e+00,6.484597134749389369e+00,4.695742752749557880e+00,4.024922359499621294e+00,2.459674775249768519e+00,2.906888370749726391e+00,8.944271909999158554e-01,4.472135954999579277e-01,2.459674775249768519e+00,2.236067977499789639e-01,1.341640786499873839e+00,-4.472135954999579277e-01,-2.906888370749726391e+00,-3.577708763999663422e+00,-3.577708763999663422e+00,-2.459674775249768519e+00,-2.012461179749810647e+00,-2.012461179749810647e+00,-3.130495168499705549e+00,-2.012461179749810647e+00,0.000000000000000000e+00,4.472135954999579277e-01,1.341640786499873839e+00,2.459674775249768519e+00,2.236067977499789805e+00,2.683281572999747677e+00,3.354101966249684263e+00,2.459674775249768519e+00,2.683281572999747677e+00,3.577708763999663422e+00,3.577708763999663422e+00,4.024922359499621294e+00,4.472135954999579610e+00,4.024922359499621294e+00,5.366563145999495354e+00,5.590169943749473624e+00,6.037383539249431941e+00,7.602631123499284271e+00,6.708203932499368527e+00,4.248529157249600452e+00,3.801315561749642136e+00,5.813776741499452783e+00,7.155417527999326843e+00,6.484597134749389369e+00,5.813776741499452783e+00,6.484597134749389369e+00,6.931810730249347685e+00,5.590169943749473624e+00,4.472135954999579610e+00,2.683281572999747677e+00,2.683281572999747677e+00,2.459674775249768519e+00,2.906888370749726391e+00,4.248529157249600452e+00,1.788854381999831711e+00,4.472135954999579277e-01,2.236067977499789805e+00,3.130495168499705549e+00,1.565247584249852775e+00,-2.236067977499789639e-01,1.788854381999831711e+00,-4.472135954999579277e-01,-1.565247584249852775e+00,-2.236067977499789805e+00,-8.944271909999158554e-01,-6.708203932499369193e-01,1.118033988749894903e+00,-1.118033988749894903e+00,4.472135954999579277e-01,-2.236067977499789639e-01,-2.236067977499789639e-01,-4.472135954999579277e-01,0.000000000000000000e+00,8.944271909999158554e-01,2.906888370749726391e+00,4.024922359499621294e+00,3.577708763999663422e+00,3.130495168499705549e+00,3.130495168499705549e+00,4.024922359499621294e+00,5.366563145999495354e+00,5.142956348249516196e+00,5.142956348249516196e+00,4.248529157249600452e+00,4.248529157249600452e+00,3.577708763999663422e+00,2.906888370749726391e+00,1.788854381999831711e+00,3.354101966249684263e+00,4.695742752749557880e+00,2.906888370749726391e+00,4.695742752749557880e+00,2.459674775249768519e+00,2.236067977499789805e+00,2.236067977499789805e+00,1.788854381999831711e+00,1.118033988749894903e+00,8.944271909999158554e-01,1.118033988749894903e+00,2.236067977499789805e+00,3.130495168499705549e+00,1.788854381999831711e+00,2.236067977499789805e+00,3.354101966249684263e+00,3.354101966249684263e+00,3.354101966249684263e+00,2.906888370749726391e+00,2.236067977499789805e+00,3.577708763999663422e+00,3.354101966249684263e+00,4.248529157249600452e+00,4.248529157249600452e+00,4.472135954999579610e+00,4.248529157249600452e+00,5.142956348249516196e+00,4.695742752749557880e+00,6.260990336999411099e+00,6.708203932499368527e+00,7.826237921249263430e+00,5.813776741499452783e+00,5.142956348249516196e+00,7.379024325749306001e+00,6.484597134749389369e+00,7.379024325749306001e+00,7.826237921249263430e+00,8.720665112249179174e+00,8.049844718999242588e+00,9.838699100999074076e+00,1.050951949424901066e+01,1.073312629199899071e+01,1.028591269649903239e+01,1.050951949424901066e+01,9.838699100999074076e+00,7.826237921249263430e+00,7.379024325749306001e+00,6.260990336999411099e+00,6.484597134749389369e+00,6.260990336999411099e+00,7.826237921249263430e+00,7.826237921249263430e+00,6.931810730249347685e+00,5.813776741499452783e+00,4.472135954999579610e+00,5.366563145999495354e+00,3.801315561749642136e+00,4.248529157249600452e+00,2.906888370749726391e+00,2.459674775249768519e+00,2.236067977499789639e-01,2.236067977499789639e-01,-1.788854381999831711e+00,-3.801315561749642136e+00,-4.919349550499537038e+00,-4.919349550499537038e+00,-4.024922359499621294e+00,-3.801315561749642136e+00,-2.012461179749810647e+00,-4.024922359499621294e+00,-4.472135954999579610e+00,-1.788854381999831711e+00,-1.788854381999831711e+00,-1.118033988749894903e+00,-4.248529157249600452e+00,-5.366563145999495354e+00,-4.024922359499621294e+00,-2.459674775249768519e+00,-3.801315561749642136e+00,-4.472135954999579610e+00,-3.577708763999663422e+00
2.236067977499789639e-01,0.000000000000000000e+00,2.236067977499789639e-01,-4.472135954999579277e-01,-6.708203932499369193e-01,1.788854381999831711e+00,3.130495168499705549e+00,3.354101966249684263e+00,4.024922359499621294e+00,2.683281572999747677e+00,2.459674775249768519e+00,1.788854381999831711e+00,1.788854381999831711e+00,2.906888370749726391e+00,3.130495168499705549e+00,2.906888370749726391e+00,3.130495168499705549e+00,3.577708763999663422e+00,4.695742752749557880e+00,3.577708763999663422e+00,2.012461179749810647e+00,2.236067977499789805e+00,2.236067977499789639e-01,2.236067977499789805e+00,-1.565247584249852775e+00,-6.708203932499369193e-01,8.944271909999158554e-01,4.472135954999579277e-01,1.565247584249852775e+00,1.788854381999831711e+00,2.012461179749810647e+00,1.118033988749894903e+00,1.788854381999831711e+00,3.130495168499705549e+00,2.906888370749726391e+00,2.012461179749810647e+00,1.341640786499873839e+00,-2.236067977499789639e-01,2.236067977499789639e-01,-1.118033988749894903e+00,-2.012461179749810647e+00,-3.354101966249684263e+00,-1.565247584249852775e+00,-1.788854381999831711e+00,-1.118033988749894903e+00,-1.565247584249852775e+00,-2.012461179749810647e+00,-1.118033988749894903e+00,-2.459674775249768519e+00,-2.906888370749726391e+00,-2.459674775249768519e+00,-1.565247584249852775e+00,6.708203932499369193e-01,2.012461179749810647e+00,1.565247584249852775e+00,1.565247584249852775e+00,4.248529157249600452e+00,3.354101966249684263e+00,3.130495168499705549e+00,4.695742752749557880e+00,4.024922359499621294e+00,2.012461179749810647e+00,2.459674775249768519e+00,1.565247584249852775e+00,3.577708763999663422e+00,3.354101966249684263e+00,3.130495168499705549e+00,3.354101966249684263e+00,2.012461179749810647e+00,1.788854381999831711e+00,3.801315561749642136e+00,2.906888370749726391e+00,2.459674775249768519e+00,4.695742752749557880e+00,3.577708763999663422e+00,3.577708763999663422e+00,2.906888370749726391e+00,1.341640786499873839e+00,1.788854381999831711e+00,6.708203932499369193e-01,0.000000000000000000e+00,4.472135954999579277e-01,1.565247584249852775e+00,4.248529157249600452e+00,4.695742752749557880e+00,6.260990336999411099e+00,5.366563145999495354e+00,4.024922359499621294e+00,4.248529157249600452e+00,4.024922359499621294e+00,3.801315561749642136e+00,3.130495168499705549e+00,6.708203932499369193e-01,-6.708203932499369193e-01,-3.130495168499705549e+00,-1.341640786499873839e+00,-6.708203932499369193e-01,1.341640786499873839e+00,1.118033988749894903e+00,1.565247584249852775e+00,1.788854381999831711e+00,2.012461179749810647e+00,2.683281572999747677e+00,2.459674775249768519e+00,8.944271909999158554e-01,4.472135954999579277e-01,-4.472135954999579277e-01,-1.118033988749894903e+00,-1.118033988749894903e+00,-1.341640786499873839e+00,-2.012461179749810647e+00,-3.577708763999663422e+00,-1.565247584249852775e+00,-1.788854381999831711e+00,-8.944271909999158554e-01,-2.236067977499789805e+00,-2.459674775249768519e+00,-4.472135954999579277e-01,-1.118033988749894903e+00,-1.341640786499873839e+00,-2.012461179749810647e+00,-3.577708763999663422e+00,-2.683281572999747677e+00,-2.906888370749726391e+00,-2.906888370749726391e+00,-3.130495168499705549e+00,-2.012461179749810647e+00,-2.012461179749810647e+00,-2.683281572999747677e+00,-3.130495168499705549e+00,-4.024922359499621294e+00,-4.472135954999579277e-01,-6.708203932499369193e-01,-3.801315561749642136e+00,-3.577708763999663422e+00,-3.577708763999663422e+00,-2.236067977499789805e+00,-2.236067977499789639e-01,1.341640786499873839e+00,1.565247584249852775e+00,1.565247584249852775e+00,3.801315561749642136e+00,1.341640786499873839e+00,1.565247584249852775e+00,-4.472135954999579277e-01,-6.708203932499369193e-01,-4.024922359499621294e+00,-4.472135954999579610e+00,-3.577708763999663422e+00,-4.472135954999579610e+00,-3.577708763999663422e+00,-2.459674775249768519e+00,-8.944271909999158554e-01,-8.944271909999158554e-01,-1.118033988749894903e+00,2.236067977499789639e-01,1.118033988749894903e+00,1.118033988749894903e+00,2.236067977499789805e+00,3.130495168499705549e+00,2.236067977499789805e+00,2.459674775249768519e+00,3.801315561749642136e+00,1.341640786499873839e+00,2.012461179749810647e+00,2.236067977499789805e+00,3.354101966249684263e+00,1.788854381999831711e+00,2.906888370749726391e+00,2.012461179749810647e+00,8.944271909999158554e-01,-1.788854381999831711e+00,-1.341640786499873839e+00,-8.944271909999158554e-01,-8.944271909999158554e-01,-2.236067977499789805e+00,-1.788854381999831711e+00,4.472135954999579277e-01,-1.341640786499873839e+00,-1.565247584249852775e+00,-4.472135954999579277e-01,-8.944271909999158554e-01,-2.236067977499789639e-01,-2.236067977499789639e-01,1.565247584249852775e+00,3.130495168499705549e+00,2.683281572999747677e+00,3.801315561749642136e+00,5.590169943749473624e+00,4.695742752749557880e+00,6.037383539249431941e+00,5.142956348249516196e+00,4.024922359499621294e+00,1.565247584249852775e+00,2.236067977499789805e+00,3.801315561749642136e+00,4.472135954999579610e+00,3.801315561749642136e+00,2.683281572999747677e+00,1.118033988749894903e+00,2.012461179749810647e+00,3.801315561749642136e+00,3.130495168499705549e+00,2.459674775249768519e+00,2.012461179749810647e+00,4.919349550499537038e+00,4.695742752749557880e+00,4.472135954999579610e+00,5.142956348249516196e+00,6.931810730249347685e+00,8.049844718999242588e+00,6.708203932499368527e+00,6.484597134749389369e+00,6.037383539249431941e+00,4.695742752749557880e+00,3.130495168499705549e+00,3.577708763999663422e+00,5.813776741499452783e+00,6.260990336999411099e+00,6.931810730249347685e+00,6.484597134749389369e+00,6.708203932499368527e+00,5.590169943749473624e+00,4.024922359499621294e+00,3.130495168499705549e+00,4.919349550499537038e+00,5.366563145999495354e+00,5.142956348249516196e+00,4.919349550499537038e+00,4.695742752749557880e+00,4.919349550499537038e+00,5.366563145999495354e+00,3.801315561749642136e+00,2.683281572999747677e+00,4.248529157249600452e+00,3.577708763999663422e+00,1.788854381999831711e+00,0.000000000000000000e+00,-2.906888370749726391e+00,-1.341640786499873839e+00,-4.472135954999579277e-01,-2.459674775249768519e+00,-8.944271909999158554e-01,-1.788854381999831711e+00,-2.459674775249768519e+00,-8.944271909999158554e-01,-2.236067977499789639e-01,-6.708203932499369193e-01,1.118033988749894903e+00,0.000000000000000000e+00,1.565247584249852775e+00,2.012461179749810647e+00,3.354101966249684263e+00,4.248529157249600452e+00,5.142956348249516196e+00,4.472135954999579610e+00,2.906888370749726391e+00,3.801315561749642136e+00,4.919349550499537038e+00,5.142956348249516196e+00,4.024922359499621294e+00,4.248529157249600452e+00,3.801315561749642136e+00,6.260990336999411099e+00,6.484597134749389369e+00,6.037383539249431941e+00,7.155417527999326843e+00,4.472135954999579610e+00,5.142956348249516196e+00,4.024922359499621294e+00,2.683281572999747677e+00,2.683281572999747677e+00,1.565247584249852775e+00,2.236067977499789805e+00,2.012461179749810647e+00,1.788854381999831711e+00,3.130495168499705549e+00,4.024922359499621294e+00,4.919349550499537038e+00,4.472135954999579610e+00,2.683281572999747677e+00,1.788854381999831711e+00,1.788854381999831711e+00,2.236067977499789805e+00,1.788854381999831711e+00,3.130495168499705549e+00,3.577708763999663422e+00,3.577708763999663422e+00,2.236067977499789805e+00,1.565247584249852775e+00,1.565247584249852775e+00,-2.236067977499789639e-01,-1.341640786499873839e+00,-1.788854381999831711e+00,-1.341640786499873839e+00,0.000000000000000000e+00,0.000000000000000000e+00,-2.236067977499789639e-01,-2.236067977499789639e-01,-2.012461179749810647e+00,-2.236067977499789805e+00,-2.236067977499789639e-01,1.341640786499873839e+00,-8.944271909999158554e-01,-4.472135954999579277e-01,2.236067977499789639e-01,2.459674775249768519e+00,2.683281572999747677e+00,1.565247584249852775e+00,1.118033988749894903e+00,-8.944271909999158554e-01,-6.708203932499369193e-01,-8.944271909999158554e-01,4.472135954999579277e-01,3.130495168499705549e+00,3.354101966249684263e+00,3.354101966249684263e+00,2.906888370749726391e+00,2.012461179749810647e+00,1.341640786499873839e+00,4.472135954999579277e-01,-1.341640786499873839e+00,-1.118033988749894903e+00,-2.683281572999747677e+00,-4.248529157249600452e+00,-2.683281572999747677e+00,-4.248529157249600452e+00,-4.024922359499621294e+00,-4.248529157249600452e+00,-4.695742752749557880e+00,-1.341640786499873839e+00,-6.708203932499369193e-01,-2.012461179749810647e+00,-2.683281572999747677e+00,-2.906888370749726391e+00,-3.801315561749642136e+00,-3.130495168499705549e+00,-2.683281572999747677e+00,-3.577708763999663422e+00,-3.354101966249684263e+00,-3.577708763999663422e+00,-3.354101966249684263e+00,-2.683281572999747677e+00,-1.118033988749894903e+00,-4.472135954999579277e-01,-6.708203932499369193e-01,-1.341640786499873839e+00,-1.788854381999831711e+00,-1.788854381999831711e+00,-2.459674775249768519e+00,-1.341640786499873839e+00,2.236067977499789805e+00,2.012461179749810647e+00,4.472135954999579277e-01,8.944271909999158554e-01,1.565247584249852775e+00,6.708203932499369193e-01,2.012461179749810647e+00,2.459674775249768519e+00,-2.236067977499789639e-01,-4.472135954999579277e-01,-1.788854381999831711e+00,-6.708203932499369193e-01,1.565247584249852775e+00,3.801315561749642136e+00,2.906888370749726391e+00,2.459674775249768519e+00,1.118033988749894903e+00,0.000000000000000000e+00,2.459674775249768519e+00,6.708203932499369193e-01,2.236067977499789639e-01,-6.708203932499369193e-01,-6.708203932499369193e-01,1.565247584249852775e+00,3.130495168499705549e+00,4.248529157249600452e+00,4.695742752749557880e+00,3.801315561749642136e+00,3.801315561749642136e+00,3.354101966249684263e+00,2.683281572999747677e+00,1.565247584249852775e+00,2.012461179749810647e+00,6.708203932499369193e-01,1.118033988749894903e+00,1.565247584249852775e+00,1.565247584249852775e+00,1.118033988749894903e+00,4.472135954999579277e-01,4.472135954999579277e-01,-4.472135954999579277e-01,1.118033988749894903e+00,1.565247584249852775e+00,2.459674775249768519e+00,2.906888370749726391e+00,1.788854381999831711e+00,4.472135954999579277e-01,1.118033988749894903e+00,3.577708763999663422e+00,3.130495168499705549e+00,5.142956348249516196e+00,5.366563145999495354e+00,4.695742752749557880e+00,3.577708763999663422e+00,4.024922359499621294e+00,3.354101966249684263e+00,3.354101966249684263e+00,0.000000000000000000e+00,0.000000000000000000e+00,6.708203932499369193e-01,2.236067977499789639e-01,1.565247584249852775e+00,3.130495168499705549e+00,4.919349550499537038e+00,3.354101966249684263e+00,2.906888370749726391e+00,4.472135954999579277e-01,4.472135954999579277e-01,6.708203932499369193e-01,2.012461179749810647e+00,2.236067977499789805e+00,2.459674775249768519e+00,2.012461179749810647e+00,2.459674775249768519e+00,2.012461179749810647e+00,1.788854381999831711e+00,2.236067977499789805e+00,1.565247584249852775e+00,2.236067977499789639e-01,8.944271909999158554e-01,-2.236067977499789639e-01,2.236067977499789639e-01,2.236067977499789639e-01,4.472135954999579277e-01,2.459674775249768519e+00,2.459674775249768519e+00,2.236067977499789805e+00,2.683281572999747677e+00,2.236067977499789805e+00,5.590169943749473624e+00,3.801315561749642136e+00,1.118033988749894903e+00,1.341640786499873839e+00,-1.118033988749894903e+00,-1.565247584249852775e+00,-3.354101966249684263e+00,-3.130495168499705549e+00,-2.236067977499789805e+00,-3.130495168499705549e+00,-3.130495168499705549e+00,-4.248529157249600452e+00,-2.012461179749810647e+00,-3.130495168499705549e+00,-2.236067977499789805e+00,-1.565247584249852775e+00,-1.118033988749894903e+00,-6.708203932499369193e-01,-1.788854381999831711e+00,-2.683281572999747677e+00,-2.683281572999747677e+00,-3.354101966249684263e+00,-3.577708763999663422e+00,-2.012461179749810647e+00,-1.565247584249852775e+00,-1.788854381999831711e+00,-2.459674775249768519e+00,-3.130495168499705549e+00,-3.577708763999663422e+00,-3.577708763999663422e+00,-2.906888370749726391e+00,-4.248529157249600452e+00,-6.260990336999411099e+00,-4.919349550499537038e+00,-3.801315561749642136e+00,-4.472135954999579610e+00,-2.906888370749726391e+00,-4.472135954999579610e+00,-5.142956348249516196e+00,-5.590169943749473624e+00,-5.366563145999495354e+00,-6.260990336999411099e+00,-4.472135954999579610e+00,-4.919349550499537038e+00,-5.142956348249516196e+00,-5.142956348249516196e+00,-4.472135954999579610e+00,-4.024922359499621294e+00,-3.354101966249684263e+00,-3.354101966249684263e+00,-4.472135954999579610e+00,-4.472135954999579610e+00,-2.459674775249768519e+00,-8.944271909999158554e-01,-8.944271909999158554e-01,-1.341640786499873839e+00,6.708203932499369193e-01,1.118033988749894903e+00,-4.472135954999579277e-01,-4.472135954999579277e-01
-3.130495168499705549e+00,-1.118033988749894903e+00,-4.472135954999579277e-01,-6.708203932499369193e-01,-1.788854381999831711e+00,-1.565247584249852775e+00,-2.906888370749726391e+00,-2.906888370749726391e+00,-1.341640786499873839e+00,-1.788854381999831711e+00,-1.565247584249852775e+00,-8.944271909999158554e-01,-1.341640786499873839e+00,-1.118033988749894903e+00,-6.708203932499369193e-01,-8.944271909999158554e-01,2.236067977499789639e-01,-1.341640786499873839e+00,-8.944271909999158554e-01,-2.012461179749810647e+00,-2.906888370749726391e+00,-2.236067977499789805e+00,-2.459674775249768519e+00,-1.565247584249852775e+00,-4.472135954999579277e-01,-1.565247584249852775e+00,2.236067977499789639e-01,1.341640786499873839e+00,1.788854381999831711e+00,1.341640786499873839e+00,-1.118033988749894903e+00,-3.801315561749642136e+00,-3.130495168499705549e+00,-1.565247584249852775e+00,-4.472135954999579277e-01,4.472135954999579277e-01,-6.708203932499369193e-01,-2.236067977499789639e-01,-8.944271909999158554e-01,-1.118033988749894903e+00,-1.788854381999831711e+00,-8.944271909999158554e-01,-1.118033988749894903e+00,6.708203932499369193e-01,2.012461179749810647e+00,2.012461179749810647e+00,1.565247584249852775e+00,1.118033988749894903e+00,-2.236067977499789639e-01,6.708203932499369193e-01,4.472135954999579277e-01,4.472135954999579277e-01,3.577708763999663422e+00,3.801315561749642136e+00,4.695742752749557880e+00,4.472135954999579610e+00,2.012461179749810647e+00,1.565247584249852775e+00,2.012461179749810647e+00,3.577708763999663422e+00,1.118033988749894903e+00,2.459674775249768519e+00,1.788854381999831711e+00,1.788854381999831711e+00,6.708203932499369193e-01,1.565247584249852775e+00,2.683281572999747677e+00,8.944271909999158554e-01,6.708203932499369193e-01,-1.788854381999831711e+00,-4.472135954999579277e-01,-1.788854381999831711e+00,-1.788854381999831711e+00,-8.944271909999158554e-01,-1.118033988749894903e+00,2.236067977499789639e-01,-2.236067977499789639e-01,-8.944271909999158554e-01,-2.683281572999747677e+00,-2.459674775249768519e+00,-1.341640786499873839e+00,-1.118033988749894903e+00,1.341640786499873839e+00,8.944271909999158554e-01,-6.708203932499369193e-01,1.341640786499873839e+00,2.683281572999747677e+00,2.906888370749726391e+00,6.708203932499369193e-01,-1.788854381999831711e+00,-2.906888370749726391e+00,-3.354101966249684263e+00,-2.012461179749810647e+00,-2.906888370749726391e+00,-2.459674775249768519e+00,-3.130495168499705549e+00,-4.472135954999579610e+00,-4.472135954999579610e+00,-4.919349550499537038e+00,-5.813776741499452783e+00,-4.919349550499537038e+00,-3.130495168499705549e+00,-2.236067977499789805e+00,-3.577708763999663422e+00,-4.024922359499621294e+00,-2.906888370749726391e+00,-2.459674775249768519e+00,-2.683281572999747677e+00,-3.801315561749642136e+00,-4.472135954999579610e+00,-3.577708763999663422e+00,-4.472135954999579610e+00,-4.919349550499537038e+00,-4.919349550499537038e+00,-5.813776741499452783e+00,-5.366563145999495354e+00,-2.683281572999747677e+00,-6.708203932499369193e-01,-2.236067977499789805e+00,-1.565247584249852775e+00,-2.012461179749810647e+00,-1.341640786499873839e+00,-4.472135954999579277e-01,-6.708203932499369193e-01,-4.472135954999579277e-01,2.236067977499789639e-01,8.944271909999158554e-01,1.341640786499873839e+00,4.695742752749557880e+00,5.813776741499452783e+00,6.260990336999411099e+00,5.590169943749473624e+00,3.130495168499705549e+00,2.012461179749810647e+00,2.683281572999747677e+00,3.130495168499705549e+00,4.472135954999579610e+00,4.919349550499537038e+00,4.919349550499537038e+00,4.919349550499537038e+00,7.602631123499284271e+00,6.931810730249347685e+00,7.155417527999326843e+00,5.590169943749473624e+00,2.906888370749726391e+00,1.341640786499873839e+00,8.944271909999158554e-01,1.118033988749894903e+00,2.236067977499789639e-01,0.000000000000000000e+00,1.118033988749894903e+00,2.012461179749810647e+00,2.236067977499789805e+00,4.472135954999579277e-01,6.708203932499369193e-01,1.118033988749894903e+00,8.944271909999158554e-01,-6.708203932499369193e-01,-2.012461179749810647e+00,-2.683281572999747677e+00,-2.236067977499789805e+00,-3.354101966249684263e+00,-2.683281572999747677e+00,-8.944271909999158554e-01,-8.944271909999158554e-01,-6.708203932499369193e-01,-2.236067977499789805e+00,-3.130495168499705549e+00,-3.577708763999663422e+00,-2.459674775249768519e+00,-1.788854381999831711e+00,-2.236067977499789805e+00,-2.683281572999747677e+00,-1.341640786499873839e+00,-1.118033988749894903e+00,-6.708203932499369193e-01,-1.788854381999831711e+00,-6.708203932499369193e-01,-2.236067977499789639e-01,-4.472135954999579277e-01,-1.565247584249852775e+00,-1.565247584249852775e+00,-6.708203932499369193e-01,-8.944271909999158554e-01,-8.944271909999158554e-01,-1.118033988749894903e+00,-8.944271909999158554e-01,1.341640786499873839e+00,2.012461179749810647e+00,2.236067977499789639e-01,-8.944271909999158554e-01,1.118033988749894903e+00,2.012461179749810647e+00,2.236067977499789805e+00,2.236067977499789805e+00,1.565247584249852775e+00,3.130495168499705549e+00,3.577708763999663422e+00,1.788854381999831711e+00,4.472135954999579277e-01,2.683281572999747677e+00,4.024922359499621294e+00,4.248529157249600452e+00,4.024922359499621294e+00,2.683281572999747677e+00,1.565247584249852775e+00,1.341640786499873839e+00,2.236067977499789805e+00,2.012461179749810647e+00,1.565247584249852775e+00,2.012461179749810647e+00,1.788854381999831711e+00,1.788854381999831711e+00,-2.236067977499789639e-01,2.683281572999747677e+00,4.248529157249600452e+00,4.919349550499537038e+00,4.248529157249600452e+00,4.472135954999579610e+00,2.459674775249768519e+00,3.130495168499705549e+00,4.472135954999579610e+00,3.577708763999663422e+00,2.906888370749726391e+00,1.788854381999831711e+00,1.788854381999831711e+00,1.341640786499873839e+00,4.024922359499621294e+00,5.366563145999495354e+00,6.931810730249347685e+00,4.919349550499537038e+00,3.354101966249684263e+00,8.944271909999158554e-01,-2.236067977499789639e-01,-2.236067977499789639e-01,2.236067977499789639e-01,-1.788854381999831711e+00,-2.906888370749726391e+00,-2.236067977499789805e+00,-3.354101966249684263e+00,-5.142956348249516196e+00,-2.906888370749726391e+00,-3.354101966249684263e+00,-2.012461179749810647e+00,-3.130495168499705549e+00,-2.683281572999747677e+00,-2.236067977499789805e+00,-2.906888370749726391e+00,0.000000000000000000e+00,-6.708203932499369193e-01,-8.944271909999158554e-01,-1.341640786499873839e+00,-2.236067977499789805e+00,-2.459674775249768519e+00,-1.788854381999831711e+00,-2.683281572999747677e+00,-2.459674775249768519e+00,-3.801315561749642136e+00,-6.260990336999411099e+00,-4.695742752749557880e+00,-4.695742752749557880e+00,-3.354101966249684263e+00,-2.683281572999747677e+00,-4.248529157249600452e+00,-4.248529157249600452e+00,-2.906888370749726391e+00,-2.906888370749726391e+00,-2.236067977499789805e+00,-1.788854381999831711e+00,-3.130495168499705549e+00,-4.024922359499621294e+00,-5.590169943749473624e+00,-4.472135954999579610e+00,-5.142956348249516196e+00,-5.366563145999495354e+00,-5.590169943749473624e+00,-4.695742752749557880e+00,-5.142956348249516196e+00,-5.813776741499452783e+00,-5.366563145999495354e+00,-2.459674775249768519e+00,0.000000000000000000e+00,-2.236067977499789639e-01,-2.236067977499789639e-01,-4.472135954999579277e-01,-2.906888370749726391e+00,-5.142956348249516196e+00,-4.472135954999579610e+00,-3.354101966249684263e+00,-3.354101966249684263e+00,-5.813776741499452783e+00,-5.813776741499452783e+00,-3.577708763999663422e+00,-3.354101966249684263e+00,-4.024922359499621294e+00,-3.577708763999663422e+00,-4.024922359499621294e+00,-3.801315561749642136e+00,-1.341640786499873839e+00,0.000000000000000000e+00,1.118033988749894903e+00,8.944271909999158554e-01,3.130495168499705549e+00,2.906888370749726391e+00,1.118033988749894903e+00,1.341640786499873839e+00,-2.236067977499789639e-01,1.788854381999831711e+00,1.118033988749894903e+00,-8.944271909999158554e-01,-3.577708763999663422e+00,-2.906888370749726391e+00,-2.236067977499789805e+00,-4.472135954999579277e-01,-1.118033988749894903e+00,-8.944271909999158554e-01,-2.683281572999747677e+00,-3.130495168499705549e+00,-1.788854381999831711e+00,-1.341640786499873839e+00,-1.565247584249852775e+00,-2.459674775249768519e+00,-2.459674775249768519e+00,-3.130495168499705549e+00,-2.683281572999747677e+00,-2.236067977499789805e+00,-3.130495168499705549e+00,-1.565247584249852775e+00,-1.341640786499873839e+00,-1.118033988749894903e+00,-1.118033988749894903e+00,2.236067977499789639e-01,8.944271909999158554e-01,-8.944271909999158554e-01,-4.472135954999579277e-01,-6.708203932499369193e-01,-8.944271909999158554e-01,1.565247584249852775e+00,4.248529157249600452e+00,3.354101966249684263e+00,2.459674775249768519e+00,3.577708763999663422e+00,2.683281572999747677e+00,1.788854381999831711e+00,1.788854381999831711e+00,1.565247584249852775e+00,1.118033988749894903e+00,1.341640786499873839e+00,-2.236067977499789639e-01,-2.236067977499789639e-01,-6.708203932499369193e-01,-1.565247584249852775e+00,-1.565247584249852775e+00,-2.236067977499789805e+00,-2.459674775249768519e+00,-4.472135954999579277e-01,1.118033988749894903e+00,1.341640786499873839e+00,2.459674775249768519e+00,2.236067977499789805e+00,2.906888370749726391e+00,4.024922359499621294e+00,5.142956348249516196e+00,6.037383539249431941e+00,5.366563145999495354e+00,4.919349550499537038e+00,4.472135954999579610e+00,5.813776741499452783e+00,4.248529157249600452e+00,4.695742752749557880e+00,2.906888370749726391e+00,5.142956348249516196e+00,3.354101966249684263e+00,4.695742752749557880e+00,4.695742752749557880e+00,4.024922359499621294e+00,1.788854381999831711e+00,2.459674775249768519e+00,2.236067977499789805e+00,2.683281572999747677e+00,4.024922359499621294e+00,3.354101966249684263e+00,4.024922359499621294e+00,4.919349550499537038e+00,5.366563145999495354e+00,4.695742752749557880e+00,4.695742752749557880e+00,3.577708763999663422e+00,5.590169943749473624e+00,6.931810730249347685e+00,5.590169943749473624e+00,5.813776741499452783e+00,3.130495168499705549e+00,3.354101966249684263e+00,3.801315561749642136e+00,3.354101966249684263e+00,2.012461179749810647e+00,2.459674775249768519e+00,2.683281572999747677e+00,2.012461179749810647e+00,2.012461179749810647e+00,1.118033988749894903e+00,4.472135954999579277e-01,2.236067977499789639e-01,2.683281572999747677e+00,1.565247584249852775e+00,1.788854381999831711e+00,1.118033988749894903e+00,1.118033988749894903e+00,-4.472135954999579277e-01,-6.708203932499369193e-01,-4.472135954999579277e-01,-1.788854381999831711e+00,-3.577708763999663422e+00,-2.236067977499789639e-01,0.000000000000000000e+00,-4.472135954999579277e-01,-1.118033988749894903e+00,-3.354101966249684263e+00,-2.012461179749810647e+00,-1.341640786499873839e+00,-2.683281572999747677e+00,-8.944271909999158554e-01,-1.788854381999831711e+00,-1.565247584249852775e+00,-2.236067977499789805e+00,-4.472135954999579610e+00,-4.472135954999579610e+00,-4.248529157249600452e+00,-5.813776741499452783e+00,-3.801315561749642136e+00,-4.472135954999579610e+00,-5.366563145999495354e+00,-4.472135954999579610e+00,-5.590169943749473624e+00,-4.472135954999579610e+00,-3.354101966249684263e+00,-1.341640786499873839e+00,-4.472135954999579277e-01,-1.788854381999831711e+00,2.236067977499789639e-01,1.788854381999831711e+00,4.472135954999579277e-01,6.708203932499369193e-01,2.012461179749810647e+00,-2.236067977499789639e-01,8.944271909999158554e-01,4.024922359499621294e+00,3.354101966249684263e+00,2.459674775249768519e+00,1.788854381999831711e+00,2.683281572999747677e+00,3.130495168499705549e+00,2.459674775249768519e+00,2.236067977499789805e+00,1.118033988749894903e+00,1.341640786499873839e+00,2.236067977499789805e+00,3.130495168499705549e+00,4.472135954999579610e+00,3.354101966249684263e+00,1.788854381999831711e+00,1.788854381999831711e+00,8.944271909999158554e-01,1.118033988749894903e+00,-4.472135954999579277e-01,2.236067977499789639e-01,2.236067977499789639e-01,2.236067977499789639e-01,0.000000000000000000e+00,-4.472135954999579277e-01,-6.708203932499369193e-01,-3.354101966249684263e+00,-4.695742752749557880e+00,-2.459674775249768519e+00,-1.341640786499873839e+00,-8.944271909999158554e-01,-6.708203932499369193e-01,-2.683281572999747677e+00,-2.459674775249768519e+00,-2.236067977499789805e+00,4.472135954999579277e-01,2.012461179749810647e+00,2.236067977499789639e-01,0.000000000000000000e+00,2.236067977499789639e-01,2.236067977499789639e-01,1.341640786499873839e+00,1.788854381999831711e+00,2.236067977499789805e+00,1.118033988749894903e+00,4.472135954999579277e-01,2.236067977499789805e+00,1.341640786499873839e+00,4.472135954999579610e+00,3.577708763999663422e+00,8.944271909999158554e-01,1.341640786499873839e+00,2.683281572999747677e+00,2.459674775249768519e+00
-2.012461179749810647e+00,-1.565247584249852775e+00,-2.236067977499789639e-01,-6.708203932499369193e-01,1.565247584249852775e+00,2.459674775249768519e+00,8.944271909999158554e-01,3.130495168499705549e+00,3.577708763999663422e+00,2.459674775249768519e+00,2.683281572999747677e+00,4.024922359499621294e+00,2.459674775249768519e+00,3.130495168499705549e+00,2.012461179749810647e+00,8.944271909999158554e-01,2.236067977499789639e-01,1.118033988749894903e+00,4.472135954999579277e-01,1.341640786499873839e+00,-1.788854381999831711e+00,-1.118033988749894903e+00,6.708203932499369193e-01,-6.708203932499369193e-01,0.000000000000000000e+00,1.118033988749894903e+00,2.459674775249768519e+00,1.565247584249852775e+00,4.919349550499537038e+00,4.695742752749557880e+00,7.155417527999326843e+00,6.037383539249431941e+00,5.142956348249516196e+00,3.354101966249684263e+00,3.130495168499705549e+00,1.565247584249852775e+00,6.708203932499369193e-01,6.708203932499369193e-01,2.236067977499789805e+00,4.248529157249600452e+00,5.366563145999495354e+00,4.695742752749557880e+00,4.472135954999579610e+00,4.919349550499537038e+00,4.024922359499621294e+00,1.565247584249852775e+00,8.944271909999158554e-01,6.708203932499369193e-01,1.341640786499873839e+00,4.472135954999579277e-01,2.012461179749810647e+00,3.354101966249684263e+00,2.683281572999747677e+00,2.906888370749726391e+00,2.236067977499789805e+00,1.788854381999831711e+00,8.944271909999158554e-01,-1.341640786499873839e+00,-6.708203932499369193e-01,6.708203932499369193e-01,0.000000000000000000e+00,-2.236067977499789805e+00,-3.354101966249684263e+00,-3.130495168499705549e+00,-2.012461179749810647e+00,-6.708203932499369193e-01,-2.012461179749810647e+00,-2.906888370749726391e+00,-2.236067977499789805e+00,-1.788854381999831711e+00,-3.577708763999663422e+00,-4.695742752749557880e+00,-3.130495168499705549e+00,-2.683281572999747677e+00,-8.944271909999158554e-01,-2.012461179749810647e+00,-2.236067977499789639e-01,2.236067977499789639e-01,-2.012461179749810647e+00,-2.236067977499789805e+00,-2.906888370749726391e+00,-4.024922359499621294e+00,-4.472135954999579610e+00,-5.366563145999495354e+00,-4.024922359499621294e+00,-3.354101966249684263e+00,-3.577708763999663422e+00,-2.683281572999747677e+00,-2.683281572999747677e+00,-1.565247584249852775e+00,-1.341640786499873839e+00,-4.472135954999579277e-01,-8.944271909999158554e-01,-8.944271909999158554e-01,-3.130495168499705549e+00,-3.577708763999663422e+00,-3.354101966249684263e+00,-4.695742752749557880e+00,-3.354101966249684263e+00,-2.236067977499789639e-01,6.708203932499369193e-01,1.788854381999831711e+00,2.236067977499789805e+00,3.130495168499705549e+00,3.354101966249684263e+00,4.695742752749557880e+00,4.248529157249600452e+00,6.037383539249431941e+00,6.931810730249347685e+00,7.155417527999326843e+00,6.708203932499368527e+00,5.813776741499452783e+00,5.813776741499452783e+00,4.695742752749557880e+00,3.801315561749642136e+00,3.801315561749642136e+00,5.366563145999495354e+00,5.142956348249516196e+00,3.801315561749642136e+00,2.683281572999747677e+00,2.236067977499789805e+00,-4.472135954999579277e-01,-4.472135954999579277e-01,0.000000000000000000e+00,0.000000000000000000e+00,-6.708203932499369193e-01,-6.708203932499369193e-01,-8.944271909999158554e-01,-6.708203932499369193e-01,-1.118033988749894903e+00,-8.944271909999158554e-01,-6.708203932499369193e-01,-1.118033988749894903e+00,-4.472135954999579277e-01,-8.944271909999158554e-01,-1.565247584249852775e+00,-2.683281572999747677e+00,-2.683281572999747677e+00,-1.788854381999831711e+00,-2.012461179749810647e+00,-6.708203932499369193e-01,8.944271909999158554e-01,8.944271909999158554e-01,2.236067977499789639e-01,-6.708203932499369193e-01,1.118033988749894903e+00,2.236067977499789639e-01,1.118033988749894903e+00,1.788854381999831711e+00,-1.118033988749894903e+00,-1.118033988749894903e+00,-2.459674775249768519e+00,-3.130495168499705549e+00,-2.459674775249768519e+00,-2.459674775249768519e+00,-1.788854381999831711e+00,-8.944271909999158554e-01,-1.341640786499873839e+00,-8.944271909999158554e-01,6.708203932499369193e-01,6.708203932499369193e-01,4.472135954999579277e-01,1.565247584249852775e+00,-6.708203932499369193e-01,-1.341640786499873839e+00,-2.012461179749810647e+00,-1.118033988749894903e+00,-2.459674775249768519e+00,-4.024922359499621294e+00,-4.919349550499537038e+00,-3.801315561749642136e+00,-2.459674775249768519e+00,-2.012461179749810647e+00,-3.130495168499705549e+00,-2.012461179749810647e+00,-2.683281572999747677e+00,-2.236067977499789805e+00,-3.801315561749642136e+00,-3.801315561749642136e+00,-3.354101966249684263e+00,-2.459674775249768519e+00,-2.459674775249768519e+00,-3.354101966249684263e+00,-4.248529157249600452e+00,-4.024922359499621294e+00,-1.565247584249852775e+00,-3.577708763999663422e+00,-5.366563145999495354e+00,-6.708203932499368527e+00,-4.024922359499621294e+00,-4.248529157249600452e+00,-4.248529157249600452e+00,-5.366563145999495354e+00,-5.142956348249516196e+00,-6.708203932499368527e+00,-7.826237921249263430e+00,-8.497058314499200904e+00,-8.273451516749220858e+00,-6.260990336999411099e+00,-4.695742752749557880e+00,-4.919349550499537038e+00,-6.037383539249431941e+00,-6.931810730249347685e+00,-6.260990336999411099e+00,-5.366563145999495354e+00,-3.801315561749642136e+00,-5.142956348249516196e+00,-6.708203932499368527e+00,-6.260990336999411099e+00,-7.826237921249263430e+00,-6.484597134749389369e+00,-6.260990336999411099e+00,-6.037383539249431941e+00,-4.919349550499537038e+00,-4.248529157249600452e+00,-3.801315561749642136e+00,-3.801315561749642136e+00,-2.683281572999747677e+00,-2.906888370749726391e+00,-2.683281572999747677e+00,-4.024922359499621294e+00,-4.472135954999579277e-01,-1.565247584249852775e+00,-2.906888370749726391e+00,-4.695742752749557880e+00,-4.248529157249600452e+00,-5.813776741499452783e+00,-6.260990336999411099e+00,-5.142956348249516196e+00,-4.248529157249600452e+00,-2.906888370749726391e+00,-3.801315561749642136e+00,-2.906888370749726391e+00,-1.565247584249852775e+00,-1.788854381999831711e+00,-3.130495168499705549e+00,-2.236067977499789805e+00,-1.788854381999831711e+00,-6.708203932499369193e-01,-1.341640786499873839e+00,-4.472135954999579277e-01,-2.236067977499789805e+00,-2.012461179749810647e+00,-1.341640786499873839e+00,-8.944271909999158554e-01,2.236067977499789639e-01,-6.708203932499369193e-01,1.341640786499873839e+00,1.788854381999831711e+00,2.236067977499789805e+00,1.118033988749894903e+00,6.708203932499369193e-01,-2.012461179749810647e+00,-4.472135954999579277e-01,2.236067977499789639e-01,6.708203932499369193e-01,0.000000000000000000e+00,2.683281572999747677e+00,3.577708763999663422e+00,4.248529157249600452e+00,1.565247584249852775e+00,4.472135954999579277e-01,-4.472135954999579277e-01,-2.906888370749726391e+00,-3.130495168499705549e+00,-2.906888370749726391e+00,-2.459674775249768519e+00,-6.708203932499369193e-01,-1.788854381999831711e+00,-1.118033988749894903e+00,-6.708203932499369193e-01,1.341640786499873839e+00,2.459674775249768519e+00,3.577708763999663422e+00,3.354101966249684263e+00,1.788854381999831711e+00,2.683281572999747677e+00,2.236067977499789805e+00,1.565247584249852775e+00,1.788854381999831711e+00,-4.472135954999579277e-01,-1.341640786499873839e+00,-1.565247584249852775e+00,-1.565247584249852775e+00,-1.118033988749894903e+00,-1.565247584249852775e+00,4.472135954999579277e-01,6.708203932499369193e-01,-6.708203932499369193e-01,-2.236067977499789639e-01,-1.565247584249852775e+00,-2.236067977499789639e-01,-2.236067977499789639e-01,2.906888370749726391e+00,2.683281572999747677e+00,2.236067977499789639e-01,1.341640786499873839e+00,3.577708763999663422e+00,3.801315561749642136e+00,3.354101966249684263e+00,3.801315561749642136e+00,4.695742752749557880e+00,3.801315561749642136e+00,4.695742752749557880e+00,2.906888370749726391e+00,3.577708763999663422e+00,6.260990336999411099e+00,5.366563145999495354e+00,6.260990336999411099e+00,7.379024325749306001e+00,6.484597134749389369e+00,6.037383539249431941e+00,7.602631123499284271e+00,8.049844718999242588e+00,5.813776741499452783e+00,4.472135954999579610e+00,5.142956348249516196e+00,5.366563145999495354e+00,6.931810730249347685e+00,8.273451516749220858e+00,8.497058314499200904e+00,7.826237921249263430e+00,6.037383539249431941e+00,4.248529157249600452e+00,2.236067977499789805e+00,2.236067977499789805e+00,1.788854381999831711e+00,2.012461179749810647e+00,3.130495168499705549e+00,4.024922359499621294e+00,2.683281572999747677e+00,3.130495168499705549e+00,2.459674775249768519e+00,4.024922359499621294e+00,3.801315561749642136e+00,4.024922359499621294e+00,3.577708763999663422e+00,3.130495168499705549e+00,2.236067977499789805e+00,3.130495168499705549e+00,4.472135954999579277e-01,8.944271909999158554e-01,-2.236067977499789639e-01,-8.944271909999158554e-01,6.708203932499369193e-01,1.118033988749894903e+00,4.472135954999579277e-01,2.236067977499789639e-01,1.788854381999831711e+00,-2.236067977499789639e-01,-1.788854381999831711e+00,-2.683281572999747677e+00,-1.565247584249852775e+00,-1.118033988749894903e+00,-2.459674775249768519e+00,-8.944271909999158554e-01,-1.118033988749894903e+00,8.944271909999158554e-01,1.565247584249852775e+00,-4.472135954999579277e-01,-6.708203932499369193e-01,-8.944271909999158554e-01,-8.944271909999158554e-01,-6.708203932499369193e-01,-2.236067977499789639e-01,4.472135954999579277e-01,8.944271909999158554e-01,4.472135954999579277e-01,2.236067977499789639e-01,2.236067977499789639e-01,-8.944271909999158554e-01,-2.236067977499789639e-01,-8.944271909999158554e-01,-1.341640786499873839e+00,-1.118033988749894903e+00,-8.944271909999158554e-01,1.118033988749894903e+00,1.341640786499873839e+00,2.236067977499789639e-01,-8.944271909999158554e-01,-2.236067977499789639e-01,-8.944271909999158554e-01,-2.236067977499789805e+00,-4.472135954999579277e-01,4.472135954999579277e-01,-8.944271909999158554e-01,-2.236067977499789639e-01,-1.118033988749894903e+00,-2.683281572999747677e+00,-2.683281572999747677e+00,-2.906888370749726391e+00,-3.130495168499705549e+00,-3.354101966249684263e+00,-3.801315561749642136e+00,-4.024922359499621294e+00,-4.024922359499621294e+00,-5.813776741499452783e+00,-5.142956348249516196e+00,-4.472135954999579610e+00,-5.142956348249516196e+00,-3.130495168499705549e+00,-3.354101966249684263e+00,-4.695742752749557880e+00,-5.142956348249516196e+00,-4.248529157249600452e+00,-4.919349550499537038e+00,-3.354101966249684263e+00,-1.341640786499873839e+00,-2.236067977499789639e-01,0.000000000000000000e+00,-4.472135954999579277e-01,4.472135954999579277e-01,-2.236067977499789639e-01,2.236067977499789639e-01,4.472135954999579277e-01,2.012461179749810647e+00,8.944271909999158554e-01,2.236067977499789805e+00,4.919349550499537038e+00,4.248529157249600452e+00,4.695742752749557880e+00,4.919349550499537038e+00,4.248529157249600452e+00,5.366563145999495354e+00,5.590169943749473624e+00,5.813776741499452783e+00,4.919349550499537038e+00,4.919349550499537038e+00,5.142956348249516196e+00,4.024922359499621294e+00,4.472135954999579610e+00,3.577708763999663422e+00,2.906888370749726391e+00,3.354101966249684263e+00,4.024922359499621294e+00,4.919349550499537038e+00,3.354101966249684263e+00,1.118033988749894903e+00,2.236067977499789805e+00,2.906888370749726391e+00,-2.236067977499789639e-01,-4.472135954999579277e-01,2.236067977499789639e-01,1.118033988749894903e+00,2.236067977499789805e+00,6.708203932499369193e-01,1.118033988749894903e+00,1.565247584249852775e+00,2.012461179749810647e+00,-4.472135954999579277e-01,1.118033988749894903e+00,2.459674775249768519e+00,0.000000000000000000e+00,-2.236067977499789639e-01,4.472135954999579277e-01,-6.708203932499369193e-01,-6.708203932499369193e-01,8.944271909999158554e-01,-4.472135954999579277e-01,2.236067977499789639e-01,2.459674775249768519e+00,2.012461179749810647e+00,1.788854381999831711e+00,1.565247584249852775e+00,2.012461179749810647e+00,2.012461179749810647e+00,2.236067977499789805e+00,2.459674775249768519e+00,2.459674775249768519e+00,8.944271909999158554e-01,-4.472135954999579277e-01,-1.788854381999831711e+00,-1.565247584249852775e+00,-6.708203932499369193e-01,6.708203932499369193e-01,4.472135954999579277e-01,1.118033988749894903e+00,2.459674775249768519e+00,2.683281572999747677e+00,4.024922359499621294e+00,3.130495168499705549e+00,2.459674775249768519e+00,3.577708763999663422e+00,6.708203932499369193e-01,1.565247584249852775e+00,4.695742752749557880e+00,5.142956348249516196e+00,4.024922359499621294e+00,2.012461179749810647e+00,3.577708763999663422e+00,2.236067977499789805e+00,3.577708763999663422e+00,3.354101966249684263e+00,2.236067977499789805e+00,1.788854381999831711e+00,2.683281572999747677e+00,2.683281572999747677e+00,3.801315561749642136e+00,4.248529157249600452e+00,4.024922359499621294e+00
-3.354101966249684263e+00,-1.341640786499873839e+00,-4.472135954999579277e-01,-4.472135954999579277e-01,-1.788854381999831711e+00,-1.341640786499873839e+00,-8.944271909999158554e-01,-6.708203932499369193e-01,-4.472135954999579277e-01,4.472135954999579277e-01,-2.236067977499789639e-01,6.708203932499369193e-01,1.118033988749894903e+00,-6.708203932499369193e-01,-2.236067977499789639e-01,-1.341640786499873839e+00,-2.236067977499789805e+00,-1.341640786499873839e+00,-2.236067977499789805e+00,-6.708203932499369193e-01,0.000000000000000000e+00,-1.788854381999831711e+00,-3.801315561749642136e+00,-4.024922359499621294e+00,-4.248529157249600452e+00,-4.695742752749557880e+00,-4.024922359499621294e+00,-1.788854381999831711e+00,6.708203932499369193e-01,2.236067977499789639e-01,6.708203932499369193e-01,2.236067977499789805e+00,1.565247584249852775e+00,1.118033988749894903e+00,-1.341640786499873839e+00,4.472135954999579277e-01,1.565247584249852775e+00,6.708203932499369193e-01,2.236067977499789639e-01,1.118033988749894903e+00,2.236067977499789805e+00,2.012461179749810647e+00,4.024922359499621294e+00,5.142956348249516196e+00,4.248529157249600452e+00,5.366563145999495354e+00,5.590169943749473624e+00,6.260990336999411099e+00,6.931810730249347685e+00,5.590169943749473624e+00,6.931810730249347685e+00,4.919349550499537038e+00,8.497058314499200904e+00,5.813776741499452783e+00,4.695742752749557880e+00,3.354101966249684263e+00,4.248529157249600452e+00,4.024922359499621294e+00,3.577708763999663422e+00,1.341640786499873839e+00,2.236067977499789639e-01,6.708203932499369193e-01,-4.472135954999579277e-01,8.944271909999158554e-01,1.118033988749894903e+00,1.788854381999831711e+00,3.801315561749642136e+00,4.472135954999579610e+00,5.590169943749473624e+00,6.037383539249431941e+00,6.708203932499368527e+00,7.155417527999326843e+00,4.919349550499537038e+00,3.577708763999663422e+00,3.577708763999663422e+00,2.459674775249768519e+00,2.683281572999747677e+00,2.012461179749810647e+00,8.944271909999158554e-01,4.472135954999579277e-01,2.236067977499789805e+00,2.683281572999747677e+00,2.459674775249768519e+00,1.788854381999831711e+00,2.236067977499789805e+00,2.236067977499789805e+00,3.354101966249684263e+00,2.236067977499789805e+00,2.459674775249768519e+00,2.683281572999747677e+00,3.354101966249684263e+00,4.919349550499537038e+00,5.590169943749473624e+00,4.695742752749557880e+00,4.919349550499537038e+00,4.472135954999579610e+00,4.919349550499537038e+00,5.590169943749473624e+00,4.695742752749557880e+00,4.695742752749557880e+00,4.248529157249600452e+00,4.248529157249600452e+00,3.801315561749642136e+00,4.024922359499621294e+00,5.590169943749473624e+00,5.366563145999495354e+00,3.130495168499705549e+00,4.248529157249600452e+00,2.683281572999747677e+00,3.354101966249684263e+00,1.788854381999831711e+00,1.341640786499873839e+00,-1.341640786499873839e+00,2.236067977499789639e-01,-1.118033988749894903e+00,-2.236067977499789639e-01,2.236067977499789639e-01,-8.944271909999158554e-01,4.472135954999579277e-01,1.341640786499873839e+00,2.683281572999747677e+00,3.577708763999663422e+00,4.024922359499621294e+00,2.683281572999747677e+00,1.788854381999831711e+00,2.683281572999747677e+00,3.801315561749642136e+00,2.683281572999747677e+00,2.459674775249768519e+00,3.354101966249684263e+00,3.577708763999663422e+00,2.906888370749726391e+00,4.024922359499621294e+00,6.037383539249431941e+00,6.037383539249431941e+00,4.472135954999579610e+00,1.341640786499873839e+00,1.565247584249852775e+00,1.118033988749894903e+00,1.341640786499873839e+00,1.788854381999831711e+00,-6.708203932499369193e-01,-1.788854381999831711e+00,-1.788854381999831711e+00,-1.341640786499873839e+00,-1.118033988749894903e+00,-2.236067977499789805e+00,-2.012461179749810647e+00,-2.012461179749810647e+00,-3.801315561749642136e+00,-3.130495168499705549e+00,-2.683281572999747677e+00,-6.708203932499369193e-01,-6.708203932499369193e-01,-3.577708763999663422e+00,-3.354101966249684263e+00,-2.906888370749726391e+00,-2.236067977499789805e+00,0.000000000000000000e+00,8.944271909999158554e-01,6.708203932499369193e-01,8.944271909999158554e-01,1.341640786499873839e+00,1.788854381999831711e+00,1.118033988749894903e+00,2.236067977499789805e+00,0.000000000000000000e+00,-2.236067977499789639e-01,6.708203932499369193e-01,6.708203932499369193e-01,4.472135954999579277e-01,2.012461179749810647e+00,1.565247584249852775e+00,1.788854381999831711e+00,-1.341640786499873839e+00,8.944271909999158554e-01,-2.236067977499789639e-01,4.472135954999579277e-01,1.565247584249852775e+00,4.472135954999579277e-01,-6.708203932499369193e-01,-2.012461179749810647e+00,-8.944271909999158554e-01,0.000000000000000000e+00,6.708203932499369193e-01,-1.565247584249852775e+00,-1.341640786499873839e+00,-4.472135954999579277e-01,8.944271909999158554e-01,1.118033988749894903e+00,1.565247584249852775e+00,2.459674775249768519e+00,1.565247584249852775e+00,2.683281572999747677e+00,2.236067977499789805e+00,8.944271909999158554e-01,1.788854381999831711e+00,-1.118033988749894903e+00,-4.472135954999579277e-01,-6.708203932499369193e-01,6.708203932499369193e-01,-1.565247584249852775e+00,-1.565247584249852775e+00,-2.683281572999747677e+00,-3.577708763999663422e+00,-2.683281572999747677e+00,-2.236067977499789805e+00,2.236067977499789639e-01,-4.472135954999579277e-01,-1.118033988749894903e+00,-3.130495168499705549e+00,-4.024922359499621294e+00,-3.801315561749642136e+00,-3.577708763999663422e+00,-4.024922359499621294e+00,-3.354101966249684263e+00,-2.906888370749726391e+00,-3.354101966249684263e+00,-1.565247584249852775e+00,-2.236067977499789805e+00,-2.683281572999747677e+00,-1.788854381999831711e+00,-2.012461179749810647e+00,-1.565247584249852775e+00,-6.708203932499369193e-01,-1.565247584249852775e+00,-1.565247584249852775e+00,-8.944271909999158554e-01,4.472135954999579277e-01,-4.472135954999579277e-01,2.236067977499789639e-01,2.236067977499789639e-01,1.118033988749894903e+00,-2.236067977499789639e-01,-1.341640786499873839e+00,-2.236067977499789805e+00,0.000000000000000000e+00,6.708203932499369193e-01,2.906888370749726391e+00,6.708203932499369193e-01,2.236067977499789639e-01,8.944271909999158554e-01,1.565247584249852775e+00,2.683281572999747677e+00,4.695742752749557880e+00,7.155417527999326843e+00,6.931810730249347685e+00,7.379024325749306001e+00,6.260990336999411099e+00,5.590169943749473624e+00,6.260990336999411099e+00,6.484597134749389369e+00,4.919349550499537038e+00,3.577708763999663422e+00,2.012461179749810647e+00,2.236067977499789805e+00,2.236067977499789805e+00,2.012461179749810647e+00,1.118033988749894903e+00,1.118033988749894903e+00,-1.788854381999831711e+00,2.236067977499789639e-01,4.472135954999579277e-01,1.788854381999831711e+00,1.788854381999831711e+00,4.472135954999579277e-01,6.708203932499369193e-01,1.118033988749894903e+00,1.788854381999831711e+00,1.788854381999831711e+00,1.788854381999831711e+00,-4.472135954999579277e-01,-2.459674775249768519e+00,-2.683281572999747677e+00,-4.472135954999579610e+00,-3.801315561749642136e+00,-2.906888370749726391e+00,-2.236067977499789805e+00,-2.012461179749810647e+00,-8.944271909999158554e-01,-4.472135954999579277e-01,-1.788854381999831711e+00,-3.130495168499705549e+00,-3.577708763999663422e+00,-4.024922359499621294e+00,-4.248529157249600452e+00,-1.565247584249852775e+00,-6.708203932499369193e-01,-8.944271909999158554e-01,6.708203932499369193e-01,-1.118033988749894903e+00,8.944271909999158554e-01,4.472135954999579277e-01,6.708203932499369193e-01,-8.944271909999158554e-01,-1.788854381999831711e+00,-1.341640786499873839e+00,-3.130495168499705549e+00,-2.236067977499789805e+00,-2.012461179749810647e+00,-2.012461179749810647e+00,-2.236067977499789805e+00,0.000000000000000000e+00,1.565247584249852775e+00,4.472135954999579277e-01,-6.708203932499369193e-01,-1.118033988749894903e+00,-4.024922359499621294e+00,-5.142956348249516196e+00,-3.801315561749642136e+00,-2.906888370749726391e+00,-1.118033988749894903e+00,-1.565247584249852775e+00,-2.012461179749810647e+00,-8.944271909999158554e-01,-1.118033988749894903e+00,-1.565247584249852775e+00,-1.341640786499873839e+00,-2.012461179749810647e+00,-1.788854381999831711e+00,-3.130495168499705549e+00,-2.236067977499789805e+00,-1.341640786499873839e+00,-2.012461179749810647e+00,-2.906888370749726391e+00,-3.354101966249684263e+00,-2.459674775249768519e+00,-2.906888370749726391e+00,-2.906888370749726391e+00,-3.354101966249684263e+00,-3.354101966249684263e+00,-3.801315561749642136e+00,-4.024922359499621294e+00,-5.590169943749473624e+00,-5.813776741499452783e+00,-3.801315561749642136e+00,-2.012461179749810647e+00,2.236067977499789639e-01,-6.708203932499369193e-01,-8.944271909999158554e-01,-2.906888370749726391e+00,-2.906888370749726391e+00,-2.459674775249768519e+00,-3.354101966249684263e+00,-3.130495168499705549e+00,-3.577708763999663422e+00,-5.142956348249516196e+00,-4.695742752749557880e+00,-5.590169943749473624e+00,-5.590169943749473624e+00,-4.695742752749557880e+00,-4.695742752749557880e+00,-4.024922359499621294e+00,-4.024922359499621294e+00,-3.801315561749642136e+00,-3.130495168499705549e+00,-1.788854381999831711e+00,-2.236067977499789639e-01,-2.236067977499789639e-01,-2.236067977499789639e-01,-1.565247584249852775e+00,-1.118033988749894903e+00,-2.236067977499789805e+00,-2.236067977499789805e+00,-8.944271909999158554e-01,-1.341640786499873839e+00,-2.236067977499789639e-01,-1.118033988749894903e+00,-8.944271909999158554e-01,-2.236067977499789805e+00,-2.906888370749726391e+00,-3.801315561749642136e+00,-4.024922359499621294e+00,-4.024922359499621294e+00,-2.236067977499789805e+00,-2.906888370749726391e+00,-4.248529157249600452e+00,-4.472135954999579610e+00,-2.906888370749726391e+00,-4.695742752749557880e+00,-2.683281572999747677e+00,-2.012461179749810647e+00,-6.708203932499369193e-01,-4.472135954999579277e-01,-4.472135954999579277e-01,4.472135954999579277e-01,-4.472135954999579277e-01,-2.236067977499789639e-01,6.708203932499369193e-01,-6.708203932499369193e-01,-1.118033988749894903e+00,-6.708203932499369193e-01,-1.118033988749894903e+00,-4.472135954999579277e-01,-2.012461179749810647e+00,-1.118033988749894903e+00,-8.944271909999158554e-01,2.236067977499789639e-01,0.000000000000000000e+00,4.472135954999579277e-01,6.708203932499369193e-01,8.944271909999158554e-01,8.944271909999158554e-01,1.118033988749894903e+00,4.472135954999579277e-01,-2.236067977499789639e-01,-8.944271909999158554e-01,4.472135954999579277e-01,1.565247584249852775e+00,2.012461179749810647e+00,6.708203932499369193e-01,1.341640786499873839e+00,2.236067977499789639e-01,8.944271909999158554e-01,2.236067977499789639e-01,4.472135954999579277e-01,1.565247584249852775e+00,-4.472135954999579277e-01,-4.472135954999579277e-01,-1.341640786499873839e+00,-2.012461179749810647e+00,0.000000000000000000e+00,2.236067977499789639e-01,1.341640786499873839e+00,1.788854381999831711e+00,1.341640786499873839e+00,-4.472135954999579277e-01,1.118033988749894903e+00,-6.708203932499369193e-01,1.118033988749894903e+00,2.012461179749810647e+00,1.788854381999831711e+00,4.024922359499621294e+00,3.577708763999663422e+00,2.683281572999747677e+00,2.459674775249768519e+00,2.012461179749810647e+00,1.788854381999831711e+00,2.459674775249768519e+00,8.944271909999158554e-01,8.944271909999158554e-01,-2.236067977499789639e-01,1.118033988749894903e+00,1.341640786499873839e+00,1.341640786499873839e+00,1.788854381999831711e+00,1.565247584249852775e+00,-8.944271909999158554e-01,-1.565247584249852775e+00,-1.565247584249852775e+00,-1.341640786499873839e+00,-3.130495168499705549e+00,-2.906888370749726391e+00,-2.012461179749810647e+00,-1.341640786499873839e+00,-4.472135954999579277e-01,2.236067977499789639e-01,-4.472135954999579277e-01,2.236067977499789805e+00,2.236067977499789639e-01,1.118033988749894903e+00,1.788854381999831711e+00,2.906888370749726391e+00,1.341640786499873839e+00,1.118033988749894903e+00,4.472135954999579277e-01,6.708203932499369193e-01,-1.341640786499873839e+00,-1.565247584249852775e+00,-1.118033988749894903e+00,-2.236067977499789805e+00,-4.472135954999579610e+00,-4.919349550499537038e+00,-4.695742752749557880e+00,-3.577708763999663422e+00,-4.248529157249600452e+00,-2.012461179749810647e+00,8.944271909999158554e-01,4.472135954999579277e-01,1.788854381999831711e+00,1.565247584249852775e+00,1.341640786499873839e+00,1.341640786499873839e+00,-2.236067977499789639e-01,0.000000000000000000e+00,0.000000000000000000e+00,2.236067977499789805e+00,3.577708763999663422e+00,2.906888370749726391e+00,2.459674775249768519e+00,2.012461179749810647e+00,2.236067977499789805e+00,1.565247584249852775e+00,1.118033988749894903e+00,2.683281572999747677e+00,3.801315561749642136e+00,2.906888370749726391e+00,2.683281572999747677e+00,3.354101966249684263e+00,3.801315561749642136e+00
1.341640786499873839e+00,6.708203932499369193e-01,-4.472135954999579277e-01,1.341640786499873839e+00,6.708203932499369193e-01,2.236067977499789805e+00,2.236067977499789805e+00,2.906888370749726391e+00,2.683281572999747677e+00,2.683281572999747677e+00,2.236067977499789639e-01,-6.708203932499369193e-01,-1.341640786499873839e+00,-8.944271909999158554e-01,8.944271909999158554e-01,1.565247584249852775e+00,6.037383539249431941e+00,5.142956348249516196e+00,4.248529157249600452e+00,2.012461179749810647e+00,6.708203932499369193e-01,-2.236067977499789805e+00,-2.459674775249768519e+00,-3.577708763999663422e+00,-4.024922359499621294e+00,-3.801315561749642136e+00,-6.037383539249431941e+00,-6.484597134749389369e+00,-4.919349550499537038e+00,-5.142956348249516196e+00,-5.142956348249516196e+00,-4.024922359499621294e+00,-3.801315561749642136e+00,-3.354101966249684263e+00,-3.801315561749642136e+00,-2.906888370749726391e+00,-3.577708763999663422e+00,-3.577708763999663422e+00,-3.801315561749642136e+00,-5.142956348249516196e+00,-2.459674775249768519e+00,-2.683281572999747677e+00,-1.788854381999831711e+00,2.236067977499789639e-01,8.944271909999158554e-01,-1.788854381999831711e+00,-2.236067977499789805e+00,-3.130495168499705549e+00,-2.236067977499789805e+00,-3.577708763999663422e+00,-2.012461179749810647e+00,-2.906888370749726391e+00,-2.236067977499789805e+00,-2.906888370749726391e+00,-3.577708763999663422e+00,-2.683281572999747677e+00,-3.801315561749642136e+00,-4.472135954999579610e+00,-2.459674775249768519e+00,-1.341640786499873839e+00,-3.130495168499705549e+00,-4.024922359499621294e+00,-3.354101966249684263e+00,-2.459674775249768519e+00,0.000000000000000000e+00,2.459674775249768519e+00,1.118033988749894903e+00,1.341640786499873839e+00,2.236067977499789639e-01,1.565247584249852775e+00,6.708203932499369193e-01,2.012461179749810647e+00,4.472135954999579277e-01,-2.683281572999747677e+00,2.236067977499789639e-01,1.565247584249852775e+00,2.236067977499789639e-01,-4.472135954999579277e-01,1.341640786499873839e+00,3.354101966249684263e+00,1.788854381999831711e+00,-2.236067977499789639e-01,-4.472135954999579277e-01,-8.944271909999158554e-01,-2.236067977499789639e-01,8.944271909999158554e-01,0.000000000000000000e+00,-6.708203932499369193e-01,0.000000000000000000e+00,6.708203932499369193e-01,4.472135954999579277e-01,1.341640786499873839e+00,-6.708203932499369193e-01,-8.944271909999158554e-01,-1.565247584249852775e+00,-3.577708763999663422e+00,-3.577708763999663422e+00,-4.472135954999579610e+00,-4.248529157249600452e+00,-5.142956348249516196e+00,-5.142956348249516196e+00,-3.354101966249684263e+00,-2.906888370749726391e+00,-1.788854381999831711e+00,-2.012461179749810647e+00,-4.695742752749557880e+00,-6.708203932499368527e+00,-5.813776741499452783e+00,-4.695742752749557880e+00,-4.024922359499621294e+00,-5.590169943749473624e+00,-5.813776741499452783e+00,-4.919349550499537038e+00,-3.130495168499705549e+00,-4.695742752749557880e+00,-4.919349550499537038e+00,-4.695742752749557880e+00,-3.130495168499705549e+00,-1.565247584249852775e+00,-2.906888370749726391e+00,-3.130495168499705549e+00,-3.801315561749642136e+00,-3.130495168499705549e+00,-3.354101966249684263e+00,-1.788854381999831711e+00,-8.944271909999158554e-01,-6.708203932499369193e-01,-2.459674775249768519e+00,-2.012461179749810647e+00,-2.236067977499789805e+00,-2.012461179749810647e+00,-4.472135954999579277e-01,-1.565247584249852775e+00,-8.944271909999158554e-01,-1.565247584249852775e+00,1.118033988749894903e+00,2.236067977499789805e+00,3.130495168499705549e+00,4.695742752749557880e+00,5.142956348249516196e+00,5.142956348249516196e+00,4.248529157249600452e+00,3.801315561749642136e+00,3.577708763999663422e+00,1.341640786499873839e+00,1.341640786499873839e+00,2.236067977499789805e+00,2.683281572999747677e+00,3.354101966249684263e+00,2.012461179749810647e+00,3.801315561749642136e+00,1.788854381999831711e+00,1.118033988749894903e+00,1.341640786499873839e+00,-2.236067977499789639e-01,-6.708203932499369193e-01,2.236067977499789639e-01,1.118033988749894903e+00,1.788854381999831711e+00,2.012461179749810647e+00,2.236067977499789805e+00,1.118033988749894903e+00,1.788854381999831711e+00,2.012461179749810647e+00,8.944271909999158554e-01,2.012461179749810647e+00,2.236067977499789805e+00,3.577708763999663422e+00,1.341640786499873839e+00,3.354101966249684263e+00,3.130495168499705549e+00,2.683281572999747677e+00,1.788854381999831711e+00,3.130495168499705549e+00,0.000000000000000000e+00,-1.341640786499873839e+00,-6.708203932499369193e-01,8.944271909999158554e-01,8.944271909999158554e-01,3.801315561749642136e+00,5.366563145999495354e+00,4.248529157249600452e+00,4.248529157249600452e+00,3.130495168499705549e+00,2.236067977499789805e+00,2.236067977499789805e+00,1.565247584249852775e+00,1.341640786499873839e+00,1.788854381999831711e+00,1.565247584249852775e+00,2.459674775249768519e+00,2.459674775249768519e+00,1.565247584249852775e+00,2.236067977499789805e+00,2.236067977499789639e-01,2.459674775249768519e+00,3.130495168499705549e+00,2.459674775249768519e+00,6.708203932499369193e-01,3.130495168499705549e+00,2.236067977499789805e+00,3.577708763999663422e+00,3.801315561749642136e+00,3.130495168499705549e+00,3.130495168499705549e+00,2.459674775249768519e+00,3.801315561749642136e+00,4.472135954999579610e+00,1.788854381999831711e+00,2.236067977499789805e+00,4.024922359499621294e+00,2.906888370749726391e+00,4.248529157249600452e+00,3.354101966249684263e+00,4.919349550499537038e+00,5.142956348249516196e+00,5.366563145999495354e+00,2.683281572999747677e+00,2.236067977499789805e+00,2.236067977499789805e+00,3.801315561749642136e+00,5.142956348249516196e+00,4.248529157249600452e+00,3.577708763999663422e+00,2.459674775249768519e+00,2.459674775249768519e+00,3.354101966249684263e+00,8.944271909999158554e-01,1.341640786499873839e+00,-2.236067977499789639e-01,-3.577708763999663422e+00,-3.577708763999663422e+00,-2.683281572999747677e+00,-1.565247584249852775e+00,-1.788854381999831711e+00,-2.906888370749726391e+00,-2.012461179749810647e+00,-1.341640786499873839e+00,-1.341640786499873839e+00,6.708203932499369193e-01,-4.472135954999579277e-01,-2.236067977499789639e-01,8.944271909999158554e-01,-2.236067977499789639e-01,-1.341640786499873839e+00,-1.118033988749894903e+00,-2.236067977499789639e-01,1.118033988749894903e+00,2.012461179749810647e+00,4.024922359499621294e+00,4.919349550499537038e+00,5.590169943749473624e+00,4.472135954999579610e+00,5.366563145999495354e+00,5.813776741499452783e+00,6.931810730249347685e+00,7.602631123499284271e+00,7.826237921249263430e+00,6.931810730249347685e+00,6.931810730249347685e+00,5.142956348249516196e+00,5.366563145999495354e+00,6.708203932499368527e+00,5.590169943749473624e+00,4.472135954999579610e+00,2.012461179749810647e+00,2.012461179749810647e+00,4.024922359499621294e+00,3.354101966249684263e+00,2.459674775249768519e+00,3.801315561749642136e+00,4.024922359499621294e+00,2.459674775249768519e+00,3.577708763999663422e+00,3.801315561749642136e+00,2.459674775249768519e+00,1.118033988749894903e+00,0.000000000000000000e+00,0.000000000000000000e+00,-4.472135954999579277e-01,1.341640786499873839e+00,0.000000000000000000e+00,-4.472135954999579277e-01,-2.012461179749810647e+00,-2.012461179749810647e+00,-2.236067977499789805e+00,-6.708203932499369193e-01,8.944271909999158554e-01,1.788854381999831711e+00,1.788854381999831711e+00,4.472135954999579277e-01,-2.012461179749810647e+00,-3.130495168499705549e+00,-2.012461179749810647e+00,-2.906888370749726391e+00,-1.118033988749894903e+00,-2.906888370749726391e+00,-4.472135954999579610e+00,-3.577708763999663422e+00,-3.354101966249684263e+00,-4.695742752749557880e+00,-2.906888370749726391e+00,-3.801315561749642136e+00,-4.024922359499621294e+00,-2.459674775249768519e+00,-1.341640786499873839e+00,-2.683281572999747677e+00,-2.459674775249768519e+00,-6.708203932499369193e-01,-4.472135954999579277e-01,1.118033988749894903e+00,-6.708203932499369193e-01,-6.708203932499369193e-01,2.236067977499789639e-01,-8.944271909999158554e-01,1.118033988749894903e+00,1.341640786499873839e+00,4.472135954999579277e-01,6.708203932499369193e-01,3.354101966249684263e+00,5.813776741499452783e+00,6.484597134749389369e+00,5.813776741499452783e+00,5.590169943749473624e+00,5.813776741499452783e+00,6.484597134749389369e+00,6.708203932499368527e+00,4.919349550499537038e+00,4.248529157249600452e+00,3.577708763999663422e+00,1.341640786499873839e+00,8.944271909999158554e-01,1.565247584249852775e+00,-6.708203932499369193e-01,-6.708203932499369193e-01,-1.341640786499873839e+00,1.118033988749894903e+00,0.000000000000000000e+00,-6.708203932499369193e-01,6.708203932499369193e-01,-6.708203932499369193e-01,-2.012461179749810647e+00,-1.788854381999831711e+00,-1.788854381999831711e+00,-2.683281572999747677e+00,-2.683281572999747677e+00,-8.944271909999158554e-01,-1.565247584249852775e+00,-2.236067977499789805e+00,-2.236067977499789805e+00,-6.708203932499369193e-01,4.472135954999579277e-01,1.341640786499873839e+00,8.944271909999158554e-01,2.906888370749726391e+00,4.919349550499537038e+00,4.919349550499537038e+00,4.919349550499537038e+00,6.484597134749389369e+00,5.366563145999495354e+00,5.366563145999495354e+00,3.354101966249684263e+00,1.341640786499873839e+00,8.944271909999158554e-01,2.906888370749726391e+00,3.577708763999663422e+00,3.577708763999663422e+00,2.683281572999747677e+00,5.366563145999495354e+00,6.037383539249431941e+00,6.708203932499368527e+00,5.590169943749473624e+00,3.130495168499705549e+00,4.248529157249600452e+00,5.142956348249516196e+00,5.366563145999495354e+00,6.260990336999411099e+00,6.260990336999411099e+00,6.484597134749389369e+00,3.354101966249684263e+00,3.354101966249684263e+00,3.577708763999663422e+00,3.130495168499705549e+00,2.236067977499789805e+00,5.142956348249516196e+00,4.248529157249600452e+00,2.236067977499789805e+00,2.012461179749810647e+00,2.683281572999747677e+00,3.130495168499705549e+00,2.236067977499789805e+00,2.236067977499789805e+00,2.236067977499789805e+00,3.130495168499705549e+00,4.472135954999579610e+00,3.577708763999663422e+00,3.130495168499705549e+00,2.236067977499789805e+00,0.000000000000000000e+00,8.944271909999158554e-01,-6.708203932499369193e-01,-2.236067977499789639e-01,4.472135954999579277e-01,-2.012461179749810647e+00,-2.012461179749810647e+00,-2.683281572999747677e+00,-2.906888370749726391e+00,-3.130495168499705549e+00,-2.236067977499789805e+00,-1.565247584249852775e+00,-2.236067977499789639e-01,-4.472135954999579277e-01,0.000000000000000000e+00,1.565247584249852775e+00,2.459674775249768519e+00,2.459674775249768519e+00,1.341640786499873839e+00,2.236067977499789805e+00,3.354101966249684263e+00,1.788854381999831711e+00,-2.236067977499789639e-01,2.012461179749810647e+00,1.565247584249852775e+00,2.459674775249768519e+00,-2.236067977499789639e-01,-2.012461179749810647e+00,-1.565247584249852775e+00,1.118033988749894903e+00,-1.341640786499873839e+00,-4.472135954999579277e-01,1.118033988749894903e+00,6.708203932499369193e-01,3.354101966249684263e+00,8.944271909999158554e-01,2.236067977499789639e-01,-6.708203932499369193e-01,1.565247584249852775e+00,1.341640786499873839e+00,2.012461179749810647e+00,4.472135954999579277e-01,-2.236067977499789639e-01,2.236067977499789639e-01,2.236067977499789639e-01,1.341640786499873839e+00,6.708203932499369193e-01,-1.118033988749894903e+00,-1.565247584249852775e+00,-3.801315561749642136e+00,-4.472135954999579610e+00,-5.366563145999495354e+00,-5.590169943749473624e+00,-2.906888370749726391e+00,-3.130495168499705549e+00,-4.472135954999579610e+00,-4.024922359499621294e+00,-4.919349550499537038e+00,-5.813776741499452783e+00,-3.577708763999663422e+00,-4.695742752749557880e+00,-2.683281572999747677e+00,-3.354101966249684263e+00,-4.024922359499621294e+00,-2.236067977499789805e+00,-3.130495168499705549e+00,-3.354101966249684263e+00,-1.788854381999831711e+00,-1.565247584249852775e+00,-1.788854381999831711e+00,-2.012461179749810647e+00,-3.354101966249684263e+00,-2.236067977499789639e-01,-1.341640786499873839e+00,4.472135954999579277e-01,-1.565247584249852775e+00,-6.708203932499369193e-01,-1.118033988749894903e+00,-2.683281572999747677e+00,-3.577708763999663422e+00,-2.683281572999747677e+00,-4.472135954999579610e+00,-3.354101966249684263e+00,-3.577708763999663422e+00,-6.037383539249431941e+00,-6.931810730249347685e+00,-7.379024325749306001e+00,-7.826237921249263430e+00,-8.049844718999242588e+00,-8.273451516749220858e+00,-7.155417527999326843e+00,-5.813776741499452783e+00,-5.590169943749473624e+00,-4.695742752749557880e+00,-5.142956348249516196e+00,-5.142956348249516196e+00,-3.577708763999663422e+00,-2.459674775249768519e+00,-2.012461179749810647e+00,-1.565247584249852775e+00,-1.341640786499873839e+00,-1.118033988749894903e+00
-4.248529157249600452e+00,-3.130495168499705549e+00,-4.472135954999579610e+00,-4.024922359499621294e+00,-4.024922359499621294e+00,-2.683281572999747677e+00,-4.472135954999579610e+00,-4.919349550499537038e+00,-6.931810730249347685e+00,-8.720665112249179174e+00,-7.155417527999326843e+00,-7.155417527999326843e+00,-4.472135954999579610e+00,-6.708203932499369193e-01,-2.236067977499789805e+00,-6.708203932499369193e-01,-1.565247584249852775e+00,-3.354101966249684263e+00,-3.801315561749642136e+00,-2.906888370749726391e+00,-2.683281572999747677e+00,-1.341640786499873839e+00,-1.341640786499873839e+00,-2.906888370749726391e+00,-1.118033988749894903e+00,-1.341640786499873839e+00,-2.236067977499789805e+00,-3.130495168499705549e+00,-1.565247584249852775e+00,-6.708203932499369193e-01,-2.236067977499789805e+00,-1.118033988749894903e+00,4.472135954999579277e-01,4.472135954999579277e-01,-4.472135954999579277e-01,-4.472135954999579277e-01,2.236067977499789639e-01,2.012461179749810647e+00,1.788854381999831711e+00,2.459674775249768519e+00,2.459674775249768519e+00,6.708203932499369193e-01,8.944271909999158554e-01,2.683281572999747677e+00,2.459674775249768519e+00,2.683281572999747677e+00,1.341640786499873839e+00,8.944271909999158554e-01,1.118033988749894903e+00,2.236067977499789805e+00,1.788854381999831711e+00,2.906888370749726391e+00,4.024922359499621294e+00,3.577708763999663422e+00,3.801315561749642136e+00,3.801315561749642136e+00,2.459674775249768519e+00,2.236067977499789805e+00,1.341640786499873839e+00,0.000000000000000000e+00,-4.472135954999579277e-01,1.341640786499873839e+00,0.000000000000000000e+00,8.944271909999158554e-01,-6.708203932499369193e-01,-2.236067977499789639e-01,-8.944271909999158554e-01,8.944271909999158554e-01,1.118033988749894903e+00,-4.472135954999579277e-01,-8.944271909999158554e-01,-6.708203932499369193e-01,-1.118033988749894903e+00,-1.565247584249852775e+00,-4.472135954999579277e-01,2.236067977499789639e-01,-2.236067977499789639e-01,4.472135954999579277e-01,4.472135954999579277e-01,-1.118033988749894903e+00,4.472135954999579277e-01,8.944271909999158554e-01,1.341640786499873839e+00,4.472135954999579277e-01,1.118033988749894903e+00,2.236067977499789639e-01,6.708203932499369193e-01,1.565247584249852775e+00,6.708203932499369193e-01,-2.236067977499789639e-01,-1.565247584249852775e+00,-2.683281572999747677e+00,-2.683281572999747677e+00,-6.708203932499369193e-01,-8.944271909999158554e-01,-8.944271909999158554e-01,-1.788854381999831711e+00,-2.012461179749810647e+00,-4.472135954999579277e-01,4.472135954999579277e-01,-6.708203932499369193e-01,2.236067977499789639e-01,-4.472135954999579277e-01,-1.118033988749894903e+00,8.944271909999158554e-01,-8.944271909999158554e-01,-2.236067977499789639e-01,-8.944271909999158554e-01,-1.788854381999831711e+00,-1.788854381999831711e+00,-4.472135954999579277e-01,-8.944271909999158554e-01,-1.788854381999831711e+00,-1.565247584249852775e+00,-1.565247584249852775e+00,-1.341640786499873839e+00,-1.341640786499873839e+00,-2.459674775249768519e+00,-1.565247584249852775e+00,-1.788854381999831711e+00,-2.236067977499789639e-01,-3.577708763999663422e+00,-5.590169943749473624e+00,-6.931810730249347685e+00,-6.260990336999411099e+00,-5.142956348249516196e+00,-6.260990336999411099e+00,-5.366563145999495354e+00,-2.683281572999747677e+00,-3.354101966249684263e+00,-3.130495168499705549e+00,-2.906888370749726391e+00,-3.577708763999663422e+00,-3.801315561749642136e+00,-2.012461179749810647e+00,-2.236067977499789805e+00,-3.801315561749642136e+00,-6.037383539249431941e+00,-5.813776741499452783e+00,-5.813776741499452783e+00,-4.024922359499621294e+00,-3.801315561749642136e+00,-2.683281572999747677e+00,-4.024922359499621294e+00,-4.024922359499621294e+00,-5.813776741499452783e+00,-3.354101966249684263e+00,-3.354101966249684263e+00,-2.683281572999747677e+00,-3.130495168499705549e+00,-3.354101966249684263e+00,-2.459674775249768519e+00,-1.788854381999831711e+00,-1.118033988749894903e+00,-2.459674775249768519e+00,-1.565247584249852775e+00,-6.708203932499369193e-01,-2.236067977499789639e-01,1.565247584249852775e+00,4.472135954999579277e-01,0.000000000000000000e+00,1.788854381999831711e+00,1.565247584249852775e+00,1.565247584249852775e+00,2.236067977499789639e-01,-4.472135954999579277e-01,-6.708203932499369193e-01,-1.341640786499873839e+00,-1.118033988749894903e+00,-6.708203932499369193e-01,-2.236067977499789639e-01,6.708203932499369193e-01,-8.944271909999158554e-01,2.236067977499789639e-01,8.944271909999158554e-01,1.565247584249852775e+00,2.459674775249768519e+00,4.472135954999579277e-01,4.472135954999579277e-01,-1.118033988749894903e+00,0.000000000000000000e+00,-1.565247584249852775e+00,-4.472135954999579277e-01,-4.472135954999579277e-01,-4.472135954999579277e-01,4.472135954999579277e-01,2.012461179749810647e+00,1.118033988749894903e+00,-8.944271909999158554e-01,2.236067977499789639e-01,4.472135954999579277e-01,-4.472135954999579277e-01,-4.472135954999579277e-01,-2.236067977499789639e-01,-2.012461179749810647e+00,-3.801315561749642136e+00,6.708203932499369193e-01,2.012461179749810647e+00,1.118033988749894903e+00,0.000000000000000000e+00,-6.708203932499369193e-01,-2.236067977499789639e-01,-4.472135954999579277e-01,-1.341640786499873839e+00,-1.565247584249852775e+00,-2.236067977499789805e+00,-1.788854381999831711e+00,-2.906888370749726391e+00,-2.012461179749810647e+00,-1.788854381999831711e+00,-4.472135954999579277e-01,4.472135954999579277e-01,1.565247584249852775e+00,4.472135954999579277e-01,1.341640786499873839e+00,1.788854381999831711e+00,8.944271909999158554e-01,2.459674775249768519e+00,2.683281572999747677e+00,0.000000000000000000e+00,4.472135954999579277e-01,-2.236067977499789639e-01,0.000000000000000000e+00,6.708203932499369193e-01,4.472135954999579277e-01,6.708203932499369193e-01,-1.118033988749894903e+00,-4.472135954999579277e-01,6.708203932499369193e-01,2.236067977499789639e-01,1.341640786499873839e+00,2.236067977499789639e-01,-1.341640786499873839e+00,-8.944271909999158554e-01,-1.118033988749894903e+00,-2.459674775249768519e+00,-2.236067977499789805e+00,-6.037383539249431941e+00,-7.155417527999326843e+00,-6.484597134749389369e+00,-7.602631123499284271e+00,-6.260990336999411099e+00,-4.919349550499537038e+00,-2.683281572999747677e+00,-2.906888370749726391e+00,-1.565247584249852775e+00,-2.236067977499789805e+00,-1.565247584249852775e+00,-2.012461179749810647e+00,-4.248529157249600452e+00,-5.142956348249516196e+00,-6.931810730249347685e+00,-8.049844718999242588e+00,-7.379024325749306001e+00,-7.379024325749306001e+00,-8.497058314499200904e+00,-7.826237921249263430e+00,-8.720665112249179174e+00,-7.155417527999326843e+00,-7.826237921249263430e+00,-5.590169943749473624e+00,-4.248529157249600452e+00,-3.130495168499705549e+00,-3.354101966249684263e+00,-2.459674775249768519e+00,-3.801315561749642136e+00,-4.024922359499621294e+00,-2.906888370749726391e+00,-8.944271909999158554e-01,6.708203932499369193e-01,1.118033988749894903e+00,6.708203932499369193e-01,1.118033988749894903e+00,-2.236067977499789639e-01,6.708203932499369193e-01,2.012461179749810647e+00,8.944271909999158554e-01,0.000000000000000000e+00,-1.788854381999831711e+00,-2.683281572999747677e+00,-3.577708763999663422e+00,-3.801315561749642136e+00,-5.142956348249516196e+00,-6.037383539249431941e+00,-3.354101966249684263e+00,-4.472135954999579610e+00,-4.248529157249600452e+00,-4.919349550499537038e+00,-4.919349550499537038e+00,-5.142956348249516196e+00,-3.577708763999663422e+00,-4.024922359499621294e+00,-5.366563145999495354e+00,-4.919349550499537038e+00,-4.024922359499621294e+00,-4.248529157249600452e+00,-5.813776741499452783e+00,-4.472135954999579610e+00,-4.695742752749557880e+00,-2.906888370749726391e+00,-2.459674775249768519e+00,-2.683281572999747677e+00,-3.801315561749642136e+00,-4.024922359499621294e+00,-4.024922359499621294e+00,-2.236067977499789805e+00,-3.577708763999663422e+00,-3.801315561749642136e+00,-5.142956348249516196e+00,-3.577708763999663422e+00,-4.472135954999579610e+00,-4.472135954999579610e+00,-4.472135954999579610e+00,-2.683281572999747677e+00,-1.118033988749894903e+00,-1.788854381999831711e+00,-1.341640786499873839e+00,-1.788854381999831711e+00,-2.459674775249768519e+00,-1.565247584249852775e+00,-2.459674775249768519e+00,-2.236067977499789805e+00,-1.118033988749894903e+00,-8.944271909999158554e-01,-1.788854381999831711e+00,-1.565247584249852775e+00,-8.944271909999158554e-01,-2.012461179749810647e+00,-1.341640786499873839e+00,8.944271909999158554e-01,6.708203932499369193e-01,1.788854381999831711e+00,1.788854381999831711e+00,1.788854381999831711e+00,4.472135954999579277e-01,4.472135954999579277e-01,2.236067977499789805e+00,2.683281572999747677e+00,2.683281572999747677e+00,1.341640786499873839e+00,1.788854381999831711e+00,2.236067977499789639e-01,4.472135954999579277e-01,-8.944271909999158554e-01,6.708203932499369193e-01,-4.472135954999579277e-01,-2.012461179749810647e+00,-8.944271909999158554e-01,-1.788854381999831711e+00,-3.130495168499705549e+00,-1.788854381999831711e+00,-2.459674775249768519e+00,-1.788854381999831711e+00,-2.459674775249768519e+00,-3.354101966249684263e+00,-2.683281572999747677e+00,-2.236067977499789639e-01,-1.788854381999831711e+00,-1.118033988749894903e+00,-3.801315561749642136e+00,-4.248529157249600452e+00,-4.024922359499621294e+00,-6.708203932499369193e-01,-4.024922359499621294e+00,-4.248529157249600452e+00,-1.788854381999831711e+00,-1.788854381999831711e+00,-2.236067977499789805e+00,-2.012461179749810647e+00,-3.577708763999663422e+00,-3.354101966249684263e+00,-3.577708763999663422e+00,-2.459674775249768519e+00,-2.236067977499789805e+00,-2.012461179749810647e+00,-4.695742752749557880e+00,-3.577708763999663422e+00,-4.024922359499621294e+00,-3.577708763999663422e+00,-2.683281572999747677e+00,0.000000000000000000e+00,1.341640786499873839e+00,-4.472135954999579277e-01,-1.341640786499873839e+00,-6.708203932499369193e-01,-1.118033988749894903e+00,-1.565247584249852775e+00,-6.708203932499369193e-01,-3.354101966249684263e+00,-3.801315561749642136e+00,-2.236067977499789805e+00,-8.944271909999158554e-01,2.236067977499789639e-01,-2.236067977499789639e-01,2.236067977499789639e-01,6.708203932499369193e-01,2.012461179749810647e+00,2.012461179749810647e+00,3.354101966249684263e+00,5.590169943749473624e+00,4.248529157249600452e+00,3.801315561749642136e+00,4.248529157249600452e+00,3.801315561749642136e+00,2.906888370749726391e+00,2.236067977499789805e+00,1.341640786499873839e+00,1.341640786499873839e+00,0.000000000000000000e+00,2.236067977499789639e-01,-2.236067977499789639e-01,1.565247584249852775e+00,2.236067977499789805e+00,6.037383539249431941e+00,5.142956348249516196e+00,4.695742752749557880e+00,3.801315561749642136e+00,3.801315561749642136e+00,2.012461179749810647e+00,2.906888370749726391e+00,2.459674775249768519e+00,2.906888370749726391e+00,3.130495168499705549e+00,2.459674775249768519e+00,2.683281572999747677e+00,3.577708763999663422e+00,1.565247584249852775e+00,3.354101966249684263e+00,8.944271909999158554e-01,2.012461179749810647e+00,0.000000000000000000e+00,-6.708203932499369193e-01,-6.708203932499369193e-01,-4.472135954999579277e-01,-2.236067977499789805e+00,-2.236067977499789805e+00,-2.683281572999747677e+00,-2.012461179749810647e+00,-2.236067977499789639e-01,-6.708203932499369193e-01,-1.788854381999831711e+00,-1.565247584249852775e+00,-1.565247584249852775e+00,-3.577708763999663422e+00,-4.695742752749557880e+00,-4.919349550499537038e+00,-3.354101966249684263e+00,-3.801315561749642136e+00,-2.683281572999747677e+00,-3.801315561749642136e+00,-3.130495168499705549e+00,-1.565247584249852775e+00,-1.565247584249852775e+00,-6.708203932499369193e-01,-2.012461179749810647e+00,-2.236067977499789805e+00,-2.459674775249768519e+00,-1.788854381999831711e+00,-1.118033988749894903e+00,-1.565247584249852775e+00,-2.236067977499789805e+00,-2.459674775249768519e+00,-2.236067977499789805e+00,-6.708203932499369193e-01,-8.944271909999158554e-01,-1.565247584249852775e+00,-3.354101966249684263e+00,-3.801315561749642136e+00,-4.472135954999579610e+00,-5.142956348249516196e+00,-6.260990336999411099e+00,-6.931810730249347685e+00,-6.037383539249431941e+00,-6.037383539249431941e+00,-4.919349550499537038e+00,-3.354101966249684263e+00,-2.236067977499789805e+00,-2.683281572999747677e+00,-3.801315561749642136e+00,-2.459674775249768519e+00,-3.354101966249684263e+00,-1.788854381999831711e+00,-1.788854381999831711e+00,-1.788854381999831711e+00,-2.012461179749810647e+00,-8.944271909999158554e-01,-2.236067977499789805e+00,-2.236067977499789805e+00,-2.012461179749810647e+00,-1.118033988749894903e+00,1.118033988749894903e+00,2.236067977499789805e+00,4.024922359499621294e+00,1.788854381999831711e+00,2.683281572999747677e+00,4.248529157249600452e+00,4.024922359499621294e+00,5.813776741499452783e+00,4.695742752749557880e+00,5.590169943749473624e+00
-1.341640786499873839e+00,-8.944271909999158554e-01,-2.236067977499789639e-01,8.944271909999158554e-01,2.236067977499789805e+00,1.788854381999831711e+00,2.683281572999747677e+00,2.459674775249768519e+00,4.472135954999579610e+00,3.801315561749642136e+00,3.577708763999663422e+00,5.142956348249516196e+00,3.801315561749642136e+00,3.354101966249684263e+00,4.472135954999579610e+00,4.472135954999579610e+00,6.037383539249431941e+00,6.037383539249431941e+00,3.801315561749642136e+00,4.472135954999579610e+00,4.024922359499621294e+00,5.366563145999495354e+00,5.813776741499452783e+00,5.590169943749473624e+00,6.037383539249431941e+00,6.931810730249347685e+00,7.379024325749306001e+00,5.366563145999495354e+00,3.130495168499705549e+00,2.906888370749726391e+00,3.130495168499705549e+00,2.683281572999747677e+00,3.130495168499705549e+00,1.118033988749894903e+00,2.459674775249768519e+00,-4.472135954999579277e-01,1.341640786499873839e+00,4.472135954999579277e-01,-8.944271909999158554e-01,-2.236067977499789639e-01,1.118033988749894903e+00,1.341640786499873839e+00,1.565247584249852775e+00,1.788854381999831711e+00,-4.472135954999579277e-01,6.708203932499369193e-01,-8.944271909999158554e-01,1.788854381999831711e+00,2.459674775249768519e+00,2.012461179749810647e+00,2.236067977499789805e+00,1.788854381999831711e+00,1.788854381999831711e+00,-2.236067977499789639e-01,-6.708203932499369193e-01,1.565247584249852775e+00,1.565247584249852775e+00,3.130495168499705549e+00,2.683281572999747677e+00,2.012461179749810647e+00,3.801315561749642136e+00,2.683281572999747677e+00,2.683281572999747677e+00,1.341640786499873839e+00,1.341640786499873839e+00,1.788854381999831711e+00,3.354101966249684263e+00,4.919349550499537038e+00,3.577708763999663422e+00,4.695742752749557880e+00,3.577708763999663422e+00,1.788854381999831711e+00,2.906888370749726391e+00,2.236067977499789805e+00,2.683281572999747677e+00,4.248529157249600452e+00,4.919349550499537038e+00,6.037383539249431941e+00,3.801315561749642136e+00,4.695742752749557880e+00,3.354101966249684263e+00,2.012461179749810647e+00,8.944271909999158554e-01,2.236067977499789639e-01,1.565247584249852775e+00,1.788854381999831711e+00,1.565247584249852775e+00,-2.236067977499789639e-01,6.708203932499369193e-01,2.236067977499789805e+00,8.944271909999158554e-01,2.236067977499789805e+00,1.788854381999831711e+00,1.118033988749894903e+00,-2.236067977499789639e-01,4.472135954999579277e-01,-4.472135954999579277e-01,-1.565247584249852775e+00,-3.354101966249684263e+00,-3.801315561749642136e+00,-4.248529157249600452e+00,-2.236067977499789805e+00,-1.565247584249852775e+00,-3.130495168499705549e+00,-3.577708763999663422e+00,-4.472135954999579610e+00,-3.577708763999663422e+00,-4.024922359499621294e+00,-4.248529157249600452e+00,-3.577708763999663422e+00,-4.248529157249600452e+00,-3.354101966249684263e+00,-2.906888370749726391e+00,-3.577708763999663422e+00,-2.683281572999747677e+00,-3.354101966249684263e+00,-2.012461179749810647e+00,-4.472135954999579610e+00,-5.366563145999495354e+00,-4.919349550499537038e+00,-5.142956348249516196e+00,-4.919349550499537038e+00,-2.012461179749810647e+00,-2.012461179749810647e+00,-3.130495168499705549e+00,-1.565247584249852775e+00,-1.341640786499873839e+00,-1.118033988749894903e+00,-8.944271909999158554e-01,-1.341640786499873839e+00,-2.459674775249768519e+00,-3.577708763999663422e+00,-4.024922359499621294e+00,-2.459674775249768519e+00,-4.024922359499621294e+00,-4.919349550499537038e+00,-2.683281572999747677e+00,-2.459674775249768519e+00,-4.695742752749557880e+00,-5.142956348249516196e+00,-4.248529157249600452e+00,-4.472135954999579610e+00,-4.472135954999579610e+00,-3.130495168499705549e+00,-2.459674775249768519e+00,-2.459674775249768519e+00,-2.236067977499789805e+00,-1.341640786499873839e+00,1.341640786499873839e+00,6.708203932499369193e-01,2.459674775249768519e+00,1.565247584249852775e+00,2.236067977499789805e+00,2.236067977499789805e+00,1.341640786499873839e+00,-2.236067977499789805e+00,-1.118033988749894903e+00,-2.012461179749810647e+00,-1.565247584249852775e+00,-2.236067977499789639e-01,4.472135954999579277e-01,-1.118033988749894903e+00,8.944271909999158554e-01,2.683281572999747677e+00,2.236067977499789805e+00,3.354101966249684263e+00,4.472135954999579610e+00,5.813776741499452783e+00,6.260990336999411099e+00,6.037383539249431941e+00,5.142956348249516196e+00,4.472135954999579610e+00,4.248529157249600452e+00,5.366563145999495354e+00,1.788854381999831711e+00,1.565247584249852775e+00,1.341640786499873839e+00,2.906888370749726391e+00,2.459674775249768519e+00,4.472135954999579277e-01,1.341640786499873839e+00,2.236067977499789639e-01,4.472135954999579277e-01,-2.236067977499789639e-01,8.944271909999158554e-01,-8.944271909999158554e-01,2.236067977499789639e-01,4.472135954999579277e-01,0.000000000000000000e+00,-2.012461179749810647e+00,-1.341640786499873839e+00,-1.341640786499873839e+00,2.236067977499789639e-01,-1.118033988749894903e+00,-2.012461179749810647e+00,-2.459674775249768519e+00,-2.459674775249768519e+00,-1.118033988749894903e+00,-1.341640786499873839e+00,-3.577708763999663422e+00,-4.024922359499621294e+00,-5.366563145999495354e+00,-5.813776741499452783e+00,-4.919349550499537038e+00,-5.142956348249516196e+00,-4.472135954999579610e+00,-3.801315561749642136e+00,-5.366563145999495354e+00,-6.037383539249431941e+00,-4.024922359499621294e+00,-2.012461179749810647e+00,2.236067977499789639e-01,-2.012461179749810647e+00,-2.012461179749810647e+00,-2.906888370749726391e+00,-3.577708763999663422e+00,-4.472135954999579610e+00,-3.577708763999663422e+00,-2.683281572999747677e+00,-2.459674775249768519e+00,-1.788854381999831711e+00,-2.236067977499789805e+00,-2.012461179749810647e+00,-4.472135954999579277e-01,-1.118033988749894903e+00,-3.354101966249684263e+00,-2.236067977499789805e+00,-1.788854381999831711e+00,-1.788854381999831711e+00,-1.565247584249852775e+00,-1.565247584249852775e+00,-4.472135954999579277e-01,-6.708203932499369193e-01,1.118033988749894903e+00,6.708203932499369193e-01,-6.708203932499369193e-01,-1.118033988749894903e+00,-4.472135954999579277e-01,-2.012461179749810647e+00,-2.906888370749726391e+00,-4.695742752749557880e+00,-4.248529157249600452e+00,-4.472135954999579610e+00,-7.379024325749306001e+00,-8.720665112249179174e+00,-1.028591269649903239e+01,-9.615092303249095806e+00,-1.118033988749894725e+01,-1.073312629199899071e+01,-9.615092303249095806e+00,-1.028591269649903239e+01,-1.095673308974896898e+01,-1.140394668524892730e+01,-9.167878707749137490e+00,-8.273451516749220858e+00,-8.049844718999242588e+00,-8.720665112249179174e+00,-6.708203932499368527e+00,-5.590169943749473624e+00,-4.472135954999579610e+00,-4.248529157249600452e+00,-3.130495168499705549e+00,-3.354101966249684263e+00,-2.906888370749726391e+00,-2.906888370749726391e+00,-2.683281572999747677e+00,-1.341640786499873839e+00,-2.236067977499789805e+00,-2.906888370749726391e+00,-1.341640786499873839e+00,-1.118033988749894903e+00,2.236067977499789639e-01,6.708203932499369193e-01,-8.944271909999158554e-01,2.236067977499789639e-01,-6.708203932499369193e-01,-1.118033988749894903e+00,4.472135954999579277e-01,1.565247584249852775e+00,1.118033988749894903e+00,-1.118033988749894903e+00,-1.565247584249852775e+00,-2.459674775249768519e+00,-3.130495168499705549e+00,-1.118033988749894903e+00,-1.565247584249852775e+00,-4.472135954999579277e-01,-8.944271909999158554e-01,-2.012461179749810647e+00,-4.248529157249600452e+00,-4.248529157249600452e+00,-4.248529157249600452e+00,-3.130495168499705549e+00,-4.472135954999579610e+00,-3.801315561749642136e+00,-2.683281572999747677e+00,-1.788854381999831711e+00,-4.472135954999579610e+00,-2.906888370749726391e+00,-3.130495168499705549e+00,-2.459674775249768519e+00,-2.906888370749726391e+00,-1.341640786499873839e+00,2.236067977499789639e-01,-4.472135954999579277e-01,-1.118033988749894903e+00,-4.024922359499621294e+00,-4.695742752749557880e+00,-5.590169943749473624e+00,-7.379024325749306001e+00,-8.944271909999159220e+00,-8.049844718999242588e+00,-8.497058314499200904e+00,-8.720665112249179174e+00,-8.720665112249179174e+00,-6.931810730249347685e+00,-4.695742752749557880e+00,-4.695742752749557880e+00,-4.024922359499621294e+00,-2.683281572999747677e+00,-1.788854381999831711e+00,-2.906888370749726391e+00,-4.695742752749557880e+00,-5.366563145999495354e+00,-5.366563145999495354e+00,-6.708203932499368527e+00,-5.142956348249516196e+00,-4.472135954999579610e+00,-7.155417527999326843e+00,-4.919349550499537038e+00,-4.472135954999579610e+00,-5.813776741499452783e+00,-3.577708763999663422e+00,-3.801315561749642136e+00,-3.801315561749642136e+00,-3.801315561749642136e+00,-2.906888370749726391e+00,-1.341640786499873839e+00,1.565247584249852775e+00,8.944271909999158554e-01,8.944271909999158554e-01,6.708203932499369193e-01,4.472135954999579277e-01,0.000000000000000000e+00,-6.708203932499369193e-01,-4.472135954999579277e-01,1.341640786499873839e+00,1.565247584249852775e+00,2.906888370749726391e+00,2.683281572999747677e+00,2.012461179749810647e+00,8.944271909999158554e-01,-2.236067977499789639e-01,-2.236067977499789639e-01,-4.472135954999579277e-01,-2.683281572999747677e+00,-2.683281572999747677e+00,-2.683281572999747677e+00,-3.577708763999663422e+00,-5.590169943749473624e+00,-8.049844718999242588e+00,-7.826237921249263430e+00,-8.273451516749220858e+00,-7.155417527999326843e+00,-5.813776741499452783e+00,-6.260990336999411099e+00,-6.708203932499368527e+00,-6.260990336999411099e+00,-6.260990336999411099e+00,-5.590169943749473624e+00,-6.260990336999411099e+00,-6.260990336999411099e+00,-4.919349550499537038e+00,-6.260990336999411099e+00,-5.813776741499452783e+00,-6.260990336999411099e+00,-6.037383539249431941e+00,-4.695742752749557880e+00,-2.906888370749726391e+00,-3.354101966249684263e+00,-4.472135954999579610e+00,-4.919349550499537038e+00,-2.459674775249768519e+00,-2.459674775249768519e+00,-3.577708763999663422e+00,-4.024922359499621294e+00,-4.472135954999579610e+00,-3.801315561749642136e+00,-4.472135954999579610e+00,-2.459674775249768519e+00,-6.708203932499369193e-01,-1.118033988749894903e+00,-4.472135954999579277e-01,-1.341640786499873839e+00,-1.788854381999831711e+00,-6.708203932499369193e-01,-1.118033988749894903e+00,-6.708203932499369193e-01,-1.118033988749894903e+00,-1.341640786499873839e+00,-4.472135954999579277e-01,-8.944271909999158554e-01,2.236067977499789639e-01,-2.236067977499789639e-01,-1.341640786499873839e+00,-1.341640786499873839e+00,-1.565247584249852775e+00,-3.354101966249684263e+00,-2.236067977499789805e+00,-4.248529157249600452e+00,-2.906888370749726391e+00,-1.565247584249852775e+00,-1.565247584249852775e+00,-6.708203932499369193e-01,1.565247584249852775e+00,2.459674775249768519e+00,2.906888370749726391e+00,2.236067977499789639e-01,-2.236067977499789805e+00,-2.012461179749810647e+00,0.000000000000000000e+00,1.788854381999831711e+00,3.130495168499705549e+00,2.459674775249768519e+00,3.801315561749642136e+00,3.354101966249684263e+00,4.472135954999579610e+00,4.024922359499621294e+00,4.919349550499537038e+00,6.037383539249431941e+00,3.354101966249684263e+00,3.354101966249684263e+00,2.683281572999747677e+00,4.248529157249600452e+00,4.695742752749557880e+00,3.577708763999663422e+00,4.024922359499621294e+00,3.354101966249684263e+00,4.919349550499537038e+00,5.813776741499452783e+00,5.366563145999495354e+00,7.379024325749306001e+00,6.484597134749389369e+00,6.484597134749389369e+00,5.813776741499452783e+00,4.248529157249600452e+00,2.459674775249768519e+00,2.459674775249768519e+00,1.565247584249852775e+00,3.801315561749642136e+00,3.577708763999663422e+00,3.354101966249684263e+00,2.236067977499789805e+00,2.459674775249768519e+00,2.459674775249768519e+00,3.801315561749642136e+00,3.801315561749642136e+00,2.906888370749726391e+00,2.906888370749726391e+00,2.459674775249768519e+00,1.788854381999831711e+00,1.565247584249852775e+00,2.236067977499789805e+00,2.012461179749810647e+00,-2.236067977499789639e-01,0.000000000000000000e+00,1.565247584249852775e+00,0.000000000000000000e+00,1.788854381999831711e+00,6.708203932499369193e-01,2.236067977499789639e-01,6.708203932499369193e-01,8.944271909999158554e-01,2.906888370749726391e+00,2.683281572999747677e+00,2.236067977499789805e+00,2.683281572999747677e+00,2.683281572999747677e+00,6.708203932499369193e-01,1.788854381999831711e+00,2.683281572999747677e+00,2.459674775249768519e+00,1.565247584249852775e+00,3.577708763999663422e+00,6.037383539249431941e+00,6.260990336999411099e+00,4.919349550499537038e+00,4.919349550499537038e+00,4.695742752749557880e+00,5.590169943749473624e+00,4.695742752749557880e+00,5.813776741499452783e+00,7.826237921249263430e+00,7.379024325749306001e+00,6.931810730249347685e+00,6.708203932499368527e+00,6.931810730249347685e+00,7.155417527999326843e+00,5.590169943749473624e+00,6.708203932499368527e+00
-2.906888370749726391e+00,-3.801315561749642136e+00,-2.459674775249768519e+00,-1.788854381999831711e+00,-2.236067977499789805e+00,-6.708203932499369193e-01,4.472135954999579277e-01,2.012461179749810647e+00,2.683281572999747677e+00,2.236067977499789805e+00,2.236067977499789805e+00,1.788854381999831711e+00,1.788854381999831711e+00,1.565247584249852775e+00,2.459674775249768519e+00,6.708203932499369193e-01,1.118033988749894903e+00,-8.944271909999158554e-01,-1.565247584249852775e+00,-1.788854381999831711e+00,8.944271909999158554e-01,2.012461179749810647e+00,1.118033988749894903e+00,2.236067977499789805e+00,4.024922359499621294e+00,4.695742752749557880e+00,2.012461179749810647e+00,1.788854381999831711e+00,2.236067977499789805e+00,3.577708763999663422e+00,4.919349550499537038e+00,4.695742752749557880e+00,2.683281572999747677e+00,2.683281572999747677e+00,8.944271909999158554e-01,2.683281572999747677e+00,4.024922359499621294e+00,4.695742752749557880e+00,4.248529157249600452e+00,6.260990336999411099e+00,4.248529157249600452e+00,4.695742752749557880e+00,4.248529157249600452e+00,3.801315561749642136e+00,2.906888370749726391e+00,1.341640786499873839e+00,1.565247584249852775e+00,-6.708203932499369193e-01,2.236067977499789805e+00,2.012461179749810647e+00,1.341640786499873839e+00,1.341640786499873839e+00,-2.236067977499789639e-01,-6.708203932499369193e-01,-1.565247584249852775e+00,-2.683281572999747677e+00,-2.459674775249768519e+00,-2.012461179749810647e+00,-2.459674775249768519e+00,-3.577708763999663422e+00,-2.236067977499789805e+00,-2.459674775249768519e+00,-2.683281572999747677e+00,-3.130495168499705549e+00,-1.341640786499873839e+00,-4.472135954999579277e-01,1.341640786499873839e+00,-8.944271909999158554e-01,0.000000000000000000e+00,-6.708203932499369193e-01,-1.788854381999831711e+00,-1.788854381999831711e+00,-1.118033988749894903e+00,-1.788854381999831711e+00,-3.577708763999663422e+00,-4.472135954999579610e+00,-2.906888370749726391e+00,-2.459674775249768519e+00,-1.788854381999831711e+00,4.472135954999579277e-01,-6.708203932499369193e-01,-2.906888370749726391e+00,-1.341640786499873839e+00,-2.236067977499789639e-01,-1.565247584249852775e+00,-2.012461179749810647e+00,-2.683281572999747677e+00,-2.236067977499789805e+00,-2.906888370749726391e+00,-2.906888370749726391e+00,-2.683281572999747677e+00,-3.577708763999663422e+00,-1.788854381999831711e+00,-8.944271909999158554e-01,-8.944271909999158554e-01,0.000000000000000000e+00,0.000000000000000000e+00,6.708203932499369193e-01,1.788854381999831711e+00,4.472135954999579277e-01,0.000000000000000000e+00,1.788854381999831711e+00,-8.944271909999158554e-01,4.472135954999579277e-01,1.341640786499873839e+00,1.341640786499873839e+00,2.236067977499789639e-01,2.236067977499789639e-01,0.000000000000000000e+00,-2.236067977499789639e-01,-2.012461179749810647e+00,-6.708203932499369193e-01,2.236067977499789639e-01,2.236067977499789639e-01,-4.472135954999579277e-01,-4.472135954999579277e-01,-1.788854381999831711e+00,-8.944271909999158554e-01,-2.906888370749726391e+00,-1.565247584249852775e+00,-2.459674775249768519e+00,-1.788854381999831711e+00,6.708203932499369193e-01,2.236067977499789639e-01,-6.708203932499369193e-01,-4.472135954999579277e-01,-1.565247584249852775e+00,-3.577708763999663422e+00,-1.788854381999831711e+00,-1.341640786499873839e+00,-1.341640786499873839e+00,2.236067977499789639e-01,1.341640786499873839e+00,-2.236067977499789639e-01,4.472135954999579277e-01,-8.944271909999158554e-01,4.472135954999579277e-01,4.472135954999579277e-01,8.944271909999158554e-01,-1.565247584249852775e+00,-2.236067977499789805e+00,-6.708203932499369193e-01,-3.130495168499705549e+00,-4.472135954999579610e+00,-4.024922359499621294e+00,-3.577708763999663422e+00,-4.248529157249600452e+00,-3.577708763999663422e+00,-3.354101966249684263e+00,-3.577708763999663422e+00,-4.472135954999579610e+00,-4.472135954999579610e+00,-2.906888370749726391e+00,-1.341640786499873839e+00,-2.012461179749810647e+00,-1.341640786499873839e+00,-6.708203932499369193e-01,1.565247584249852775e+00,4.472135954999579277e-01,6.708203932499369193e-01,4.472135954999579277e-01,1.341640786499873839e+00,2.236067977499789639e-01,1.341640786499873839e+00,1.341640786499873839e+00,2.683281572999747677e+00,3.577708763999663422e+00,2.906888370749726391e+00,2.236067977499789805e+00,1.341640786499873839e+00,-4.472135954999579277e-01,0.000000000000000000e+00,4.472135954999579277e-01,8.944271909999158554e-01,8.944271909999158554e-01,1.788854381999831711e+00,3.354101966249684263e+00,4.472135954999579610e+00,3.577708763999663422e+00,2.236067977499789805e+00,8.944271909999158554e-01,2.236067977499789805e+00,-2.236067977499789639e-01,8.944271909999158554e-01,-2.236067977499789639e-01,-2.236067977499789639e-01,1.341640786499873839e+00,2.236067977499789805e+00,8.944271909999158554e-01,1.341640786499873839e+00,2.683281572999747677e+00,2.012461179749810647e+00,2.012461179749810647e+00,8.944271909999158554e-01,-1.118033988749894903e+00,-4.472135954999579277e-01,-1.788854381999831711e+00,-2.236067977499789805e+00,-1.118033988749894903e+00,-2.236067977499789805e+00,-3.577708763999663422e+00,-4.472135954999579610e+00,-6.260990336999411099e+00,-4.695742752749557880e+00,-6.037383539249431941e+00,-5.366563145999495354e+00,-6.037383539249431941e+00,-4.472135954999579610e+00,-4.472135954999579610e+00,-3.130495168499705549e+00,-3.354101966249684263e+00,-3.130495168499705549e+00,-4.472135954999579277e-01,-8.944271909999158554e-01,-2.459674775249768519e+00,-1.565247584249852775e+00,-2.236067977499789639e-01,-1.118033988749894903e+00,-1.565247584249852775e+00,-1.788854381999831711e+00,-1.788854381999831711e+00,-2.906888370749726391e+00,-2.012461179749810647e+00,-1.565247584249852775e+00,-1.341640786499873839e+00,2.236067977499789639e-01,2.459674775249768519e+00,3.354101966249684263e+00,3.130495168499705549e+00,1.118033988749894903e+00,1.341640786499873839e+00,2.012461179749810647e+00,1.118033988749894903e+00,6.708203932499369193e-01,2.012461179749810647e+00,4.472135954999579277e-01,1.788854381999831711e+00,1.341640786499873839e+00,0.000000000000000000e+00,2.236067977499789639e-01,0.000000000000000000e+00,0.000000000000000000e+00,0.000000000000000000e+00,-2.906888370749726391e+00,-3.354101966249684263e+00,-1.565247584249852775e+00,-1.788854381999831711e+00,-4.472135954999579277e-01,-8.944271909999158554e-01,-6.708203932499369193e-01,-6.708203932499369193e-01,-4.472135954999579277e-01,2.236067977499789805e+00,1.118033988749894903e+00,1.565247584249852775e+00,3.354101966249684263e+00,3.577708763999663422e+00,3.801315561749642136e+00,2.012461179749810647e+00,3.130495168499705549e+00,4.024922359499621294e+00,4.248529157249600452e+00,5.366563145999495354e+00,5.142956348249516196e+00,5.813776741499452783e+00,3.130495168499705549e+00,4.695742752749557880e+00,5.813776741499452783e+00,3.577708763999663422e+00,3.577708763999663422e+00,3.577708763999663422e+00,2.906888370749726391e+00,1.565247584249852775e+00,1.788854381999831711e+00,1.565247584249852775e+00,8.944271909999158554e-01,4.472135954999579277e-01,0.000000000000000000e+00,0.000000000000000000e+00,8.944271909999158554e-01,-6.708203932499369193e-01,2.236067977499789805e+00,2.459674775249768519e+00,6.708203932499369193e-01,1.788854381999831711e+00,2.236067977499789639e-01,-1.341640786499873839e+00,-2.459674775249768519e+00,-1.341640786499873839e+00,-2.459674775249768519e+00,-3.801315561749642136e+00,-4.248529157249600452e+00,-2.906888370749726391e+00,-1.565247584249852775e+00,-1.788854381999831711e+00,-2.683281572999747677e+00,-2.012461179749810647e+00,-4.919349550499537038e+00,-6.931810730249347685e+00,-6.484597134749389369e+00,-5.813776741499452783e+00,-6.037383539249431941e+00,-5.813776741499452783e+00,-7.379024325749306001e+00,-6.484597134749389369e+00,-6.484597134749389369e+00,-3.801315561749642136e+00,-3.354101966249684263e+00,-2.906888370749726391e+00,-6.708203932499369193e-01,-8.944271909999158554e-01,0.000000000000000000e+00,-8.944271909999158554e-01,-3.577708763999663422e+00,-3.130495168499705549e+00,-8.944271909999158554e-01,-1.788854381999831711e+00,-2.236067977499789805e+00,-1.565247584249852775e+00,8.944271909999158554e-01,6.708203932499369193e-01,1.788854381999831711e+00,1.788854381999831711e+00,3.130495168499705549e+00,2.236067977499789805e+00,3.354101966249684263e+00,1.788854381999831711e+00,2.236067977499789805e+00,2.906888370749726391e+00,2.459674775249768519e+00,8.944271909999158554e-01,2.012461179749810647e+00,3.577708763999663422e+00,2.683281572999747677e+00,6.708203932499369193e-01,-1.118033988749894903e+00,-1.341640786499873839e+00,-8.944271909999158554e-01,4.472135954999579277e-01,0.000000000000000000e+00,0.000000000000000000e+00,2.236067977499789639e-01,4.472135954999579277e-01,8.944271909999158554e-01,0.000000000000000000e+00,-2.236067977499789639e-01,1.118033988749894903e+00,2.906888370749726391e+00,2.012461179749810647e+00,4.472135954999579277e-01,-2.236067977499789639e-01,-1.118033988749894903e+00,8.944271909999158554e-01,1.118033988749894903e+00,2.683281572999747677e+00,1.341640786499873839e+00,2.012461179749810647e+00,2.236067977499789639e-01,-4.472135954999579277e-01,-8.944271909999158554e-01,-1.118033988749894903e+00,-2.236067977499789639e-01,-4.472135954999579277e-01,-2.236067977499789639e-01,6.708203932499369193e-01,4.472135954999579277e-01,2.236067977499789639e-01,2.236067977499789639e-01,1.118033988749894903e+00,4.472135954999579277e-01,-2.012461179749810647e+00,-2.236067977499789805e+00,-1.788854381999831711e+00,-2.236067977499789805e+00,-1.118033988749894903e+00,-3.354101966249684263e+00,-4.248529157249600452e+00,-4.024922359499621294e+00,-4.024922359499621294e+00,-1.788854381999831711e+00,-2.459674775249768519e+00,-4.472135954999579277e-01,-4.472135954999579277e-01,-6.708203932499369193e-01,-8.944271909999158554e-01,-1.565247584249852775e+00,-2.236067977499789805e+00,-1.341640786499873839e+00,-4.472135954999579277e-01,-1.118033988749894903e+00,-8.944271909999158554e-01,-1.565247584249852775e+00,-1.788854381999831711e+00,-2.683281572999747677e+00,-5.366563145999495354e+00,-3.801315561749642136e+00,-4.248529157249600452e+00,-2.236067977499789805e+00,-1.788854381999831711e+00,-2.683281572999747677e+00,-1.788854381999831711e+00,-3.130495168499705549e+00,-1.565247584249852775e+00,-1.788854381999831711e+00,-3.801315561749642136e+00,-3.130495168499705549e+00,-2.012461179749810647e+00,-2.459674775249768519e+00,-2.459674775249768519e+00,-2.236067977499789805e+00,-2.459674775249768519e+00,-8.944271909999158554e-01,-2.012461179749810647e+00,-2.012461179749810647e+00,-2.012461179749810647e+00,-2.012461179749810647e+00,-2.683281572999747677e+00,-8.944271909999158554e-01,0.000000000000000000e+00,-1.565247584249852775e+00,-2.683281572999747677e+00,-8.944271909999158554e-01,4.472135954999579277e-01,2.236067977499789639e-01,-2.236067977499789639e-01,1.565247584249852775e+00,1.341640786499873839e+00,2.683281572999747677e+00,2.459674775249768519e+00,1.341640786499873839e+00,1.118033988749894903e+00,2.683281572999747677e+00,2.236067977499789805e+00,3.801315561749642136e+00,3.354101966249684263e+00,3.801315561749642136e+00,3.130495168499705549e+00,2.459674775249768519e+00,2.236067977499789639e-01,-8.944271909999158554e-01,0.000000000000000000e+00,-1.341640786499873839e+00,-4.472135954999579277e-01,1.565247584249852775e+00,-2.236067977499789639e-01,-2.236067977499789639e-01,-8.944271909999158554e-01,-4.472135954999579277e-01,-1.118033988749894903e+00,-1.565247584249852775e+00,-4.472135954999579277e-01,1.565247584249852775e+00,2.236067977499789805e+00,8.944271909999158554e-01,2.236067977499789805e+00,-2.459674775249768519e+00,-2.236067977499789639e-01,0.000000000000000000e+00,-1.565247584249852775e+00,-4.472135954999579277e-01,0.000000000000000000e+00,-8.944271909999158554e-01,-2.236067977499789639e-01,8.944271909999158554e-01,0.000000000000000000e+00,-4.472135954999579277e-01,0.000000000000000000e+00,1.341640786499873839e+00,8.944271909999158554e-01,-2.236067977499789639e-01,1.118033988749894903e+00,-2.236067977499789639e-01,-1.118033988749894903e+00,-1.341640786499873839e+00,-3.130495168499705549e+00,-3.354101966249684263e+00,-2.906888370749726391e+00,-3.577708763999663422e+00,-3.801315561749642136e+00,-3.354101966249684263e+00,-3.801315561749642136e+00,-2.012461179749810647e+00,-1.118033988749894903e+00,-6.708203932499369193e-01,-4.472135954999579277e-01,-1.118033988749894903e+00,-4.472135954999579277e-01,-6.708203932499369193e-01,-4.248529157249600452e+00,-2.236067977499789805e+00,-2.236067977499789639e-01,1.118033988749894903e+00,6.708203932499369193e-01,-1.565247584249852775e+00,-2.236067977499789639e-01,0.000000000000000000e+00,2.236067977499789639e-01,2.236067977499789639e-01,-8.944271909999158554e-01,2.236067977499789639e-01
1.788854381999831711e+00,0.000000000000000000e+00,-6.708203932499369193e-01,2.236067977499789639e-01,1.341640786499873839e+00,2.012461179749810647e+00,2.683281572999747677e+00,2.459674775249768519e+00,2.236067977499789805e+00,1.341640786499873839e+00,2.459674775249768519e+00,6.708203932499369193e-01,1.565247584249852775e+00,2.012461179749810647e+00,2.236067977499789805e+00,1.788854381999831711e+00,1.118033988749894903e+00,8.944271909999158554e-01,-4.472135954999579277e-01,1.118033988749894903e+00,2.012461179749810647e+00,4.024922359499621294e+00,2.906888370749726391e+00,2.459674775249768519e+00,4.024922359499621294e+00,4.024922359499621294e+00,2.683281572999747677e+00,1.341640786499873839e+00,-2.236067977499789639e-01,2.236067977499789805e+00,2.236067977499789805e+00,8.944271909999158554e-01,8.944271909999158554e-01,3.801315561749642136e+00,1.118033988749894903e+00,2.683281572999747677e+00,2.459674775249768519e+00,3.577708763999663422e+00,3.577708763999663422e+00,3.130495168499705549e+00,3.577708763999663422e+00,2.906888370749726391e+00,3.577708763999663422e+00,3.130495168499705549e+00,4.024922359499621294e+00,3.577708763999663422e+00,2.459674775249768519e+00,1.118033988749894903e+00,2.906888370749726391e+00,2.236067977499789639e-01,-6.708203932499369193e-01,1.118033988749894903e+00,2.906888370749726391e+00,6.037383539249431941e+00,4.695742752749557880e+00,6.260990336999411099e+00,7.379024325749306001e+00,5.142956348249516196e+00,4.248529157249600452e+00,4.695742752749557880e+00,4.695742752749557880e+00,2.236067977499789805e+00,5.590169943749473624e+00,4.024922359499621294e+00,3.577708763999663422e+00,4.695742752749557880e+00,4.919349550499537038e+00,5.142956348249516196e+00,4.472135954999579610e+00,4.695742752749557880e+00,2.906888370749726391e+00,3.130495168499705549e+00,4.695742752749557880e+00,4.695742752749557880e+00,4.248529157249600452e+00,3.577708763999663422e+00,2.683281572999747677e+00,2.906888370749726391e+00,3.354101966249684263e+00,2.459674775249768519e+00,2.236067977499789639e-01,1.788854381999831711e+00,2.683281572999747677e+00,2.459674775249768519e+00,3.130495168499705549e+00,2.906888370749726391e+00,4.695742752749557880e+00,4.024922359499621294e+00,5.366563145999495354e+00,4.024922359499621294e+00,3.130495168499705549e+00,2.236067977499789805e+00,1.788854381999831711e+00,2.012461179749810647e+00,2.236067977499789805e+00,3.577708763999663422e+00,3.354101966249684263e+00,5.366563145999495354e+00,4.024922359499621294e+00,5.142956348249516196e+00,6.037383539249431941e+00,4.024922359499621294e+00,2.459674775249768519e+00,2.236067977499789805e+00,4.919349550499537038e+00,4.919349550499537038e+00,3.801315561749642136e+00,3.801315561749642136e+00,3.801315561749642136e+00,2.236067977499789805e+00,1.118033988749894903e+00,1.788854381999831711e+00,2.236067977499789805e+00,3.130495168499705549e+00,3.354101966249684263e+00,3.354101966249684263e+00,2.012461179749810647e+00,1.118033988749894903e+00,2.906888370749726391e+00,2.459674775249768519e+00,0.000000000000000000e+00,1.565247584249852775e+00,1.788854381999831711e+00,1.118033988749894903e+00,-1.341640786499873839e+00,-4.472135954999579277e-01,2.236067977499789639e-01,1.341640786499873839e+00,1.341640786499873839e+00,1.118033988749894903e+00,1.341640786499873839e+00,-2.236067977499789639e-01,-2.236067977499789639e-01,-1.118033988749894903e+00,-1.565247584249852775e+00,8.944271909999158554e-01,-8.944271909999158554e-01,-4.472135954999579277e-01,1.118033988749894903e+00,1.341640786499873839e+00,8.944271909999158554e-01,1.118033988749894903e+00,4.472135954999579277e-01,2.236067977499789805e+00,2.683281572999747677e+00,4.024922359499621294e+00,8.944271909999158554e-01,2.906888370749726391e+00,4.024922359499621294e+00,8.944271909999158554e-01,4.248529157249600452e+00,4.248529157249600452e+00,4.248529157249600452e+00,2.906888370749726391e+00,4.248529157249600452e+00,4.248529157249600452e+00,6.708203932499368527e+00,8.720665112249179174e+00,8.273451516749220858e+00,8.049844718999242588e+00,8.720665112249179174e+00,8.273451516749220858e+00,6.931810730249347685e+00,7.826237921249263430e+00,7.602631123499284271e+00,8.497058314499200904e+00,7.826237921249263430e+00,7.155417527999326843e+00,7.379024325749306001e+00,1.006230589874905235e+01,8.497058314499200904e+00,6.484597134749389369e+00,7.602631123499284271e+00,6.931810730249347685e+00,8.720665112249179174e+00,7.379024325749306001e+00,6.484597134749389369e+00,5.813776741499452783e+00,5.142956348249516196e+00,5.813776741499452783e+00,6.037383539249431941e+00,5.142956348249516196e+00,4.024922359499621294e+00,2.459674775249768519e+00,2.459674775249768519e+00,2.236067977499789805e+00,2.012461179749810647e+00,1.565247584249852775e+00,-2.236067977499789639e-01,-2.012461179749810647e+00,-2.012461179749810647e+00,-2.906888370749726391e+00,-3.354101966249684263e+00,-1.788854381999831711e+00,-1.565247584249852775e+00,-1.341640786499873839e+00,-2.236067977499789639e-01,8.944271909999158554e-01,8.944271909999158554e-01,-8.944271909999158554e-01,-3.354101966249684263e+00,-2.459674775249768519e+00,-3.130495168499705549e+00,-2.012461179749810647e+00,-2.683281572999747677e+00,-2.236067977499789639e-01,0.000000000000000000e+00,4.472135954999579277e-01,2.012461179749810647e+00,1.565247584249852775e+00,2.459674775249768519e+00,1.118033988749894903e+00,2.012461179749810647e+00,2.459674775249768519e+00,4.919349550499537038e+00,6.037383539249431941e+00,6.037383539249431941e+00,6.037383539249431941e+00,6.931810730249347685e+00,9.167878707749137490e+00,8.049844718999242588e+00,7.602631123499284271e+00,8.720665112249179174e+00,9.167878707749137490e+00,9.167878707749137490e+00,9.167878707749137490e+00,8.944271909999159220e+00,7.155417527999326843e+00,6.037383539249431941e+00,6.931810730249347685e+00,7.379024325749306001e+00,6.484597134749389369e+00,7.826237921249263430e+00,7.379024325749306001e+00,5.142956348249516196e+00,5.366563145999495354e+00,4.248529157249600452e+00,3.577708763999663422e+00,4.695742752749557880e+00,4.248529157249600452e+00,5.366563145999495354e+00,6.260990336999411099e+00,4.472135954999579610e+00,5.366563145999495354e+00,6.931810730249347685e+00,8.273451516749220858e+00,7.379024325749306001e+00,7.602631123499284271e+00,7.379024325749306001e+00,7.826237921249263430e+00,6.931810730249347685e+00,5.590169943749473624e+00,4.472135954999579610e+00,5.142956348249516196e+00,4.472135954999579610e+00,3.577708763999663422e+00,3.354101966249684263e+00,4.024922359499621294e+00,3.801315561749642136e+00,2.906888370749726391e+00,2.236067977499789805e+00,3.577708763999663422e+00,3.577708763999663422e+00,3.577708763999663422e+00,0.000000000000000000e+00,6.708203932499369193e-01,0.000000000000000000e+00,1.118033988749894903e+00,-1.341640786499873839e+00,-1.788854381999831711e+00,-1.341640786499873839e+00,-8.944271909999158554e-01,4.472135954999579277e-01,-3.130495168499705549e+00,-2.906888370749726391e+00,-4.472135954999579610e+00,-4.248529157249600452e+00,-4.472135954999579610e+00,-3.354101966249684263e+00,-2.459674775249768519e+00,-3.130495168499705549e+00,-1.341640786499873839e+00,-8.944271909999158554e-01,-2.459674775249768519e+00,-2.906888370749726391e+00,-2.236067977499789805e+00,-2.236067977499789805e+00,-2.012461179749810647e+00,-1.565247584249852775e+00,-1.118033988749894903e+00,-6.708203932499369193e-01,1.565247584249852775e+00,8.944271909999158554e-01,-2.236067977499789639e-01,0.000000000000000000e+00,6.708203932499369193e-01,1.341640786499873839e+00,4.024922359499621294e+00,5.142956348249516196e+00,5.590169943749473624e+00,5.590169943749473624e+00,4.919349550499537038e+00,4.024922359499621294e+00,4.024922359499621294e+00,3.130495168499705549e+00,1.788854381999831711e+00,2.683281572999747677e+00,1.565247584249852775e+00,1.565247584249852775e+00,-2.236067977499789639e-01,1.341640786499873839e+00,1.118033988749894903e+00,1.341640786499873839e+00,2.236067977499789639e-01,4.472135954999579277e-01,1.565247584249852775e+00,4.472135954999579277e-01,4.472135954999579277e-01,4.472135954999579277e-01,4.472135954999579277e-01,2.236067977499789639e-01,-6.708203932499369193e-01,1.118033988749894903e+00,1.565247584249852775e+00,-8.944271909999158554e-01,-1.341640786499873839e+00,2.236067977499789639e-01,-2.236067977499789639e-01,-8.944271909999158554e-01,-1.341640786499873839e+00,-1.341640786499873839e+00,1.565247584249852775e+00,-6.708203932499369193e-01,-1.788854381999831711e+00,-2.236067977499789805e+00,-2.683281572999747677e+00,-3.577708763999663422e+00,-1.788854381999831711e+00,-1.341640786499873839e+00,-2.683281572999747677e+00,-2.236067977499789639e-01,2.236067977499789639e-01,1.341640786499873839e+00,1.118033988749894903e+00,1.341640786499873839e+00,-1.118033988749894903e+00,-3.354101966249684263e+00,-2.683281572999747677e+00,-2.236067977499789805e+00,-2.012461179749810647e+00,-2.906888370749726391e+00,-2.906888370749726391e+00,-2.906888370749726391e+00,-2.683281572999747677e+00,-3.354101966249684263e+00,-2.906888370749726391e+00,-4.695742752749557880e+00,-3.577708763999663422e+00,-4.024922359499621294e+00,-2.459674775249768519e+00,-2.683281572999747677e+00,-3.801315561749642136e+00,-4.024922359499621294e+00,-3.354101966249684263e+00,-4.695742752749557880e+00,-4.695742752749557880e+00,-4.695742752749557880e+00,-4.472135954999579610e+00,-4.472135954999579610e+00,-3.130495168499705549e+00,-2.236067977499789805e+00,-2.683281572999747677e+00,-2.236067977499789805e+00,-1.788854381999831711e+00,-2.683281572999747677e+00,-2.012461179749810647e+00,-8.944271909999158554e-01,-1.341640786499873839e+00,-1.341640786499873839e+00,0.000000000000000000e+00,-1.341640786499873839e+00,-2.236067977499789805e+00,-1.118033988749894903e+00,-2.012461179749810647e+00,-1.341640786499873839e+00,-1.565247584249852775e+00,-4.472135954999579277e-01,-8.944271909999158554e-01,-4.472135954999579277e-01,2.236067977499789639e-01,4.472135954999579277e-01,4.472135954999579277e-01,-1.565247584249852775e+00,-2.012461179749810647e+00,-2.906888370749726391e+00,6.708203932499369193e-01,1.341640786499873839e+00,0.000000000000000000e+00,-2.236067977499789639e-01,-6.708203932499369193e-01,-1.341640786499873839e+00,-1.341640786499873839e+00,-2.683281572999747677e+00,-1.788854381999831711e+00,-1.788854381999831711e+00,-1.118033988749894903e+00,-6.708203932499369193e-01,4.472135954999579277e-01,1.341640786499873839e+00,1.788854381999831711e+00,1.788854381999831711e+00,2.236067977499789805e+00,8.944271909999158554e-01,2.236067977499789639e-01,6.708203932499369193e-01,6.708203932499369193e-01,1.341640786499873839e+00,2.236067977499789639e-01,2.236067977499789639e-01,-8.944271909999158554e-01,-2.012461179749810647e+00,-1.118033988749894903e+00,-2.683281572999747677e+00,-1.341640786499873839e+00,-1.341640786499873839e+00,-2.906888370749726391e+00,-4.024922359499621294e+00,-4.248529157249600452e+00,-4.919349550499537038e+00,-4.472135954999579610e+00,-4.919349550499537038e+00,-3.354101966249684263e+00,-4.919349550499537038e+00,-3.577708763999663422e+00,-4.695742752749557880e+00,-3.354101966249684263e+00,-4.695742752749557880e+00,-1.565247584249852775e+00,2.236067977499789639e-01,-4.472135954999579277e-01,2.236067977499789639e-01,-8.944271909999158554e-01,-1.118033988749894903e+00,-2.236067977499789639e-01,-4.472135954999579277e-01,8.944271909999158554e-01,1.788854381999831711e+00,2.012461179749810647e+00,2.683281572999747677e+00,2.906888370749726391e+00,-4.472135954999579277e-01,-4.472135954999579277e-01,6.708203932499369193e-01,-2.236067977499789639e-01,4.472135954999579277e-01,-1.565247584249852775e+00,-6.708203932499369193e-01,-4.472135954999579277e-01,0.000000000000000000e+00,1.341640786499873839e+00,3.130495168499705549e+00,4.248529157249600452e+00,3.130495168499705549e+00,3.354101966249684263e+00,2.012461179749810647e+00,2.459674775249768519e+00,2.906888370749726391e+00,4.472135954999579610e+00,3.801315561749642136e+00,4.695742752749557880e+00,3.354101966249684263e+00,1.565247584249852775e+00,4.472135954999579277e-01,-4.472135954999579277e-01,-8.944271909999158554e-01,-6.708203932499369193e-01,-6.708203932499369193e-01,-6.708203932499369193e-01,-6.708203932499369193e-01,-1.788854381999831711e+00,-1.788854381999831711e+00,-8.944271909999158554e-01,1.118033988749894903e+00,8.944271909999158554e-01,6.708203932499369193e-01,6.708203932499369193e-01,0.000000000000000000e+00,3.354101966249684263e+00,3.130495168499705549e+00,3.130495168499705549e+00,3.130495168499705549e+00,1.341640786499873839e+00,0.000000000000000000e+00,1.118033988749894903e+00,2.236067977499789639e-01,-1.788854381999831711e+00,-3.130495168499705549e+00,-1.565247584249852775e+00,-1.788854381999831711e+00,-4.919349550499537038e+00
2.906888370749726391e+00,2.906888370749726391e+00,1.565247584249852775e+00,2.236067977499789805e+00,4.024922359499621294e+00,3.801315561749642136e+00,2.906888370749726391e+00,1.341640786499873839e+00,2.012461179749810647e+00,2.236067977499789805e+00,2.683281572999747677e+00,1.565247584249852775e+00,1.341640786499873839e+00,2.459674775249768519e+00,1.341640786499873839e+00,2.459674775249768519e+00,3.130495168499705549e+00,2.459674775249768519e+00,2.459674775249768519e+00,2.683281572999747677e+00,3.354101966249684263e+00,3.130495168499705549e+00,1.788854381999831711e+00,2.012461179749810647e+00,2.012461179749810647e+00,2.906888370749726391e+00,5.142956348249516196e+00,5.813776741499452783e+00,4.248529157249600452e+00,1.118033988749894903e+00,6.708203932499369193e-01,-1.118033988749894903e+00,-1.341640786499873839e+00,-1.565247584249852775e+00,-1.118033988749894903e+00,-2.683281572999747677e+00,-3.354101966249684263e+00,-1.565247584249852775e+00,-2.459674775249768519e+00,-1.565247584249852775e+00,-2.012461179749810647e+00,-2.683281572999747677e+00,-2.683281572999747677e+00,-2.683281572999747677e+00,-6.708203932499369193e-01,-1.788854381999831711e+00,-1.341640786499873839e+00,-2.459674775249768519e+00,-2.459674775249768519e+00,-2.459674775249768519e+00,2.236067977499789639e-01,4.472135954999579277e-01,4.472135954999579277e-01,1.788854381999831711e+00,1.341640786499873839e+00,6.708203932499369193e-01,1.118033988749894903e+00,-1.565247584249852775e+00,-1.565247584249852775e+00,-3.577708763999663422e+00,-6.037383539249431941e+00,-5.813776741499452783e+00,-4.024922359499621294e+00,-2.459674775249768519e+00,-1.341640786499873839e+00,-6.708203932499369193e-01,-1.788854381999831711e+00,-1.341640786499873839e+00,-4.472135954999579277e-01,6.708203932499369193e-01,2.236067977499789639e-01,-1.788854381999831711e+00,8.944271909999158554e-01,2.459674775249768519e+00,1.565247584249852775e+00,0.000000000000000000e+00,-1.118033988749894903e+00,2.236067977499789639e-01,0.000000000000000000e+00,-2.012461179749810647e+00,-2.906888370749726391e+00,-1.341640786499873839e+00,-2.236067977499789805e+00,-3.577708763999663422e+00,-2.459674775249768519e+00,8.944271909999158554e-01,1.118033988749894903e+00,1.341640786499873839e+00,1.341640786499873839e+00,1.565247584249852775e+00,4.695742752749557880e+00,4.472135954999579610e+00,1.565247584249852775e+00,1.341640786499873839e+00,3.354101966249684263e+00,2.236067977499789805e+00,1.341640786499873839e+00,8.944271909999158554e-01,1.788854381999831711e+00,8.944271909999158554e-01,-2.012461179749810647e+00,-2.236067977499789805e+00,-1.565247584249852775e+00,-4.024922359499621294e+00,-3.354101966249684263e+00,-1.341640786499873839e+00,-1.565247584249852775e+00,-2.906888370749726391e+00,-2.906888370749726391e+00,-2.683281572999747677e+00,-1.565247584249852775e+00,-2.012461179749810647e+00,-2.236067977499789639e-01,-4.472135954999579277e-01,-1.565247584249852775e+00,-2.683281572999747677e+00,-3.130495168499705549e+00,-2.683281572999747677e+00,-2.236067977499789805e+00,-4.024922359499621294e+00,-3.577708763999663422e+00,-4.024922359499621294e+00,-4.472135954999579610e+00,-4.919349550499537038e+00,-5.142956348249516196e+00,-4.919349550499537038e+00,-5.142956348249516196e+00,-4.024922359499621294e+00,-4.472135954999579610e+00,-2.683281572999747677e+00,-2.012461179749810647e+00,-2.906888370749726391e+00,-2.683281572999747677e+00,-2.683281572999747677e+00,-4.024922359499621294e+00,-3.130495168499705549e+00,-2.683281572999747677e+00,-1.565247584249852775e+00,-1.788854381999831711e+00,-2.012461179749810647e+00,-1.118033988749894903e+00,8.944271909999158554e-01,6.708203932499369193e-01,6.708203932499369193e-01,2.012461179749810647e+00,2.459674775249768519e+00,2.459674775249768519e+00,4.248529157249600452e+00,2.906888370749726391e+00,3.354101966249684263e+00,4.024922359499621294e+00,2.683281572999747677e+00,2.683281572999747677e+00,1.341640786499873839e+00,3.130495168499705549e+00,2.683281572999747677e+00,3.577708763999663422e+00,4.695742752749557880e+00,5.813776741499452783e+00,6.931810730249347685e+00,7.379024325749306001e+00,5.366563145999495354e+00,4.919349550499537038e+00,3.577708763999663422e+00,2.459674775249768519e+00,3.354101966249684263e+00,2.459674775249768519e+00,2.236067977499789805e+00,1.565247584249852775e+00,6.708203932499369193e-01,-8.944271909999158554e-01,-1.565247584249852775e+00,-6.708203932499369193e-01,-2.012461179749810647e+00,-1.565247584249852775e+00,-1.341640786499873839e+00,-3.130495168499705549e+00,-3.130495168499705549e+00,-2.236067977499789805e+00,-2.459674775249768519e+00,-2.012461179749810647e+00,-1.341640786499873839e+00,-1.565247584249852775e+00,-1.341640786499873839e+00,-1.118033988749894903e+00,-1.565247584249852775e+00,-2.236067977499789639e-01,-2.236067977499789805e+00,-3.801315561749642136e+00,-3.130495168499705549e+00,-2.236067977499789805e+00,-1.341640786499873839e+00,-1.118033988749894903e+00,-1.565247584249852775e+00,-1.788854381999831711e+00,-1.118033988749894903e+00,1.118033988749894903e+00,2.236067977499789805e+00,3.130495168499705549e+00,3.130495168499705549e+00,3.354101966249684263e+00,2.683281572999747677e+00,2.236067977499789805e+00,4.472135954999579277e-01,2.236067977499789805e+00,1.565247584249852775e+00,2.459674775249768519e+00,2.012461179749810647e+00,3.801315561749642136e+00,1.788854381999831711e+00,2.236067977499789805e+00,4.472135954999579277e-01,-1.118033988749894903e+00,-2.012461179749810647e+00,-2.236067977499789805e+00,-1.341640786499873839e+00,6.708203932499369193e-01,1.118033988749894903e+00,1.118033988749894903e+00,2.236067977499789805e+00,2.012461179749810647e+00,6.708203932499369193e-01,1.788854381999831711e+00,1.788854381999831711e+00,2.683281572999747677e+00,2.906888370749726391e+00,2.683281572999747677e+00,2.459674775249768519e+00,2.012461179749810647e+00,1.788854381999831711e+00,0.000000000000000000e+00,-6.708203932499369193e-01,-1.341640786499873839e+00,-2.012461179749810647e+00,4.472135954999579277e-01,8.944271909999158554e-01,8.944271909999158554e-01,-2.236067977499789639e-01,8.944271909999158554e-01,8.944271909999158554e-01,2.459674775249768519e+00,2.459674775249768519e+00,4.472135954999579610e+00,4.919349550499537038e+00,3.130495168499705549e+00,1.341640786499873839e+00,2.012461179749810647e+00,3.130495168499705549e+00,2.236067977499789805e+00,2.236067977499789805e+00,2.683281572999747677e+00,2.683281572999747677e+00,2.236067977499789805e+00,3.354101966249684263e+00,4.024922359499621294e+00,2.459674775249768519e+00,1.341640786499873839e+00,1.341640786499873839e+00,6.708203932499369193e-01,-1.565247584249852775e+00,-2.236067977499789639e-01,-6.708203932499369193e-01,-1.565247584249852775e+00,-2.236067977499789639e-01,-2.236067977499789639e-01,-1.565247584249852775e+00,-2.236067977499789639e-01,0.000000000000000000e+00,-2.683281572999747677e+00,-2.906888370749726391e+00,-4.248529157249600452e+00,-3.801315561749642136e+00,-4.472135954999579610e+00,-4.695742752749557880e+00,-4.024922359499621294e+00,-4.248529157249600452e+00,-3.801315561749642136e+00,-1.565247584249852775e+00,-2.012461179749810647e+00,-1.341640786499873839e+00,-1.565247584249852775e+00,-2.236067977499789639e-01,-4.472135954999579277e-01,8.944271909999158554e-01,1.341640786499873839e+00,8.944271909999158554e-01,-1.341640786499873839e+00,2.236067977499789639e-01,1.341640786499873839e+00,-4.472135954999579277e-01,-1.118033988749894903e+00,-1.118033988749894903e+00,-2.236067977499789805e+00,-3.801315561749642136e+00,-4.472135954999579610e+00,-5.366563145999495354e+00,-4.472135954999579610e+00,-3.801315561749642136e+00,-4.248529157249600452e+00,-3.577708763999663422e+00,-1.565247584249852775e+00,-1.341640786499873839e+00,-2.236067977499789805e+00,-4.472135954999579277e-01,6.708203932499369193e-01,-4.472135954999579277e-01,8.944271909999158554e-01,4.472135954999579277e-01,1.788854381999831711e+00,-2.236067977499789639e-01,3.130495168499705549e+00,2.683281572999747677e+00,4.248529157249600452e+00,3.577708763999663422e+00,3.801315561749642136e+00,2.012461179749810647e+00,2.012461179749810647e+00,1.341640786499873839e+00,8.944271909999158554e-01,-1.341640786499873839e+00,-2.012461179749810647e+00,-4.248529157249600452e+00,-5.142956348249516196e+00,-4.472135954999579610e+00,-4.248529157249600452e+00,-3.130495168499705549e+00,-3.801315561749642136e+00,-4.248529157249600452e+00,-2.906888370749726391e+00,-2.012461179749810647e+00,-2.906888370749726391e+00,-3.354101966249684263e+00,-2.683281572999747677e+00,-3.130495168499705549e+00,-1.341640786499873839e+00,-2.236067977499789639e-01,2.012461179749810647e+00,2.459674775249768519e+00,2.683281572999747677e+00,3.130495168499705549e+00,4.024922359499621294e+00,2.906888370749726391e+00,3.354101966249684263e+00,2.459674775249768519e+00,4.472135954999579277e-01,-2.236067977499789639e-01,-2.236067977499789639e-01,8.944271909999158554e-01,-2.236067977499789639e-01,0.000000000000000000e+00,6.708203932499369193e-01,4.472135954999579277e-01,-4.472135954999579277e-01,0.000000000000000000e+00,6.708203932499369193e-01,1.341640786499873839e+00,2.683281572999747677e+00,1.565247584249852775e+00,6.708203932499369193e-01,2.906888370749726391e+00,1.788854381999831711e+00,1.341640786499873839e+00,2.012461179749810647e+00,3.354101966249684263e+00,2.683281572999747677e+00,4.472135954999579277e-01,2.012461179749810647e+00,2.012461179749810647e+00,1.788854381999831711e+00,8.944271909999158554e-01,6.708203932499369193e-01,0.000000000000000000e+00,1.788854381999831711e+00,2.683281572999747677e+00,3.354101966249684263e+00,4.472135954999579610e+00,5.590169943749473624e+00,3.577708763999663422e+00,4.919349550499537038e+00,3.130495168499705549e+00,2.236067977499789805e+00,2.236067977499789805e+00,1.565247584249852775e+00,2.683281572999747677e+00,3.801315561749642136e+00,3.130495168499705549e+00,2.459674775249768519e+00,3.801315561749642136e+00,4.248529157249600452e+00,4.248529157249600452e+00,5.142956348249516196e+00,3.354101966249684263e+00,3.354101966249684263e+00,3.801315561749642136e+00,2.459674775249768519e+00,4.472135954999579610e+00,2.459674775249768519e+00,3.130495168499705549e+00,5.813776741499452783e+00,6.708203932499368527e+00,7.602631123499284271e+00,8.720665112249179174e+00,9.167878707749137490e+00,9.838699100999074076e+00,8.049844718999242588e+00,6.931810730249347685e+00,7.155417527999326843e+00,7.379024325749306001e+00,5.813776741499452783e+00,4.472135954999579610e+00,4.695742752749557880e+00,4.472135954999579610e+00,2.906888370749726391e+00,1.565247584249852775e+00,0.000000000000000000e+00,-8.944271909999158554e-01,8.944271909999158554e-01,-1.341640786499873839e+00,-6.708203932499369193e-01,-1.565247584249852775e+00,-2.459674775249768519e+00,-3.801315561749642136e+00,-1.118033988749894903e+00,-1.788854381999831711e+00,-2.683281572999747677e+00,-1.565247584249852775e+00,-2.459674775249768519e+00,-3.801315561749642136e+00,-3.577708763999663422e+00,-4.024922359499621294e+00,-4.919349550499537038e+00,-6.037383539249431941e+00,-4.248529157249600452e+00,-4.919349550499537038e+00,-3.354101966249684263e+00,-1.341640786499873839e+00,-6.708203932499369193e-01,0.000000000000000000e+00,1.565247584249852775e+00,1.565247584249852775e+00,0.000000000000000000e+00,-8.944271909999158554e-01,-8.944271909999158554e-01,0.000000000000000000e+00,-2.236067977499789639e-01,-4.472135954999579277e-01,1.341640786499873839e+00,2.012461179749810647e+00,1.788854381999831711e+00,8.944271909999158554e-01,1.788854381999831711e+00,6.708203932499369193e-01,1.341640786499873839e+00,-1.341640786499873839e+00,-2.236067977499789805e+00,-1.341640786499873839e+00,-2.236067977499789639e-01,0.000000000000000000e+00,-4.472135954999579277e-01,0.000000000000000000e+00,8.944271909999158554e-01,1.565247584249852775e+00,2.236067977499789639e-01,0.000000000000000000e+00,-2.236067977499789639e-01,-2.459674775249768519e+00,-4.472135954999579610e+00,-4.695742752749557880e+00,-4.024922359499621294e+00,-3.801315561749642136e+00,-4.248529157249600452e+00,-2.906888370749726391e+00,-2.236067977499789805e+00,-2.236067977499789805e+00,-3.577708763999663422e+00,-4.919349550499537038e+00,-4.695742752749557880e+00,-3.577708763999663422e+00,-2.236067977499789805e+00,-2.459674775249768519e+00,-2.683281572999747677e+00,-2.683281572999747677e+00,-2.906888370749726391e+00,-1.118033988749894903e+00,-4.472135954999579277e-01,-8.944271909999158554e-01,-1.341640786499873839e+00,-2.236067977499789639e-01,1.788854381999831711e+00,2.906888370749726391e+00,1.788854381999831711e+00,4.248529157249600452e+00,5.813776741499452783e+00,5.590169943749473624e+00,6.037383539249431941e+00,7.826237921249263430e+00,6.931810730249347685e+00,7.379024325749306001e+00,4.695742752749557880e+00,6.260990336999411099e+00
5.142956348249516196e+00,2.683281572999747677e+00,2.683281572999747677e+00,2.459674775249768519e+00,1.565247584249852775e+00,3.130495168499705549e+00,3.130495168499705549e+00,3.130495168499705549e+00,2.012461179749810647e+00,4.024922359499621294e+00,6.037383539249431941e+00,4.919349550499537038e+00,4.248529157249600452e+00,1.565247584249852775e+00,1.565247584249852775e+00,8.944271909999158554e-01,8.944271909999158554e-01,1.118033988749894903e+00,2.236067977499789639e-01,8.944271909999158554e-01,2.236067977499789805e+00,1.341640786499873839e+00,4.472135954999579277e-01,2.236067977499789805e+00,2.012461179749810647e+00,-2.236067977499789639e-01,-2.236067977499789639e-01,6.708203932499369193e-01,-2.236067977499789639e-01,-2.012461179749810647e+00,-2.236067977499789805e+00,-2.683281572999747677e+00,-1.341640786499873839e+00,-2.236067977499789639e-01,1.341640786499873839e+00,-6.708203932499369193e-01,0.000000000000000000e+00,1.788854381999831711e+00,-2.236067977499789639e-01,-2.236067977499789805e+00,-6.708203932499369193e-01,1.118033988749894903e+00,1.788854381999831711e+00,1.118033988749894903e+00,2.459674775249768519e+00,2.459674775249768519e+00,2.012461179749810647e+00,4.472135954999579277e-01,-6.708203932499369193e-01,-8.944271909999158554e-01,-1.118033988749894903e+00,-2.236067977499789639e-01,-2.012461179749810647e+00,-2.459674775249768519e+00,-8.944271909999158554e-01,-2.683281572999747677e+00,-1.341640786499873839e+00,-3.354101966249684263e+00,-1.118033988749894903e+00,-1.565247584249852775e+00,-1.341640786499873839e+00,-2.459674775249768519e+00,-1.565247584249852775e+00,-1.788854381999831711e+00,-1.118033988749894903e+00,1.341640786499873839e+00,2.683281572999747677e+00,2.012461179749810647e+00,3.130495168499705549e+00,2.459674775249768519e+00,1.565247584249852775e+00,-4.472135954999579277e-01,0.000000000000000000e+00,6.708203932499369193e-01,-2.236067977499789639e-01,-1.118033988749894903e+00,-1.565247584249852775e+00,-3.130495168499705549e+00,-1.565247584249852775e+00,-8.944271909999158554e-01,-1.341640786499873839e+00,-1.341640786499873839e+00,-1.118033988749894903e+00,8.944271909999158554e-01,3.577708763999663422e+00,4.248529157249600452e+00,4.695742752749557880e+00,4.695742752749557880e+00,3.354101966249684263e+00,2.683281572999747677e+00,3.354101966249684263e+00,4.919349550499537038e+00,4.919349550499537038e+00,4.695742752749557880e+00,2.012461179749810647e+00,1.565247584249852775e+00,1.118033988749894903e+00,2.906888370749726391e+00,2.236067977499789805e+00,6.708203932499369193e-01,4.472135954999579277e-01,-1.118033988749894903e+00,-1.788854381999831711e+00,-2.236067977499789639e-01,1.788854381999831711e+00,3.354101966249684263e+00,2.906888370749726391e+00,2.459674775249768519e+00,1.341640786499873839e+00,1.565247584249852775e+00,2.236067977499789805e+00,2.683281572999747677e+00,3.354101966249684263e+00,2.906888370749726391e+00,3.354101966249684263e+00,2.012461179749810647e+00,2.236067977499789805e+00,3.577708763999663422e+00,3.577708763999663422e+00,1.788854381999831711e+00,-2.236067977499789639e-01,-1.341640786499873839e+00,-1.565247584249852775e+00,-1.118033988749894903e+00,-1.341640786499873839e+00,-2.236067977499789639e-01,-6.708203932499369193e-01,2.459674775249768519e+00,1.788854381999831711e+00,2.012461179749810647e+00,2.906888370749726391e+00,2.683281572999747677e+00,4.248529157249600452e+00,4.472135954999579610e+00,4.695742752749557880e+00,5.366563145999495354e+00,5.590169943749473624e+00,4.695742752749557880e+00,4.472135954999579610e+00,3.801315561749642136e+00,5.590169943749473624e+00,3.801315561749642136e+00,5.142956348249516196e+00,2.906888370749726391e+00,3.130495168499705549e+00,2.683281572999747677e+00,4.472135954999579610e+00,-4.472135954999579277e-01,0.000000000000000000e+00,-1.341640786499873839e+00,-2.906888370749726391e+00,-3.577708763999663422e+00,-3.354101966249684263e+00,-3.577708763999663422e+00,-4.472135954999579277e-01,8.944271909999158554e-01,1.788854381999831711e+00,1.565247584249852775e+00,2.906888370749726391e+00,2.906888370749726391e+00,5.813776741499452783e+00,8.273451516749220858e+00,8.273451516749220858e+00,7.155417527999326843e+00,7.155417527999326843e+00,5.590169943749473624e+00,5.366563145999495354e+00,6.931810730249347685e+00,7.155417527999326843e+00,8.720665112249179174e+00,8.273451516749220858e+00,7.602631123499284271e+00,7.826237921249263430e+00,4.248529157249600452e+00,4.695742752749557880e+00,2.906888370749726391e+00,3.354101966249684263e+00,4.919349550499537038e+00,3.130495168499705549e+00,3.354101966249684263e+00,2.683281572999747677e+00,2.683281572999747677e+00,2.236067977499789805e+00,2.459674775249768519e+00,2.459674775249768519e+00,1.118033988749894903e+00,-4.472135954999579277e-01,8.944271909999158554e-01,-2.236067977499789639e-01,-1.118033988749894903e+00,-6.708203932499369193e-01,-4.472135954999579277e-01,-8.944271909999158554e-01,-8.944271909999158554e-01,1.788854381999831711e+00,2.683281572999747677e+00,2.236067977499789805e+00,2.683281572999747677e+00,1.341640786499873839e+00,1.341640786499873839e+00,8.944271909999158554e-01,4.472135954999579277e-01,2.236067977499789639e-01,-1.341640786499873839e+00,-2.906888370749726391e+00,-2.683281572999747677e+00,-1.565247584249852775e+00,4.472135954999579277e-01,8.944271909999158554e-01,8.944271909999158554e-01,6.708203932499369193e-01,4.472135954999579277e-01,-4.472135954999579277e-01,-1.565247584249852775e+00,-1.565247584249852775e+00,-1.118033988749894903e+00,-1.118033988749894903e+00,-8.944271909999158554e-01,-6.708203932499369193e-01,-6.708203932499369193e-01,-1.565247584249852775e+00,-1.118033988749894903e+00,-2.906888370749726391e+00,-1.788854381999831711e+00,0.000000000000000000e+00,-2.236067977499789639e-01,1.341640786499873839e+00,1.341640786499873839e+00,3.801315561749642136e+00,5.590169943749473624e+00,3.354101966249684263e+00,2.683281572999747677e+00,2.012461179749810647e+00,2.236067977499789805e+00,4.248529157249600452e+00,4.695742752749557880e+00,4.695742752749557880e+00,3.801315561749642136e+00,4.024922359499621294e+00,8.944271909999158554e-01,3.130495168499705549e+00,2.236067977499789805e+00,2.906888370749726391e+00,1.565247584249852775e+00,1.565247584249852775e+00,2.236067977499789805e+00,1.788854381999831711e+00,2.236067977499789639e-01,-1.118033988749894903e+00,-1.565247584249852775e+00,-3.130495168499705549e+00,-2.906888370749726391e+00,-3.130495168499705549e+00,-2.459674775249768519e+00,-3.801315561749642136e+00,-2.459674775249768519e+00,-2.459674775249768519e+00,-1.341640786499873839e+00,-3.354101966249684263e+00,-1.118033988749894903e+00,8.944271909999158554e-01,1.565247584249852775e+00,2.683281572999747677e+00,2.236067977499789805e+00,2.459674775249768519e+00,1.341640786499873839e+00,2.236067977499789639e-01,-1.565247584249852775e+00,-1.341640786499873839e+00,-2.012461179749810647e+00,-3.354101966249684263e+00,-2.012461179749810647e+00,-1.341640786499873839e+00,-6.708203932499369193e-01,-1.341640786499873839e+00,1.565247584249852775e+00,1.788854381999831711e+00,2.012461179749810647e+00,1.341640786499873839e+00,3.130495168499705549e+00,4.472135954999579610e+00,4.919349550499537038e+00,4.024922359499621294e+00,3.801315561749642136e+00,2.906888370749726391e+00,4.695742752749557880e+00,4.472135954999579610e+00,4.024922359499621294e+00,5.142956348249516196e+00,6.484597134749389369e+00,6.931810730249347685e+00,6.931810730249347685e+00,5.590169943749473624e+00,5.142956348249516196e+00,4.248529157249600452e+00,4.248529157249600452e+00,2.236067977499789805e+00,3.130495168499705549e+00,2.236067977499789805e+00,6.708203932499369193e-01,-6.708203932499369193e-01,-2.459674775249768519e+00,-3.354101966249684263e+00,-4.248529157249600452e+00,-5.142956348249516196e+00,-5.813776741499452783e+00,-6.484597134749389369e+00,-5.142956348249516196e+00,-4.919349550499537038e+00,-4.472135954999579610e+00,-4.695742752749557880e+00,-4.472135954999579610e+00,-3.130495168499705549e+00,-2.459674775249768519e+00,-1.565247584249852775e+00,2.236067977499789639e-01,-6.708203932499369193e-01,-2.236067977499789805e+00,-2.012461179749810647e+00,2.236067977499789639e-01,-4.472135954999579277e-01,2.459674775249768519e+00,1.565247584249852775e+00,2.459674775249768519e+00,2.236067977499789805e+00,6.708203932499369193e-01,2.012461179749810647e+00,4.472135954999579610e+00,4.248529157249600452e+00,2.683281572999747677e+00,3.801315561749642136e+00,3.801315561749642136e+00,2.459674775249768519e+00,2.906888370749726391e+00,4.472135954999579610e+00,5.366563145999495354e+00,5.142956348249516196e+00,2.906888370749726391e+00,1.565247584249852775e+00,8.944271909999158554e-01,4.472135954999579277e-01,4.472135954999579277e-01,2.012461179749810647e+00,1.788854381999831711e+00,2.906888370749726391e+00,1.788854381999831711e+00,2.236067977499789805e+00,3.354101966249684263e+00,3.801315561749642136e+00,3.354101966249684263e+00,3.801315561749642136e+00,2.683281572999747677e+00,3.577708763999663422e+00,4.024922359499621294e+00,2.236067977499789805e+00,2.236067977499789805e+00,1.565247584249852775e+00,3.577708763999663422e+00,3.801315561749642136e+00,2.012461179749810647e+00,2.236067977499789805e+00,3.354101966249684263e+00,2.683281572999747677e+00,4.472135954999579277e-01,8.944271909999158554e-01,8.944271909999158554e-01,8.944271909999158554e-01,-2.236067977499789639e-01,6.708203932499369193e-01,0.000000000000000000e+00,4.472135954999579277e-01,2.236067977499789639e-01,-6.708203932499369193e-01,-2.236067977499789639e-01,-4.472135954999579277e-01,6.708203932499369193e-01,2.012461179749810647e+00,1.788854381999831711e+00,2.459674775249768519e+00,4.472135954999579277e-01,4.472135954999579277e-01,1.118033988749894903e+00,-1.341640786499873839e+00,-1.565247584249852775e+00,-2.012461179749810647e+00,0.000000000000000000e+00,4.472135954999579277e-01,4.472135954999579277e-01,-6.708203932499369193e-01,2.236067977499789805e+00,2.459674775249768519e+00,2.906888370749726391e+00,3.354101966249684263e+00,4.472135954999579610e+00,2.012461179749810647e+00,3.130495168499705549e+00,4.248529157249600452e+00,2.906888370749726391e+00,2.459674775249768519e+00,2.906888370749726391e+00,3.130495168499705549e+00,3.130495168499705549e+00,2.012461179749810647e+00,6.708203932499369193e-01,4.472135954999579277e-01,-1.788854381999831711e+00,-1.788854381999831711e+00,8.944271909999158554e-01,-4.472135954999579277e-01,4.472135954999579277e-01,4.472135954999579277e-01,2.459674775249768519e+00,2.236067977499789639e-01,4.472135954999579277e-01,4.472135954999579277e-01,1.118033988749894903e+00,2.012461179749810647e+00,1.341640786499873839e+00,8.944271909999158554e-01,-1.118033988749894903e+00,4.472135954999579277e-01,6.708203932499369193e-01,-8.944271909999158554e-01,-1.118033988749894903e+00,-2.459674775249768519e+00,-2.906888370749726391e+00,-2.906888370749726391e+00,-1.565247584249852775e+00,-1.341640786499873839e+00,-1.565247584249852775e+00,-2.236067977499789639e-01,-2.236067977499789805e+00,-3.130495168499705549e+00,-4.248529157249600452e+00,-3.354101966249684263e+00,-1.118033988749894903e+00,-2.236067977499789639e-01,-6.708203932499369193e-01,2.236067977499789639e-01,2.236067977499789639e-01,8.944271909999158554e-01,2.236067977499789639e-01,-4.472135954999579277e-01,2.236067977499789639e-01,-8.944271909999158554e-01,1.118033988749894903e+00,1.341640786499873839e+00,1.788854381999831711e+00,-6.708203932499369193e-01,0.000000000000000000e+00,-1.341640786499873839e+00,-2.459674775249768519e+00,-1.341640786499873839e+00,0.000000000000000000e+00,8.944271909999158554e-01,1.341640786499873839e+00,1.341640786499873839e+00,2.683281572999747677e+00,1.788854381999831711e+00,1.788854381999831711e+00,2.459674775249768519e+00,1.788854381999831711e+00,2.459674775249768519e+00,2.236067977499789805e+00,2.012461179749810647e+00,1.118033988749894903e+00,6.708203932499369193e-01,1.118033988749894903e+00,1.788854381999831711e+00,-1.565247584249852775e+00,-4.472135954999579277e-01,-6.708203932499369193e-01,-1.788854381999831711e+00,-1.565247584249852775e+00,-2.236067977499789805e+00,-2.906888370749726391e+00,-3.130495168499705549e+00,-2.906888370749726391e+00,-2.459674775249768519e+00,-2.906888370749726391e+00,-5.590169943749473624e+00,-4.695742752749557880e+00,-4.024922359499621294e+00,-5.813776741499452783e+00,-5.366563145999495354e+00,-5.813776741499452783e+00,-3.801315561749642136e+00,-4.248529157249600452e+00,-4.472135954999579610e+00,-2.683281572999747677e+00,-2.683281572999747677e+00,-1.565247584249852775e+00,-4.024922359499621294e+00,-4.248529157249600452e+00,-4.248529157249600452e+00,-4.919349550499537038e+00,-4.695742752749557880e+00,-4.695742752749557880e+00,-4.248529157249600452e+00,-2.906888370749726391e+00
-4.024922359499621294e+00,-3.354101966249684263e+00,-4.024922359499621294e+00,-4.919349550499537038e+00,-4.919349550499537038e+00,-6.037383539249431941e+00,-7.155417527999326843e+00,-6.708203932499368527e+00,-4.919349550499537038e+00,-4.248529157249600452e+00,-6.260990336999411099e+00,-4.919349550499537038e+00,-5.366563145999495354e+00,-5.366563145999495354e+00,-5.142956348249516196e+00,-2.906888370749726391e+00,-2.012461179749810647e+00,-3.801315561749642136e+00,-5.142956348249516196e+00,-4.919349550499537038e+00,-5.590169943749473624e+00,-5.813776741499452783e+00,-5.366563145999495354e+00,-5.590169943749473624e+00,-4.919349550499537038e+00,-7.379024325749306001e+00,-8.497058314499200904e+00,-5.813776741499452783e+00,-4.024922359499621294e+00,-4.024922359499621294e+00,-2.683281572999747677e+00,-2.459674775249768519e+00,-1.341640786499873839e+00,-3.130495168499705549e+00,-2.906888370749726391e+00,-3.577708763999663422e+00,-3.577708763999663422e+00,-2.683281572999747677e+00,-3.577708763999663422e+00,-3.801315561749642136e+00,-4.024922359499621294e+00,-2.459674775249768519e+00,-1.118033988749894903e+00,-2.236067977499789805e+00,-2.012461179749810647e+00,-2.683281572999747677e+00,-2.236067977499789805e+00,-1.118033988749894903e+00,-8.944271909999158554e-01,-8.944271909999158554e-01,-1.565247584249852775e+00,-2.683281572999747677e+00,-2.906888370749726391e+00,1.118033988749894903e+00,1.341640786499873839e+00,1.341640786499873839e+00,4.248529157249600452e+00,5.813776741499452783e+00,4.472135954999579610e+00,2.012461179749810647e+00,4.472135954999579277e-01,-2.236067977499789805e+00,-2.683281572999747677e+00,-1.788854381999831711e+00,-3.130495168499705549e+00,-2.459674775249768519e+00,-1.788854381999831711e+00,-2.012461179749810647e+00,-2.683281572999747677e+00,-3.354101966249684263e+00,-3.354101966249684263e+00,-4.024922359499621294e+00,-3.801315561749642136e+00,-5.142956348249516196e+00,-5.590169943749473624e+00,-6.037383539249431941e+00,-6.484597134749389369e+00,-6.484597134749389369e+00,-6.037383539249431941e+00,-4.248529157249600452e+00,-3.577708763999663422e+00,-2.906888370749726391e+00,-4.248529157249600452e+00,-3.354101966249684263e+00,-1.341640786499873839e+00,-6.708203932499369193e-01,-1.788854381999831711e+00,-3.354101966249684263e+00,-6.260990336999411099e+00,-7.602631123499284271e+00,-6.931810730249347685e+00,-5.813776741499452783e+00,-5.366563145999495354e+00,-4.695742752749557880e+00,-7.155417527999326843e+00,-4.695742752749557880e+00,-3.130495168499705549e+00,-4.248529157249600452e+00,-5.813776741499452783e+00,-5.813776741499452783e+00,-4.472135954999579610e+00,-6.708203932499368527e+00,-7.155417527999326843e+00,-4.695742752749557880e+00,-4.919349550499537038e+00,-4.248529157249600452e+00,-6.260990336999411099e+00,-4.695742752749557880e+00,-5.590169943749473624e+00,-3.354101966249684263e+00,-2.012461179749810647e+00,-2.459674775249768519e+00,-3.801315561749642136e+00,-3.130495168499705549e+00,-3.354101966249684263e+00,-2.906888370749726391e+00,-4.024922359499621294e+00,-4.024922359499621294e+00,-2.683281572999747677e+00,-1.118033988749894903e+00,2.236067977499789639e-01,0.000000000000000000e+00,2.236067977499789805e+00,2.236067977499789805e+00,1.118033988749894903e+00,4.695742752749557880e+00,6.037383539249431941e+00,4.472135954999579610e+00,3.577708763999663422e+00,4.024922359499621294e+00,3.801315561749642136e+00,2.236067977499789805e+00,3.130495168499705549e+00,3.577708763999663422e+00,3.801315561749642136e+00,4.695742752749557880e+00,5.142956348249516196e+00,4.024922359499621294e+00,4.024922359499621294e+00,1.565247584249852775e+00,2.012461179749810647e+00,3.577708763999663422e+00,2.683281572999747677e+00,3.130495168499705549e+00,3.354101966249684263e+00,3.801315561749642136e+00,2.459674775249768519e+00,6.708203932499369193e-01,0.000000000000000000e+00,2.236067977499789639e-01,-1.565247584249852775e+00,-6.708203932499369193e-01,-1.788854381999831711e+00,-1.341640786499873839e+00,-1.341640786499873839e+00,-2.012461179749810647e+00,-1.565247584249852775e+00,-4.472135954999579277e-01,4.472135954999579277e-01,-4.472135954999579277e-01,0.000000000000000000e+00,1.118033988749894903e+00,1.118033988749894903e+00,2.906888370749726391e+00,1.341640786499873839e+00,4.024922359499621294e+00,3.354101966249684263e+00,3.354101966249684263e+00,3.577708763999663422e+00,4.919349550499537038e+00,3.130495168499705549e+00,2.236067977499789805e+00,2.683281572999747677e+00,3.577708763999663422e+00,4.248529157249600452e+00,5.813776741499452783e+00,5.590169943749473624e+00,4.919349550499537038e+00,5.366563145999495354e+00,4.695742752749557880e+00,4.248529157249600452e+00,2.459674775249768519e+00,1.118033988749894903e+00,8.944271909999158554e-01,1.788854381999831711e+00,1.565247584249852775e+00,-4.472135954999579277e-01,-6.708203932499369193e-01,-2.683281572999747677e+00,-4.695742752749557880e+00,-2.683281572999747677e+00,-3.130495168499705549e+00,-3.801315561749642136e+00,-4.695742752749557880e+00,-3.577708763999663422e+00,-4.024922359499621294e+00,-2.906888370749726391e+00,-2.683281572999747677e+00,-3.130495168499705549e+00,-2.236067977499789805e+00,1.341640786499873839e+00,1.788854381999831711e+00,2.683281572999747677e+00,2.459674775249768519e+00,2.236067977499789805e+00,2.236067977499789805e+00,1.788854381999831711e+00,2.683281572999747677e+00,1.788854381999831711e+00,1.788854381999831711e+00,1.341640786499873839e+00,6.708203932499369193e-01,-8.944271909999158554e-01,-1.788854381999831711e+00,-2.236067977499789805e+00,-2.012461179749810647e+00,-1.118033988749894903e+00,1.118033988749894903e+00,2.459674775249768519e+00,2.236067977499789805e+00,3.577708763999663422e+00,1.565247584249852775e+00,2.236067977499789639e-01,-8.944271909999158554e-01,-2.236067977499789805e+00,-3.354101966249684263e+00,-1.788854381999831711e+00,-1.565247584249852775e+00,-1.341640786499873839e+00,-2.236067977499789639e-01,1.341640786499873839e+00,1.118033988749894903e+00,3.801315561749642136e+00,4.695742752749557880e+00,3.130495168499705549e+00,2.012461179749810647e+00,4.472135954999579610e+00,3.801315561749642136e+00,3.130495168499705549e+00,3.130495168499705549e+00,2.683281572999747677e+00,3.130495168499705549e+00,3.801315561749642136e+00,2.459674775249768519e+00,4.919349550499537038e+00,5.142956348249516196e+00,6.260990336999411099e+00,4.695742752749557880e+00,6.037383539249431941e+00,5.813776741499452783e+00,6.484597134749389369e+00,8.273451516749220858e+00,7.602631123499284271e+00,7.602631123499284271e+00,7.602631123499284271e+00,3.801315561749642136e+00,2.459674775249768519e+00,3.354101966249684263e+00,-4.472135954999579277e-01,2.236067977499789639e-01,2.012461179749810647e+00,2.459674775249768519e+00,2.459674775249768519e+00,2.683281572999747677e+00,1.788854381999831711e+00,8.944271909999158554e-01,2.236067977499789639e-01,0.000000000000000000e+00,-4.472135954999579277e-01,2.236067977499789639e-01,1.341640786499873839e+00,6.708203932499369193e-01,-8.944271909999158554e-01,1.118033988749894903e+00,2.236067977499789639e-01,1.788854381999831711e+00,6.708203932499369193e-01,2.683281572999747677e+00,3.354101966249684263e+00,4.472135954999579610e+00,4.695742752749557880e+00,3.354101966249684263e+00,3.801315561749642136e+00,1.565247584249852775e+00,8.944271909999158554e-01,1.788854381999831711e+00,0.000000000000000000e+00,8.944271909999158554e-01,4.472135954999579277e-01,-8.944271909999158554e-01,4.472135954999579277e-01,2.236067977499789639e-01,0.000000000000000000e+00,-6.708203932499369193e-01,1.565247584249852775e+00,2.236067977499789805e+00,2.236067977499789805e+00,2.459674775249768519e+00,2.236067977499789805e+00,8.944271909999158554e-01,-1.341640786499873839e+00,-6.708203932499369193e-01,4.472135954999579277e-01,2.236067977499789639e-01,2.236067977499789639e-01,-8.944271909999158554e-01,-1.118033988749894903e+00,-1.788854381999831711e+00,-6.708203932499369193e-01,-1.565247584249852775e+00,-2.459674775249768519e+00,-4.248529157249600452e+00,-3.354101966249684263e+00,-3.354101966249684263e+00,-6.260990336999411099e+00,-6.260990336999411099e+00,-5.813776741499452783e+00,-4.024922359499621294e+00,-3.130495168499705549e+00,-5.142956348249516196e+00,-6.708203932499368527e+00,-6.708203932499368527e+00,-3.577708763999663422e+00,-2.683281572999747677e+00,-1.118033988749894903e+00,-2.906888370749726391e+00,-4.472135954999579610e+00,-4.024922359499621294e+00,-3.354101966249684263e+00,-2.236067977499789805e+00,-4.472135954999579277e-01,-8.944271909999158554e-01,4.472135954999579277e-01,1.118033988749894903e+00,2.012461179749810647e+00,2.459674775249768519e+00,1.788854381999831711e+00,-2.236067977499789639e-01,0.000000000000000000e+00,-1.341640786499873839e+00,-1.118033988749894903e+00,1.565247584249852775e+00,6.708203932499369193e-01,-2.236067977499789639e-01,-2.236067977499789805e+00,-1.565247584249852775e+00,-4.472135954999579277e-01,-1.341640786499873839e+00,-3.130495168499705549e+00,-2.236067977499789805e+00,-2.236067977499789805e+00,-2.236067977499789639e-01,-2.236067977499789639e-01,-6.708203932499369193e-01,-4.472135954999579277e-01,0.000000000000000000e+00,0.000000000000000000e+00,-6.708203932499369193e-01,2.236067977499789639e-01,2.236067977499789639e-01,2.012461179749810647e+00,8.944271909999158554e-01,-1.565247584249852775e+00,-1.565247584249852775e+00,-3.577708763999663422e+00,-2.906888370749726391e+00,-2.236067977499789805e+00,-2.012461179749810647e+00,-4.472135954999579277e-01,-4.472135954999579277e-01,-8.944271909999158554e-01,0.000000000000000000e+00,2.012461179749810647e+00,1.118033988749894903e+00,6.708203932499369193e-01,6.708203932499369193e-01,2.683281572999747677e+00,2.683281572999747677e+00,-2.236067977499789639e-01,4.472135954999579277e-01,-2.236067977499789805e+00,-3.577708763999663422e+00,-3.130495168499705549e+00,-1.565247584249852775e+00,0.000000000000000000e+00,6.708203932499369193e-01,-4.472135954999579277e-01,-2.236067977499789805e+00,0.000000000000000000e+00,4.472135954999579277e-01,1.565247584249852775e+00,3.354101966249684263e+00,2.683281572999747677e+00,1.565247584249852775e+00,1.788854381999831711e+00,1.788854381999831711e+00,1.565247584249852775e+00,2.236067977499789805e+00,0.000000000000000000e+00,-1.341640786499873839e+00,-2.012461179749810647e+00,-1.118033988749894903e+00,-1.565247584249852775e+00,-2.012461179749810647e+00,-4.024922359499621294e+00,-2.683281572999747677e+00,-2.459674775249768519e+00,-1.118033988749894903e+00,-4.472135954999579277e-01,-6.708203932499369193e-01,-2.236067977499789805e+00,-2.906888370749726391e+00,-2.683281572999747677e+00,2.236067977499789639e-01,2.236067977499789639e-01,1.118033988749894903e+00,2.236067977499789639e-01,4.472135954999579277e-01,-2.236067977499789639e-01,6.708203932499369193e-01,8.944271909999158554e-01,1.565247584249852775e+00,0.000000000000000000e+00,1.565247584249852775e+00,2.459674775249768519e+00,3.801315561749642136e+00,1.118033988749894903e+00,2.012461179749810647e+00,3.577708763999663422e+00,1.118033988749894903e+00,6.708203932499369193e-01,1.118033988749894903e+00,-4.472135954999579277e-01,1.565247584249852775e+00,1.788854381999831711e+00,3.354101966249684263e+00,2.012461179749810647e+00,1.118033988749894903e+00,2.459674775249768519e+00,-8.944271909999158554e-01,-6.708203932499369193e-01,-1.565247584249852775e+00,-2.236067977499789805e+00,-8.944271909999158554e-01,-6.708203932499369193e-01,-6.708203932499369193e-01,2.236067977499789639e-01,0.000000000000000000e+00,6.708203932499369193e-01,2.906888370749726391e+00,2.683281572999747677e+00,2.683281572999747677e+00,2.906888370749726391e+00,3.130495168499705549e+00,4.695742752749557880e+00,3.577708763999663422e+00,3.354101966249684263e+00,3.354101966249684263e+00,2.459674775249768519e+00,3.577708763999663422e+00,5.366563145999495354e+00,4.472135954999579610e+00,6.037383539249431941e+00,6.931810730249347685e+00,6.260990336999411099e+00,5.366563145999495354e+00,5.813776741499452783e+00,6.260990336999411099e+00,6.260990336999411099e+00,7.826237921249263430e+00,8.497058314499200904e+00,8.720665112249179174e+00,8.497058314499200904e+00,9.615092303249095806e+00,9.391485505499115760e+00,8.497058314499200904e+00,8.944271909999159220e+00,8.944271909999159220e+00,7.826237921249263430e+00,4.695742752749557880e+00,4.919349550499537038e+00,7.826237921249263430e+00,5.366563145999495354e+00,4.248529157249600452e+00,3.801315561749642136e+00,4.472135954999579610e+00,6.037383539249431941e+00,4.695742752749557880e+00,5.813776741499452783e+00,6.484597134749389369e+00,6.708203932499368527e+00,5.813776741499452783e+00,3.801315561749642136e+00,4.248529157249600452e+00,4.472135954999579610e+00,2.683281572999747677e+00,6.708203932499369193e-01,-6.708203932499369193e-01,2.236067977499789639e-01,-2.236067977499789639e-01
1.341640786499873839e+00,1.118033988749894903e+00,4.472135954999579277e-01,3.130495168499705549e+00,2.236067977499789805e+00,3.354101966249684263e+00,3.354101966249684263e+00,1.788854381999831711e+00,3.130495168499705549e+00,2.459674775249768519e+00,8.944271909999158554e-01,1.118033988749894903e+00,2.236067977499789639e-01,-4.472135954999579277e-01,-6.708203932499369193e-01,-6.708203932499369193e-01,2.236067977499789639e-01,2.012461179749810647e+00,2.012461179749810647e+00,1.565247584249852775e+00,2.459674775249768519e+00,2.683281572999747677e+00,1.118033988749894903e+00,1.341640786499873839e+00,3.354101966249684263e+00,2.906888370749726391e+00,1.565247584249852775e+00,1.118033988749894903e+00,1.118033988749894903e+00,4.472135954999579277e-01,2.236067977499789639e-01,-4.472135954999579277e-01,-6.708203932499369193e-01,2.236067977499789639e-01,-4.472135954999579277e-01,-2.683281572999747677e+00,-1.565247584249852775e+00,-2.683281572999747677e+00,-4.472135954999579610e+00,-5.366563145999495354e+00,-7.602631123499284271e+00,-5.813776741499452783e+00,-4.919349550499537038e+00,-4.248529157249600452e+00,-6.260990336999411099e+00,-6.260990336999411099e+00,-6.708203932499368527e+00,-5.813776741499452783e+00,-4.472135954999579610e+00,-3.801315561749642136e+00,-5.142956348249516196e+00,-3.801315561749642136e+00,-2.683281572999747677e+00,4.472135954999579277e-01,-8.944271909999158554e-01,-1.118033988749894903e+00,-8.944271909999158554e-01,-2.012461179749810647e+00,-2.459674775249768519e+00,-2.459674775249768519e+00,-3.577708763999663422e+00,-4.024922359499621294e+00,-2.683281572999747677e+00,-1.341640786499873839e+00,2.236067977499789639e-01,1.118033988749894903e+00,4.472135954999579610e+00,2.683281572999747677e+00,1.118033988749894903e+00,1.565247584249852775e+00,0.000000000000000000e+00,-1.341640786499873839e+00,-2.459674775249768519e+00,-4.695742752749557880e+00,-3.577708763999663422e+00,-4.024922359499621294e+00,-4.024922359499621294e+00,-1.341640786499873839e+00,2.236067977499789639e-01,4.472135954999579277e-01,2.012461179749810647e+00,4.248529157249600452e+00,4.919349550499537038e+00,5.590169943749473624e+00,4.248529157249600452e+00,3.130495168499705549e+00,1.565247584249852775e+00,2.459674775249768519e+00,1.341640786499873839e+00,2.012461179749810647e+00,8.944271909999158554e-01,2.683281572999747677e+00,2.236067977499789805e+00,1.788854381999831711e+00,1.118033988749894903e+00,1.341640786499873839e+00,2.459674775249768519e+00,2.906888370749726391e+00,4.024922359499621294e+00,2.012461179749810647e+00,2.683281572999747677e+00,1.788854381999831711e+00,2.683281572999747677e+00,8.944271909999158554e-01,4.472135954999579277e-01,4.472135954999579277e-01,-1.118033988749894903e+00,-6.708203932499369193e-01,-1.341640786499873839e+00,-1.118033988749894903e+00,8.944271909999158554e-01,1.118033988749894903e+00,-4.472135954999579277e-01,4.472135954999579277e-01,2.012461179749810647e+00,1.565247584249852775e+00,4.472135954999579277e-01,0.000000000000000000e+00,0.000000000000000000e+00,-4.472135954999579277e-01,0.000000000000000000e+00,0.000000000000000000e+00,-1.118033988749894903e+00,-2.236067977499789805e+00,-3.354101966249684263e+00,-5.813776741499452783e+00,-7.379024325749306001e+00,-8.720665112249179174e+00,-8.273451516749220858e+00,-7.155417527999326843e+00,-9.391485505499115760e+00,-8.497058314499200904e+00,-6.484597134749389369e+00,-7.155417527999326843e+00,-4.919349550499537038e+00,-5.590169943749473624e+00,-4.248529157249600452e+00,-3.801315561749642136e+00,-4.472135954999579610e+00,-6.260990336999411099e+00,-5.366563145999495354e+00,-5.142956348249516196e+00,-5.142956348249516196e+00,-6.037383539249431941e+00,-6.708203932499368527e+00,-6.260990336999411099e+00,-6.484597134749389369e+00,-3.130495168499705549e+00,-2.906888370749726391e+00,-4.248529157249600452e+00,-3.354101966249684263e+00,-2.459674775249768519e+00,-4.024922359499621294e+00,-2.906888370749726391e+00,-3.354101966249684263e+00,-3.577708763999663422e+00,-3.577708763999663422e+00,-5.366563145999495354e+00,-6.260990336999411099e+00,-6.931810730249347685e+00,-5.590169943749473624e+00,-4.248529157249600452e+00,-1.788854381999831711e+00,-1.565247584249852775e+00,-1.118033988749894903e+00,2.236067977499789639e-01,0.000000000000000000e+00,-1.118033988749894903e+00,-1.788854381999831711e+00,-2.012461179749810647e+00,2.236067977499789639e-01,1.118033988749894903e+00,1.118033988749894903e+00,-2.236067977499789639e-01,1.118033988749894903e+00,-4.472135954999579277e-01,-1.118033988749894903e+00,-2.012461179749810647e+00,-2.236067977499789805e+00,-1.118033988749894903e+00,-1.118033988749894903e+00,-6.708203932499369193e-01,8.944271909999158554e-01,-4.472135954999579277e-01,-8.944271909999158554e-01,-8.944271909999158554e-01,-1.565247584249852775e+00,-1.341640786499873839e+00,-1.788854381999831711e+00,-6.708203932499369193e-01,-1.118033988749894903e+00,-1.118033988749894903e+00,-1.565247584249852775e+00,-4.472135954999579277e-01,4.472135954999579277e-01,4.472135954999579277e-01,-2.236067977499789639e-01,-8.944271909999158554e-01,-1.788854381999831711e+00,-1.788854381999831711e+00,-2.236067977499789805e+00,-8.944271909999158554e-01,2.236067977499789639e-01,-2.236067977499789639e-01,2.236067977499789639e-01,1.118033988749894903e+00,2.236067977499789639e-01,8.944271909999158554e-01,6.708203932499369193e-01,2.906888370749726391e+00,2.012461179749810647e+00,4.472135954999579610e+00,4.248529157249600452e+00,3.354101966249684263e+00,4.248529157249600452e+00,2.012461179749810647e+00,1.341640786499873839e+00,-8.944271909999158554e-01,-2.683281572999747677e+00,-4.472135954999579610e+00,-2.683281572999747677e+00,-1.788854381999831711e+00,-1.788854381999831711e+00,-2.012461179749810647e+00,-2.459674775249768519e+00,-1.341640786499873839e+00,-4.472135954999579277e-01,2.236067977499789639e-01,1.118033988749894903e+00,1.341640786499873839e+00,1.565247584249852775e+00,2.012461179749810647e+00,1.565247584249852775e+00,4.024922359499621294e+00,3.801315561749642136e+00,2.683281572999747677e+00,2.459674775249768519e+00,-2.236067977499789639e-01,1.341640786499873839e+00,4.695742752749557880e+00,5.366563145999495354e+00,6.931810730249347685e+00,5.366563145999495354e+00,4.472135954999579610e+00,4.919349550499537038e+00,5.590169943749473624e+00,6.260990336999411099e+00,4.248529157249600452e+00,5.590169943749473624e+00,5.142956348249516196e+00,4.472135954999579610e+00,5.142956348249516196e+00,3.801315561749642136e+00,2.012461179749810647e+00,3.354101966249684263e+00,3.130495168499705549e+00,2.459674775249768519e+00,2.459674775249768519e+00,3.130495168499705549e+00,2.236067977499789805e+00,2.459674775249768519e+00,1.788854381999831711e+00,2.236067977499789639e-01,6.708203932499369193e-01,0.000000000000000000e+00,2.012461179749810647e+00,8.944271909999158554e-01,2.012461179749810647e+00,1.565247584249852775e+00,1.341640786499873839e+00,2.683281572999747677e+00,3.801315561749642136e+00,4.248529157249600452e+00,4.919349550499537038e+00,3.801315561749642136e+00,5.142956348249516196e+00,3.130495168499705549e+00,3.130495168499705549e+00,2.683281572999747677e+00,2.236067977499789639e-01,6.708203932499369193e-01,-4.472135954999579277e-01,-3.801315561749642136e+00,-2.683281572999747677e+00,-1.788854381999831711e+00,-2.683281572999747677e+00,-2.906888370749726391e+00,-1.788854381999831711e+00,-2.012461179749810647e+00,-4.472135954999579277e-01,-2.236067977499789639e-01,-1.565247584249852775e+00,-1.118033988749894903e+00,-2.236067977499789639e-01,2.236067977499789639e-01,4.472135954999579277e-01,2.236067977499789639e-01,6.708203932499369193e-01,-2.236067977499789639e-01,-2.012461179749810647e+00,-1.788854381999831711e+00,-8.944271909999158554e-01,-6.708203932499369193e-01,-2.459674775249768519e+00,-3.577708763999663422e+00,-4.024922359499621294e+00,-3.354101966249684263e+00,-3.801315561749642136e+00,-4.472135954999579610e+00,-8.944271909999158554e-01,-8.944271909999158554e-01,-3.130495168499705549e+00,-3.130495168499705549e+00,-4.024922359499621294e+00,-4.248529157249600452e+00,-5.142956348249516196e+00,-6.708203932499368527e+00,-5.813776741499452783e+00,-5.142956348249516196e+00,-4.695742752749557880e+00,-5.366563145999495354e+00,-6.260990336999411099e+00,-4.695742752749557880e+00,-4.024922359499621294e+00,-4.472135954999579610e+00,-3.354101966249684263e+00,-2.683281572999747677e+00,0.000000000000000000e+00,-8.944271909999158554e-01,-8.944271909999158554e-01,-1.341640786499873839e+00,-2.459674775249768519e+00,-8.944271909999158554e-01,-6.708203932499369193e-01,-2.459674775249768519e+00,-4.024922359499621294e+00,-5.142956348249516196e+00,-3.577708763999663422e+00,-2.236067977499789805e+00,-1.118033988749894903e+00,-2.236067977499789639e-01,-2.012461179749810647e+00,-1.788854381999831711e+00,0.000000000000000000e+00,-6.708203932499369193e-01,2.236067977499789639e-01,4.472135954999579277e-01,1.118033988749894903e+00,1.788854381999831711e+00,4.472135954999579277e-01,-1.565247584249852775e+00,-4.024922359499621294e+00,-4.248529157249600452e+00,-1.788854381999831711e+00,-2.906888370749726391e+00,-3.577708763999663422e+00,-3.801315561749642136e+00,-4.024922359499621294e+00,-4.472135954999579610e+00,-4.695742752749557880e+00,-3.130495168499705549e+00,-2.906888370749726391e+00,-1.118033988749894903e+00,2.236067977499789639e-01,-1.118033988749894903e+00,-1.565247584249852775e+00,-1.341640786499873839e+00,-2.012461179749810647e+00,-2.683281572999747677e+00,-3.354101966249684263e+00,-4.919349550499537038e+00,-4.248529157249600452e+00,-4.695742752749557880e+00,-6.037383539249431941e+00,-5.366563145999495354e+00,-6.260990336999411099e+00,-4.695742752749557880e+00,-3.130495168499705549e+00,-3.577708763999663422e+00,-4.248529157249600452e+00,-2.459674775249768519e+00,-2.459674775249768519e+00,-3.354101966249684263e+00,-3.801315561749642136e+00,-3.354101966249684263e+00,-4.024922359499621294e+00,-3.130495168499705549e+00,-1.788854381999831711e+00,-1.341640786499873839e+00,-8.944271909999158554e-01,6.708203932499369193e-01,1.565247584249852775e+00,2.906888370749726391e+00,4.024922359499621294e+00,3.130495168499705549e+00,1.788854381999831711e+00,2.012461179749810647e+00,2.236067977499789805e+00,4.695742752749557880e+00,5.590169943749473624e+00,5.590169943749473624e+00,4.695742752749557880e+00,5.142956348249516196e+00,5.142956348249516196e+00,4.472135954999579610e+00,4.919349550499537038e+00,4.248529157249600452e+00,3.577708763999663422e+00,3.801315561749642136e+00,2.906888370749726391e+00,3.577708763999663422e+00,4.472135954999579610e+00,3.801315561749642136e+00,3.354101966249684263e+00,1.118033988749894903e+00,1.565247584249852775e+00,2.236067977499789805e+00,1.788854381999831711e+00,1.565247584249852775e+00,6.708203932499369193e-01,4.472135954999579277e-01,0.000000000000000000e+00,4.472135954999579277e-01,1.565247584249852775e+00,2.906888370749726391e+00,2.459674775249768519e+00,2.683281572999747677e+00,2.906888370749726391e+00,6.708203932499369193e-01,6.708203932499369193e-01,-2.012461179749810647e+00,-1.788854381999831711e+00,-2.236067977499789805e+00,-3.130495168499705549e+00,-3.354101966249684263e+00,-2.459674775249768519e+00,-2.459674775249768519e+00,-6.708203932499369193e-01,-4.472135954999579277e-01,1.118033988749894903e+00,2.236067977499789639e-01,-8.944271909999158554e-01,-1.788854381999831711e+00,-2.236067977499789805e+00,-1.341640786499873839e+00,-2.012461179749810647e+00,-3.130495168499705549e+00,-2.683281572999747677e+00,-3.354101966249684263e+00,-5.142956348249516196e+00,-4.024922359499621294e+00,-6.037383539249431941e+00,-4.248529157249600452e+00,-5.366563145999495354e+00,-4.695742752749557880e+00,-5.142956348249516196e+00,-4.919349550499537038e+00,-3.577708763999663422e+00,-3.801315561749642136e+00,-2.236067977499789805e+00,-1.788854381999831711e+00,-2.012461179749810647e+00,-2.459674775249768519e+00,-4.472135954999579277e-01,-4.472135954999579277e-01,6.708203932499369193e-01,-4.472135954999579277e-01,8.944271909999158554e-01,0.000000000000000000e+00,4.472135954999579277e-01,2.906888370749726391e+00,2.236067977499789805e+00,4.024922359499621294e+00,4.024922359499621294e+00,3.354101966249684263e+00,2.683281572999747677e+00,3.130495168499705549e+00,2.236067977499789805e+00,1.565247584249852775e+00,8.944271909999158554e-01,2.459674775249768519e+00,1.118033988749894903e+00,-2.236067977499789639e-01,6.708203932499369193e-01,1.565247584249852775e+00,1.788854381999831711e+00,2.906888370749726391e+00,2.012461179749810647e+00,-8.944271909999158554e-01,-1.788854381999831711e+00,-2.012461179749810647e+00,-1.788854381999831711e+00,-6.708203932499369193e-01,-1.118033988749894903e+00,2.683281572999747677e+00,2.683281572999747677e+00,4.024922359499621294e+00,2.236067977499789805e+00,1.118033988749894903e+00,1.118033988749894903e+00
-7.379024325749306001e+00,-6.260990336999411099e+00,-6.484597134749389369e+00,-7.379024325749306001e+00,-5.590169943749473624e+00,-5.366563145999495354e+00,-4.695742752749557880e+00,-3.577708763999663422e+00,-3.130495168499705549e+00,-3.801315561749642136e+00,-4.248529157249600452e+00,-1.565247584249852775e+00,-2.459674775249768519e+00,-1.565247584249852775e+00,-1.565247584249852775e+00,-8.944271909999158554e-01,-2.683281572999747677e+00,-3.354101966249684263e+00,-4.248529157249600452e+00,-4.919349550499537038e+00,-3.801315561749642136e+00,-4.472135954999579610e+00,-4.472135954999579610e+00,-6.484597134749389369e+00,-5.813776741499452783e+00,-5.366563145999495354e+00,-5.142956348249516196e+00,-5.142956348249516196e+00,-5.366563145999495354e+00,-4.248529157249600452e+00,-2.459674775249768519e+00,-1.788854381999831711e+00,-4.472135954999579277e-01,-1.118033988749894903e+00,-6.708203932499369193e-01,1.341640786499873839e+00,1.118033988749894903e+00,1.118033988749894903e+00,2.459674775249768519e+00,6.708203932499369193e-01,1.118033988749894903e+00,1.788854381999831711e+00,2.012461179749810647e+00,4.472135954999579277e-01,-8.944271909999158554e-01,-2.236067977499789639e-01,6.708203932499369193e-01,-4.472135954999579277e-01,-1.788854381999831711e+00,-2.459674775249768519e+00,-1.565247584249852775e+00,-4.472135954999579277e-01,-2.236067977499789639e-01,0.000000000000000000e+00,-4.472135954999579277e-01,-2.236067977499789639e-01,-2.236067977499789639e-01,-1.565247584249852775e+00,-2.236067977499789805e+00,-2.236067977499789805e+00,-1.118033988749894903e+00,-2.236067977499789805e+00,-2.236067977499789805e+00,0.000000000000000000e+00,-3.130495168499705549e+00,-1.565247584249852775e+00,-2.012461179749810647e+00,-8.944271909999158554e-01,-1.341640786499873839e+00,-3.130495168499705549e+00,-3.801315561749642136e+00,-5.366563145999495354e+00,-5.366563145999495354e+00,-4.919349550499537038e+00,-5.142956348249516196e+00,-2.683281572999747677e+00,-2.236067977499789805e+00,-2.459674775249768519e+00,-2.906888370749726391e+00,2.236067977499789639e-01,-6.708203932499369193e-01,-8.944271909999158554e-01,-4.472135954999579277e-01,4.472135954999579277e-01,-2.236067977499789805e+00,-4.024922359499621294e+00,-3.801315561749642136e+00,-2.236067977499789805e+00,-3.354101966249684263e+00,-1.341640786499873839e+00,-1.118033988749894903e+00,-6.708203932499369193e-01,8.944271909999158554e-01,1.788854381999831711e+00,3.130495168499705549e+00,2.012461179749810647e+00,1.341640786499873839e+00,2.906888370749726391e+00,3.801315561749642136e+00,5.142956348249516196e+00,8.049844718999242588e+00,9.391485505499115760e+00,8.497058314499200904e+00,9.167878707749137490e+00,8.049844718999242588e+00,7.826237921249263430e+00,9.838699100999074076e+00,8.497058314499200904e+00,6.931810730249347685e+00,8.049844718999242588e+00,5.590169943749473624e+00,5.366563145999495354e+00,5.813776741499452783e+00,4.695742752749557880e+00,6.037383539249431941e+00,5.590169943749473624e+00,3.801315561749642136e+00,2.012461179749810647e+00,1.788854381999831711e+00,2.236067977499789805e+00,2.459674775249768519e+00,3.577708763999663422e+00,2.906888370749726391e+00,1.341640786499873839e+00,3.354101966249684263e+00,2.683281572999747677e+00,1.118033988749894903e+00,1.788854381999831711e+00,-2.236067977499789639e-01,-4.472135954999579277e-01,-1.565247584249852775e+00,-1.565247584249852775e+00,-2.012461179749810647e+00,0.000000000000000000e+00,2.236067977499789639e-01,2.459674775249768519e+00,1.788854381999831711e+00,2.012461179749810647e+00,1.341640786499873839e+00,8.944271909999158554e-01,2.459674775249768519e+00,2.012461179749810647e+00,3.801315561749642136e+00,3.130495168499705549e+00,3.577708763999663422e+00,4.248529157249600452e+00,1.118033988749894903e+00,6.708203932499369193e-01,2.236067977499789639e-01,8.944271909999158554e-01,-1.118033988749894903e+00,-2.012461179749810647e+00,-6.708203932499369193e-01,-1.565247584249852775e+00,-4.024922359499621294e+00,-5.142956348249516196e+00,-3.577708763999663422e+00,-3.577708763999663422e+00,-2.012461179749810647e+00,-3.130495168499705549e+00,-3.801315561749642136e+00,-4.248529157249600452e+00,-3.801315561749642136e+00,-3.577708763999663422e+00,-4.695742752749557880e+00,-3.801315561749642136e+00,-3.130495168499705549e+00,-2.906888370749726391e+00,-8.944271909999158554e-01,1.788854381999831711e+00,2.683281572999747677e+00,3.577708763999663422e+00,4.472135954999579610e+00,4.248529157249600452e+00,3.130495168499705549e+00,1.341640786499873839e+00,3.130495168499705549e+00,4.024922359499621294e+00,3.130495168499705549e+00,4.024922359499621294e+00,2.459674775249768519e+00,3.354101966249684263e+00,3.801315561749642136e+00,4.472135954999579610e+00,1.341640786499873839e+00,-6.708203932499369193e-01,1.565247584249852775e+00,1.341640786499873839e+00,8.944271909999158554e-01,2.236067977499789639e-01,-8.944271909999158554e-01,-6.708203932499369193e-01,2.236067977499789639e-01,-1.788854381999831711e+00,-2.012461179749810647e+00,-1.118033988749894903e+00,1.118033988749894903e+00,4.472135954999579277e-01,8.944271909999158554e-01,-1.341640786499873839e+00,-2.683281572999747677e+00,-4.248529157249600452e+00,-2.683281572999747677e+00,-3.577708763999663422e+00,-4.248529157249600452e+00,-5.813776741499452783e+00,-5.590169943749473624e+00,-4.472135954999579610e+00,-5.366563145999495354e+00,-5.813776741499452783e+00,-5.142956348249516196e+00,-3.354101966249684263e+00,-5.590169943749473624e+00,-7.602631123499284271e+00,-9.391485505499115760e+00,-8.720665112249179174e+00,-9.167878707749137490e+00,-8.049844718999242588e+00,-6.037383539249431941e+00,-6.260990336999411099e+00,-6.708203932499368527e+00,-4.695742752749557880e+00,-5.366563145999495354e+00,-7.379024325749306001e+00,-7.379024325749306001e+00,-6.484597134749389369e+00,-4.024922359499621294e+00,-2.683281572999747677e+00,-2.236067977499789805e+00,-2.683281572999747677e+00,-2.906888370749726391e+00,-1.118033988749894903e+00,6.708203932499369193e-01,3.354101966249684263e+00,3.801315561749642136e+00,2.236067977499789805e+00,2.236067977499789805e+00,4.024922359499621294e+00,2.012461179749810647e+00,2.906888370749726391e+00,2.683281572999747677e+00,4.919349550499537038e+00,3.577708763999663422e+00,3.130495168499705549e+00,2.683281572999747677e+00,2.236067977499789805e+00,2.459674775249768519e+00,3.354101966249684263e+00,3.354101966249684263e+00,4.472135954999579610e+00,2.459674775249768519e+00,4.248529157249600452e+00,2.906888370749726391e+00,3.354101966249684263e+00,3.130495168499705549e+00,3.130495168499705549e+00,3.801315561749642136e+00,3.130495168499705549e+00,3.577708763999663422e+00,4.024922359499621294e+00,3.801315561749642136e+00,2.906888370749726391e+00,1.788854381999831711e+00,2.236067977499789639e-01,2.236067977499789639e-01,2.236067977499789639e-01,-1.788854381999831711e+00,-2.906888370749726391e+00,-1.788854381999831711e+00,-4.024922359499621294e+00,-5.366563145999495354e+00,-3.801315561749642136e+00,-1.788854381999831711e+00,-2.236067977499789805e+00,-1.565247584249852775e+00,-1.118033988749894903e+00,2.236067977499789639e-01,2.236067977499789639e-01,-6.708203932499369193e-01,-2.236067977499789639e-01,-8.944271909999158554e-01,-2.683281572999747677e+00,-2.012461179749810647e+00,-1.788854381999831711e+00,-6.708203932499369193e-01,-6.708203932499369193e-01,-1.118033988749894903e+00,4.472135954999579277e-01,8.944271909999158554e-01,8.944271909999158554e-01,1.341640786499873839e+00,1.341640786499873839e+00,8.944271909999158554e-01,1.565247584249852775e+00,2.459674775249768519e+00,4.248529157249600452e+00,3.354101966249684263e+00,3.354101966249684263e+00,2.012461179749810647e+00,4.472135954999579277e-01,-2.236067977499789639e-01,1.341640786499873839e+00,1.118033988749894903e+00,1.341640786499873839e+00,8.944271909999158554e-01,2.906888370749726391e+00,3.577708763999663422e+00,5.590169943749473624e+00,4.919349550499537038e+00,4.248529157249600452e+00,4.024922359499621294e+00,2.906888370749726391e+00,1.341640786499873839e+00,2.459674775249768519e+00,8.944271909999158554e-01,1.565247584249852775e+00,6.708203932499369193e-01,8.944271909999158554e-01,1.788854381999831711e+00,1.565247584249852775e+00,0.000000000000000000e+00,-2.236067977499789639e-01,-1.118033988749894903e+00,-2.236067977499789639e-01,2.012461179749810647e+00,1.118033988749894903e+00,4.472135954999579277e-01,-1.788854381999831711e+00,-2.906888370749726391e+00,-2.459674775249768519e+00,-6.708203932499369193e-01,-8.944271909999158554e-01,-6.708203932499369193e-01,-1.118033988749894903e+00,-4.472135954999579277e-01,-2.012461179749810647e+00,-2.012461179749810647e+00,-4.472135954999579277e-01,-1.118033988749894903e+00,-1.565247584249852775e+00,-8.944271909999158554e-01,-2.906888370749726391e+00,-1.118033988749894903e+00,-1.565247584249852775e+00,0.000000000000000000e+00,1.341640786499873839e+00,2.683281572999747677e+00,4.472135954999579277e-01,0.000000000000000000e+00,-4.472135954999579277e-01,-1.565247584249852775e+00,-2.012461179749810647e+00,-1.118033988749894903e+00,-1.565247584249852775e+00,2.236067977499789639e-01,8.944271909999158554e-01,-2.683281572999747677e+00,-2.012461179749810647e+00,-8.944271909999158554e-01,-1.565247584249852775e+00,-1.341640786499873839e+00,1.565247584249852775e+00,3.801315561749642136e+00,3.354101966249684263e+00,2.906888370749726391e+00,1.118033988749894903e+00,2.459674775249768519e+00,1.565247584249852775e+00,8.944271909999158554e-01,1.565247584249852775e+00,-6.708203932499369193e-01,-1.565247584249852775e+00,-4.472135954999579277e-01,2.236067977499789639e-01,-6.708203932499369193e-01,2.236067977499789639e-01,-4.472135954999579277e-01,-4.472135954999579277e-01,-1.341640786499873839e+00,-1.118033988749894903e+00,6.708203932499369193e-01,0.000000000000000000e+00,-8.944271909999158554e-01,-1.565247584249852775e+00,-8.944271909999158554e-01,6.708203932499369193e-01,0.000000000000000000e+00,2.236067977499789639e-01,-6.708203932499369193e-01,-3.354101966249684263e+00,-3.354101966249684263e+00,-3.130495168499705549e+00,-2.683281572999747677e+00,-1.788854381999831711e+00,-8.944271909999158554e-01,-6.708203932499369193e-01,-6.708203932499369193e-01,1.118033988749894903e+00,2.683281572999747677e+00,2.236067977499789805e+00,2.012461179749810647e+00,2.012461179749810647e+00,2.906888370749726391e+00,3.354101966249684263e+00,4.248529157249600452e+00,2.683281572999747677e+00,3.130495168499705549e+00,3.801315561749642136e+00,5.142956348249516196e+00,5.366563145999495354e+00,6.037383539249431941e+00,4.472135954999579610e+00,4.695742752749557880e+00,5.142956348249516196e+00,3.354101966249684263e+00,2.012461179749810647e+00,4.472135954999579277e-01,-2.236067977499789805e+00,-3.801315561749642136e+00,-6.260990336999411099e+00,-4.695742752749557880e+00,-5.366563145999495354e+00,-4.472135954999579610e+00,-3.130495168499705549e+00,-4.472135954999579277e-01,-2.236067977499789805e+00,-3.130495168499705549e+00,-3.130495168499705549e+00,-4.919349550499537038e+00,-4.919349550499537038e+00,-4.024922359499621294e+00,-4.919349550499537038e+00,-4.024922359499621294e+00,-2.012461179749810647e+00,-1.565247584249852775e+00,-2.236067977499789805e+00,-4.472135954999579277e-01,-1.118033988749894903e+00,1.565247584249852775e+00,1.118033988749894903e+00,6.708203932499369193e-01,1.341640786499873839e+00,4.472135954999579277e-01,-1.118033988749894903e+00,-1.565247584249852775e+00,-1.118033988749894903e+00,-1.565247584249852775e+00,-8.944271909999158554e-01,-1.118033988749894903e+00,-8.944271909999158554e-01,-2.683281572999747677e+00,-2.459674775249768519e+00,-2.683281572999747677e+00,-1.341640786499873839e+00,-1.788854381999831711e+00,-1.788854381999831711e+00,-3.130495168499705549e+00,-1.788854381999831711e+00,-2.459674775249768519e+00,-1.788854381999831711e+00,-8.944271909999158554e-01,0.000000000000000000e+00,-6.708203932499369193e-01,-2.236067977499789639e-01,-8.944271909999158554e-01,-1.118033988749894903e+00,-1.341640786499873839e+00,-2.236067977499789639e-01,-4.472135954999579277e-01,-2.683281572999747677e+00,-3.354101966249684263e+00,-4.248529157249600452e+00,-4.248529157249600452e+00,-4.695742752749557880e+00,-4.024922359499621294e+00,-4.024922359499621294e+00,-2.906888370749726391e+00,-2.683281572999747677e+00,-2.236067977499789805e+00,-2.683281572999747677e+00,-3.354101966249684263e+00,-1.341640786499873839e+00,-3.801315561749642136e+00,-4.024922359499621294e+00,-3.354101966249684263e+00,-2.459674775249768519e+00,-2.236067977499789805e+00,-3.130495168499705549e+00,-1.118033988749894903e+00,-4.472135954999579277e-01,1.118033988749894903e+00,3.577708763999663422e+00,3.801315561749642136e+00,1.565247584249852775e+00,4.472135954999579277e-01,6.708203932499369193e-01,6.708203932499369193e-01,0.000000000000000000e+00,2.236067977499789639e-01,0.000000000000000000e+00
8.944271909999158554e-01,-1.565247584249852775e+00,-2.236067977499789639e-01,-4.472135954999579277e-01,-1.788854381999831711e+00,-2.683281572999747677e+00,-4.472135954999579277e-01,-4.472135954999579277e-01,-6.708203932499369193e-01,-2.236067977499789639e-01,4.472135954999579277e-01,4.472135954999579277e-01,8.944271909999158554e-01,2.236067977499789639e-01,-1.341640786499873839e+00,0.000000000000000000e+00,2.459674775249768519e+00,1.565247584249852775e+00,2.236067977499789639e-01,2.236067977499789639e-01,-1.118033988749894903e+00,-1.565247584249852775e+00,-1.118033988749894903e+00,-3.354101966249684263e+00,-2.906888370749726391e+00,-3.354101966249684263e+00,-3.354101966249684263e+00,-2.236067977499789805e+00,-2.906888370749726391e+00,-2.683281572999747677e+00,-2.906888370749726391e+00,-2.236067977499789805e+00,-4.472135954999579610e+00,-2.236067977499789805e+00,-2.459674775249768519e+00,-2.236067977499789805e+00,0.000000000000000000e+00,2.236067977499789639e-01,6.708203932499369193e-01,0.000000000000000000e+00,-6.708203932499369193e-01,4.472135954999579277e-01,8.944271909999158554e-01,3.577708763999663422e+00,2.906888370749726391e+00,3.354101966249684263e+00,6.260990336999411099e+00,8.049844718999242588e+00,8.049844718999242588e+00,6.484597134749389369e+00,6.260990336999411099e+00,4.695742752749557880e+00,3.354101966249684263e+00,2.906888370749726391e+00,2.683281572999747677e+00,4.472135954999579277e-01,1.788854381999831711e+00,-8.944271909999158554e-01,2.012461179749810647e+00,2.906888370749726391e+00,5.590169943749473624e+00,5.366563145999495354e+00,4.695742752749557880e+00,5.590169943749473624e+00,2.683281572999747677e+00,2.236067977499789805e+00,2.459674775249768519e+00,6.708203932499369193e-01,-2.012461179749810647e+00,-2.236067977499789639e-01,-4.472135954999579277e-01,2.236067977499789639e-01,1.118033988749894903e+00,-4.472135954999579277e-01,0.000000000000000000e+00,0.000000000000000000e+00,-1.341640786499873839e+00,-6.708203932499369193e-01,-1.341640786499873839e+00,-1.118033988749894903e+00,-6.708203932499369193e-01,-6.708203932499369193e-01,-1.118033988749894903e+00,-8.944271909999158554e-01,-4.472135954999579277e-01,6.708203932499369193e-01,2.459674775249768519e+00,3.130495168499705549e+00,2.906888370749726391e+00,2.012461179749810647e+00,2.236067977499789805e+00,4.024922359499621294e+00,2.906888370749726391e+00,2.906888370749726391e+00,2.459674775249768519e+00,3.354101966249684263e+00,3.130495168499705549e+00,3.801315561749642136e+00,2.459674775249768519e+00,-8.944271909999158554e-01,-8.944271909999158554e-01,0.000000000000000000e+00,-6.708203932499369193e-01,2.236067977499789639e-01,0.000000000000000000e+00,-1.118033988749894903e+00,-8.944271909999158554e-01,-6.708203932499369193e-01,-2.459674775249768519e+00,-3.130495168499705549e+00,-3.577708763999663422e+00,-3.354101966249684263e+00,-2.459674775249768519e+00,-4.472135954999579610e+00,-2.906888370749726391e+00,-2.683281572999747677e+00,-1.118033988749894903e+00,-1.341640786499873839e+00,-4.472135954999579277e-01,1.565247584249852775e+00,-1.565247584249852775e+00,-3.130495168499705549e+00,-3.801315561749642136e+00,-1.565247584249852775e+00,-6.708203932499369193e-01,-8.944271909999158554e-01,-2.459674775249768519e+00,-4.248529157249600452e+00,-4.695742752749557880e+00,-5.142956348249516196e+00,-4.695742752749557880e+00,-2.906888370749726391e+00,-1.565247584249852775e+00,-2.459674775249768519e+00,-1.788854381999831711e+00,-1.118033988749894903e+00,-1.788854381999831711e+00,-2.236067977499789639e-01,-8.944271909999158554e-01,-2.236067977499789805e+00,-2.459674775249768519e+00,-2.012461179749810647e+00,-3.130495168499705549e+00,-3.354101966249684263e+00,-3.354101966249684263e+00,-3.801315561749642136e+00,-3.130495168499705549e+00,-8.944271909999158554e-01,-1.788854381999831711e+00,-2.906888370749726391e+00,-5.142956348249516196e+00,-3.354101966249684263e+00,2.236067977499789639e-01,1.341640786499873839e+00,2.906888370749726391e+00,2.683281572999747677e+00,8.944271909999158554e-01,1.341640786499873839e+00,-2.236067977499789639e-01,-2.236067977499789639e-01,0.000000000000000000e+00,2.236067977499789639e-01,2.906888370749726391e+00,1.341640786499873839e+00,1.118033988749894903e+00,2.459674775249768519e+00,4.248529157249600452e+00,7.602631123499284271e+00,8.944271909999159220e+00,8.944271909999159220e+00,8.497058314499200904e+00,5.813776741499452783e+00,5.366563145999495354e+00,5.813776741499452783e+00,5.142956348249516196e+00,3.577708763999663422e+00,3.130495168499705549e+00,1.118033988749894903e+00,1.565247584249852775e+00,2.459674775249768519e+00,2.236067977499789805e+00,3.130495168499705549e+00,3.801315561749642136e+00,3.801315561749642136e+00,2.459674775249768519e+00,6.260990336999411099e+00,5.813776741499452783e+00,4.472135954999579610e+00,3.801315561749642136e+00,4.024922359499621294e+00,3.130495168499705549e+00,3.801315561749642136e+00,3.130495168499705549e+00,-6.708203932499369193e-01,-4.472135954999579277e-01,-1.788854381999831711e+00,-1.341640786499873839e+00,-2.012461179749810647e+00,-1.118033988749894903e+00,-6.708203932499369193e-01,4.472135954999579277e-01,2.459674775249768519e+00,2.683281572999747677e+00,2.236067977499789805e+00,1.565247584249852775e+00,-1.341640786499873839e+00,-2.236067977499789639e-01,-2.459674775249768519e+00,-2.012461179749810647e+00,-2.906888370749726391e+00,-4.472135954999579610e+00,-7.155417527999326843e+00,-8.049844718999242588e+00,-7.155417527999326843e+00,-8.049844718999242588e+00,-7.155417527999326843e+00,-6.484597134749389369e+00,-6.484597134749389369e+00,-5.813776741499452783e+00,-4.248529157249600452e+00,-5.366563145999495354e+00,-3.801315561749642136e+00,-6.708203932499369193e-01,-1.565247584249852775e+00,-2.012461179749810647e+00,-1.565247584249852775e+00,-4.024922359499621294e+00,-4.695742752749557880e+00,-6.037383539249431941e+00,-5.813776741499452783e+00,-5.590169943749473624e+00,-7.379024325749306001e+00,-5.590169943749473624e+00,-6.484597134749389369e+00,-6.708203932499368527e+00,-8.273451516749220858e+00,-9.838699100999074076e+00,-7.826237921249263430e+00,-7.602631123499284271e+00,-6.037383539249431941e+00,-4.248529157249600452e+00,-4.248529157249600452e+00,-5.366563145999495354e+00,-5.366563145999495354e+00,-4.248529157249600452e+00,-1.341640786499873839e+00,8.944271909999158554e-01,2.236067977499789639e-01,4.472135954999579277e-01,-1.788854381999831711e+00,2.236067977499789639e-01,-2.236067977499789639e-01,-6.708203932499369193e-01,-1.118033988749894903e+00,-3.577708763999663422e+00,-2.459674775249768519e+00,-2.906888370749726391e+00,-3.130495168499705549e+00,-3.354101966249684263e+00,-4.024922359499621294e+00,-6.260990336999411099e+00,-6.484597134749389369e+00,-6.260990336999411099e+00,-7.602631123499284271e+00,-7.826237921249263430e+00,-4.472135954999579610e+00,-3.354101966249684263e+00,-5.813776741499452783e+00,-5.590169943749473624e+00,-7.379024325749306001e+00,-6.708203932499368527e+00,-7.155417527999326843e+00,-7.379024325749306001e+00,-3.801315561749642136e+00,-2.683281572999747677e+00,-2.683281572999747677e+00,-2.683281572999747677e+00,-2.459674775249768519e+00,-2.906888370749726391e+00,-4.472135954999579610e+00,-5.590169943749473624e+00,-5.366563145999495354e+00,-7.826237921249263430e+00,-7.379024325749306001e+00,-8.049844718999242588e+00,-7.826237921249263430e+00,-8.273451516749220858e+00,-6.484597134749389369e+00,-7.602631123499284271e+00,-6.708203932499368527e+00,-4.695742752749557880e+00,-3.801315561749642136e+00,-4.695742752749557880e+00,-2.236067977499789805e+00,-8.944271909999158554e-01,-3.354101966249684263e+00,-3.801315561749642136e+00,-2.012461179749810647e+00,-3.130495168499705549e+00,-3.130495168499705549e+00,-3.577708763999663422e+00,-2.012461179749810647e+00,-2.236067977499789805e+00,2.236067977499789639e-01,2.236067977499789639e-01,-1.788854381999831711e+00,0.000000000000000000e+00,2.012461179749810647e+00,2.012461179749810647e+00,6.708203932499369193e-01,6.708203932499369193e-01,-1.341640786499873839e+00,-1.118033988749894903e+00,-2.236067977499789639e-01,-2.236067977499789639e-01,0.000000000000000000e+00,-2.012461179749810647e+00,-2.012461179749810647e+00,-1.565247584249852775e+00,1.788854381999831711e+00,1.565247584249852775e+00,1.565247584249852775e+00,3.354101966249684263e+00,2.236067977499789639e-01,-1.341640786499873839e+00,-2.236067977499789639e-01,1.788854381999831711e+00,1.565247584249852775e+00,1.341640786499873839e+00,-6.708203932499369193e-01,-2.236067977499789639e-01,-4.472135954999579277e-01,-6.708203932499369193e-01,4.472135954999579277e-01,-1.565247584249852775e+00,1.118033988749894903e+00,-8.944271909999158554e-01,-1.565247584249852775e+00,-2.012461179749810647e+00,-2.012461179749810647e+00,-1.341640786499873839e+00,-1.341640786499873839e+00,-6.708203932499369193e-01,2.236067977499789639e-01,2.236067977499789639e-01,4.472135954999579277e-01,1.341640786499873839e+00,1.341640786499873839e+00,8.944271909999158554e-01,-4.472135954999579277e-01,2.012461179749810647e+00,4.024922359499621294e+00,3.577708763999663422e+00,3.354101966249684263e+00,4.024922359499621294e+00,5.142956348249516196e+00,4.024922359499621294e+00,4.024922359499621294e+00,3.801315561749642136e+00,3.130495168499705549e+00,3.130495168499705549e+00,2.906888370749726391e+00,1.788854381999831711e+00,2.236067977499789805e+00,8.944271909999158554e-01,3.130495168499705549e+00,4.695742752749557880e+00,6.260990336999411099e+00,6.037383539249431941e+00,4.919349550499537038e+00,4.919349550499537038e+00,6.484597134749389369e+00,4.919349550499537038e+00,6.260990336999411099e+00,7.379024325749306001e+00,6.931810730249347685e+00,8.049844718999242588e+00,6.260990336999411099e+00,6.484597134749389369e+00,5.813776741499452783e+00,5.590169943749473624e+00,4.024922359499621294e+00,4.248529157249600452e+00,4.024922359499621294e+00,3.130495168499705549e+00,3.577708763999663422e+00,1.118033988749894903e+00,1.118033988749894903e+00,1.118033988749894903e+00,6.708203932499369193e-01,1.118033988749894903e+00,2.459674775249768519e+00,4.472135954999579610e+00,4.248529157249600452e+00,3.130495168499705549e+00,3.577708763999663422e+00,4.248529157249600452e+00,3.354101966249684263e+00,2.906888370749726391e+00,2.906888370749726391e+00,4.695742752749557880e+00,4.695742752749557880e+00,4.472135954999579610e+00,2.236067977499789805e+00,3.354101966249684263e+00,7.379024325749306001e+00,6.260990336999411099e+00,4.919349550499537038e+00,8.273451516749220858e+00,7.155417527999326843e+00,5.142956348249516196e+00,3.354101966249684263e+00,1.565247584249852775e+00,-2.236067977499789639e-01,3.354101966249684263e+00,3.577708763999663422e+00,2.012461179749810647e+00,2.236067977499789805e+00,1.565247584249852775e+00,1.118033988749894903e+00,1.788854381999831711e+00,3.577708763999663422e+00,5.142956348249516196e+00,5.142956348249516196e+00,3.577708763999663422e+00,3.130495168499705549e+00,4.695742752749557880e+00,4.472135954999579610e+00,2.012461179749810647e+00,4.024922359499621294e+00,3.577708763999663422e+00,2.012461179749810647e+00,3.801315561749642136e+00,3.130495168499705549e+00,2.906888370749726391e+00,3.130495168499705549e+00,1.788854381999831711e+00,8.944271909999158554e-01,1.118033988749894903e+00,2.459674775249768519e+00,2.906888370749726391e+00,2.906888370749726391e+00,2.236067977499789639e-01,1.341640786499873839e+00,2.012461179749810647e+00,1.788854381999831711e+00,1.788854381999831711e+00,2.459674775249768519e+00,3.130495168499705549e+00,2.012461179749810647e+00,8.944271909999158554e-01,6.708203932499369193e-01,8.944271909999158554e-01,0.000000000000000000e+00,-1.565247584249852775e+00,-1.118033988749894903e+00,-6.708203932499369193e-01,-6.708203932499369193e-01,2.236067977499789639e-01,4.472135954999579277e-01,-6.708203932499369193e-01,-1.118033988749894903e+00,-2.459674775249768519e+00,-1.565247584249852775e+00,-2.236067977499789805e+00,-2.012461179749810647e+00,-1.788854381999831711e+00,-1.565247584249852775e+00,-1.788854381999831711e+00,-4.024922359499621294e+00,-4.024922359499621294e+00,-4.472135954999579610e+00,-4.248529157249600452e+00,-4.695742752749557880e+00,-4.024922359499621294e+00,-4.024922359499621294e+00,-4.472135954999579610e+00,-5.142956348249516196e+00,-4.472135954999579610e+00,-2.906888370749726391e+00,-2.683281572999747677e+00,-6.708203932499369193e-01,-4.472135954999579277e-01,-6.708203932499369193e-01,-2.236067977499789639e-01,-2.236067977499789639e-01,-2.236067977499789639e-01,-4.472135954999579277e-01,-2.236067977499789639e-01,-2.906888370749726391e+00,-3.354101966249684263e+00,-2.459674775249768519e+00,-8.944271909999158554e-01,0.000000000000000000e+00,-1.565247584249852775e+00,-2.906888370749726391e+00,-2.683281572999747677e+00,-6.708203932499369193e-01,-2.012461179749810647e+00,-2.906888370749726391e+00
-7.379024325749306001e+00,-6.931810730249347685e+00,-3.130495168499705549e+00,-1.788854381999831711e+00,-4.472135954999579277e-01,-4.472135954999579277e-01,0.000000000000000000e+00,6.708203932499369193e-01,2.906888370749726391e+00,3.354101966249684263e+00,2.683281572999747677e+00,4.248529157249600452e+00,1.565247584249852775e+00,1.118033988749894903e+00,6.708203932499369193e-01,2.236067977499789639e-01,1.788854381999831711e+00,3.801315561749642136e+00,3.577708763999663422e+00,4.024922359499621294e+00,3.577708763999663422e+00,3.801315561749642136e+00,5.142956348249516196e+00,4.919349550499537038e+00,4.919349550499537038e+00,3.354101966249684263e+00,4.024922359499621294e+00,2.236067977499789805e+00,2.012461179749810647e+00,2.683281572999747677e+00,1.118033988749894903e+00,-2.012461179749810647e+00,-1.565247584249852775e+00,4.472135954999579277e-01,8.944271909999158554e-01,1.565247584249852775e+00,6.708203932499369193e-01,0.000000000000000000e+00,4.472135954999579277e-01,6.708203932499369193e-01,8.944271909999158554e-01,1.341640786499873839e+00,2.236067977499789639e-01,-1.341640786499873839e+00,-1.788854381999831711e+00,-2.012461179749810647e+00,-4.248529157249600452e+00,-3.801315561749642136e+00,-1.341640786499873839e+00,-2.012461179749810647e+00,-2.012461179749810647e+00,-3.130495168499705549e+00,-3.130495168499705549e+00,-1.341640786499873839e+00,-2.683281572999747677e+00,-3.130495168499705549e+00,-1.565247584249852775e+00,-4.472135954999579277e-01,-8.944271909999158554e-01,-1.341640786499873839e+00,-1.788854381999831711e+00,-4.248529157249600452e+00,-2.459674775249768519e+00,-6.708203932499369193e-01,-1.565247584249852775e+00,-1.565247584249852775e+00,-1.118033988749894903e+00,-2.236067977499789639e-01,-1.565247584249852775e+00,-2.012461179749810647e+00,0.000000000000000000e+00,-1.118033988749894903e+00,-1.118033988749894903e+00,-1.788854381999831711e+00,-6.708203932499369193e-01,-6.708203932499369193e-01,-1.118033988749894903e+00,2.236067977499789639e-01,8.944271909999158554e-01,-6.708203932499369193e-01,-1.341640786499873839e+00,-2.236067977499789639e-01,-6.708203932499369193e-01,0.000000000000000000e+00,1.118033988749894903e+00,2.683281572999747677e+00,-6.708203932499369193e-01,-4.472135954999579277e-01,2.236067977499789639e-01,4.472135954999579277e-01,-2.236067977499789639e-01,-2.236067977499789639e-01,1.341640786499873839e+00,1.341640786499873839e+00,-6.708203932499369193e-01,0.000000000000000000e+00,-6.708203932499369193e-01,-2.012461179749810647e+00,-1.341640786499873839e+00,-1.341640786499873839e+00,-6.708203932499369193e-01,0.000000000000000000e+00,-1.788854381999831711e+00,-1.788854381999831711e+00,-2.683281572999747677e+00,-3.801315561749642136e+00,-3.577708763999663422e+00,-3.354101966249684263e+00,-3.354101966249684263e+00,-3.577708763999663422e+00,-3.577708763999663422e+00,-3.801315561749642136e+00,-2.012461179749810647e+00,-1.118033988749894903e+00,-1.341640786499873839e+00,1.341640786499873839e+00,1.565247584249852775e+00,2.012461179749810647e+00,1.118033988749894903e+00,1.118033988749894903e+00,2.236067977499789805e+00,1.118033988749894903e+00,2.236067977499789639e-01,2.236067977499789639e-01,-8.944271909999158554e-01,-6.708203932499369193e-01,3.354101966249684263e+00,4.472135954999579277e-01,0.000000000000000000e+00,8.944271909999158554e-01,0.000000000000000000e+00,-2.236067977499789639e-01,-8.944271909999158554e-01,-2.012461179749810647e+00,-2.012461179749810647e+00,-8.944271909999158554e-01,-4.472135954999579277e-01,-2.906888370749726391e+00,-4.919349550499537038e+00,-3.801315561749642136e+00,-2.459674775249768519e+00,-1.788854381999831711e+00,-2.459674775249768519e+00,-1.118033988749894903e+00,-2.906888370749726391e+00,-2.459674775249768519e+00,-1.788854381999831711e+00,-2.236067977499789805e+00,-6.708203932499369193e-01,0.000000000000000000e+00,1.341640786499873839e+00,-4.472135954999579277e-01,4.472135954999579277e-01,1.565247584249852775e+00,1.788854381999831711e+00,1.565247584249852775e+00,2.236067977499789805e+00,2.906888370749726391e+00,3.354101966249684263e+00,4.248529157249600452e+00,4.695742752749557880e+00,4.024922359499621294e+00,4.248529157249600452e+00,3.577708763999663422e+00,3.577708763999663422e+00,2.459674775249768519e+00,0.000000000000000000e+00,3.354101966249684263e+00,3.354101966249684263e+00,2.459674775249768519e+00,2.236067977499789805e+00,3.577708763999663422e+00,3.801315561749642136e+00,2.012461179749810647e+00,2.236067977499789805e+00,2.236067977499789639e-01,3.577708763999663422e+00,3.130495168499705549e+00,2.459674775249768519e+00,4.024922359499621294e+00,4.024922359499621294e+00,5.142956348249516196e+00,4.024922359499621294e+00,2.683281572999747677e+00,2.906888370749726391e+00,4.248529157249600452e+00,4.695742752749557880e+00,3.354101966249684263e+00,2.906888370749726391e+00,1.565247584249852775e+00,-6.708203932499369193e-01,-4.472135954999579277e-01,-1.565247584249852775e+00,-8.944271909999158554e-01,2.236067977499789639e-01,-4.472135954999579277e-01,1.118033988749894903e+00,0.000000000000000000e+00,0.000000000000000000e+00,-6.708203932499369193e-01,-1.565247584249852775e+00,-4.472135954999579277e-01,-4.472135954999579277e-01,-6.708203932499369193e-01,-4.472135954999579277e-01,2.236067977499789639e-01,-2.236067977499789805e+00,-2.459674775249768519e+00,-1.788854381999831711e+00,-2.459674775249768519e+00,-5.366563145999495354e+00,-3.801315561749642136e+00,-4.024922359499621294e+00,-2.683281572999747677e+00,-3.130495168499705549e+00,-2.459674775249768519e+00,-1.341640786499873839e+00,-2.236067977499789639e-01,4.472135954999579277e-01,-6.708203932499369193e-01,8.944271909999158554e-01,1.565247584249852775e+00,1.118033988749894903e+00,0.000000000000000000e+00,-2.236067977499789639e-01,-4.472135954999579277e-01,2.236067977499789639e-01,-2.012461179749810647e+00,-5.142956348249516196e+00,-4.919349550499537038e+00,-4.472135954999579610e+00,-1.788854381999831711e+00,-2.459674775249768519e+00,-1.565247584249852775e+00,-2.012461179749810647e+00,-8.944271909999158554e-01,-1.565247584249852775e+00,-1.341640786499873839e+00,-1.565247584249852775e+00,-1.118033988749894903e+00,-1.565247584249852775e+00,2.236067977499789639e-01,6.708203932499369193e-01,-2.012461179749810647e+00,-8.944271909999158554e-01,-1.565247584249852775e+00,-8.944271909999158554e-01,-4.472135954999579277e-01,1.118033988749894903e+00,2.012461179749810647e+00,2.236067977499789805e+00,1.565247584249852775e+00,-2.236067977499789639e-01,8.944271909999158554e-01,8.944271909999158554e-01,1.565247584249852775e+00,2.236067977499789805e+00,3.354101966249684263e+00,1.565247584249852775e+00,2.236067977499789805e+00,8.944271909999158554e-01,-2.236067977499789639e-01,0.000000000000000000e+00,1.565247584249852775e+00,8.944271909999158554e-01,0.000000000000000000e+00,6.708203932499369193e-01,2.459674775249768519e+00,2.459674775249768519e+00,1.341640786499873839e+00,2.683281572999747677e+00,1.565247584249852775e+00,3.354101966249684263e+00,3.130495168499705549e+00,2.236067977499789805e+00,3.130495168499705549e+00,2.012461179749810647e+00,6.708203932499369193e-01,8.944271909999158554e-01,3.130495168499705549e+00,3.577708763999663422e+00,3.801315561749642136e+00,3.130495168499705549e+00,4.024922359499621294e+00,4.248529157249600452e+00,3.801315561749642136e+00,1.118033988749894903e+00,6.708203932499369193e-01,1.565247584249852775e+00,2.683281572999747677e+00,2.236067977499789805e+00,2.236067977499789805e+00,2.236067977499789639e-01,1.341640786499873839e+00,6.708203932499369193e-01,1.788854381999831711e+00,1.565247584249852775e+00,8.944271909999158554e-01,1.118033988749894903e+00,3.354101966249684263e+00,2.012461179749810647e+00,3.577708763999663422e+00,1.341640786499873839e+00,3.354101966249684263e+00,4.248529157249600452e+00,5.142956348249516196e+00,4.024922359499621294e+00,1.565247584249852775e+00,2.236067977499789639e-01,4.472135954999579277e-01,2.459674775249768519e+00,1.788854381999831711e+00,2.012461179749810647e+00,2.236067977499789805e+00,2.012461179749810647e+00,1.341640786499873839e+00,8.944271909999158554e-01,2.236067977499789805e+00,2.683281572999747677e+00,3.130495168499705549e+00,3.130495168499705549e+00,3.130495168499705549e+00,3.354101966249684263e+00,5.590169943749473624e+00,4.248529157249600452e+00,5.142956348249516196e+00,5.142956348249516196e+00,6.484597134749389369e+00,5.366563145999495354e+00,3.577708763999663422e+00,4.472135954999579610e+00,4.248529157249600452e+00,4.024922359499621294e+00,6.708203932499368527e+00,7.155417527999326843e+00,5.366563145999495354e+00,6.260990336999411099e+00,6.260990336999411099e+00,7.155417527999326843e+00,6.037383539249431941e+00,8.273451516749220858e+00,7.602631123499284271e+00,8.944271909999159220e+00,8.273451516749220858e+00,7.602631123499284271e+00,6.037383539249431941e+00,4.248529157249600452e+00,4.248529157249600452e+00,4.919349550499537038e+00,6.708203932499368527e+00,5.142956348249516196e+00,5.813776741499452783e+00,6.037383539249431941e+00,5.366563145999495354e+00,2.683281572999747677e+00,2.236067977499789639e-01,8.944271909999158554e-01,-1.118033988749894903e+00,-2.012461179749810647e+00,2.236067977499789639e-01,1.118033988749894903e+00,2.236067977499789639e-01,2.012461179749810647e+00,4.472135954999579277e-01,-2.906888370749726391e+00,-3.130495168499705549e+00,-2.236067977499789805e+00,-1.341640786499873839e+00,-2.683281572999747677e+00,-2.906888370749726391e+00,-4.472135954999579610e+00,-3.801315561749642136e+00,-2.683281572999747677e+00,-1.788854381999831711e+00,-6.708203932499369193e-01,-2.683281572999747677e+00,-3.577708763999663422e+00,-5.366563145999495354e+00,-2.459674775249768519e+00,-1.565247584249852775e+00,4.472135954999579277e-01,-1.118033988749894903e+00,-1.788854381999831711e+00,-2.906888370749726391e+00,-2.906888370749726391e+00,-2.236067977499789805e+00,-1.118033988749894903e+00,-2.459674775249768519e+00,-4.695742752749557880e+00,-4.695742752749557880e+00,-5.142956348249516196e+00,-4.024922359499621294e+00,-4.472135954999579610e+00,-3.354101966249684263e+00,-1.788854381999831711e+00,-1.118033988749894903e+00,-6.708203932499369193e-01,-2.683281572999747677e+00,-2.906888370749726391e+00,-2.906888370749726391e+00,-1.341640786499873839e+00,-1.565247584249852775e+00,-2.236067977499789639e-01,8.944271909999158554e-01,4.472135954999579277e-01,8.944271909999158554e-01,-6.708203932499369193e-01,-1.565247584249852775e+00,-2.683281572999747677e+00,-2.683281572999747677e+00,-2.683281572999747677e+00,-1.788854381999831711e+00,-1.341640786499873839e+00,4.472135954999579277e-01,-2.236067977499789639e-01,4.472135954999579277e-01,1.118033988749894903e+00,2.236067977499789639e-01,1.341640786499873839e+00,1.118033988749894903e+00,4.472135954999579277e-01,1.118033988749894903e+00,-6.708203932499369193e-01,-3.801315561749642136e+00,-3.801315561749642136e+00,-3.801315561749642136e+00,-2.906888370749726391e+00,-3.801315561749642136e+00,-5.142956348249516196e+00,-4.919349550499537038e+00,-5.366563145999495354e+00,-4.248529157249600452e+00,-2.906888370749726391e+00,-2.236067977499789805e+00,4.472135954999579277e-01,8.944271909999158554e-01,4.472135954999579277e-01,-4.472135954999579277e-01,-1.565247584249852775e+00,-8.944271909999158554e-01,-4.472135954999579277e-01,-1.341640786499873839e+00,4.472135954999579277e-01,0.000000000000000000e+00,2.236067977499789639e-01,4.472135954999579277e-01,8.944271909999158554e-01,2.236067977499789805e+00,2.012461179749810647e+00,1.565247584249852775e+00,2.683281572999747677e+00,2.012461179749810647e+00,6.708203932499369193e-01,1.565247584249852775e+00,1.341640786499873839e+00,2.012461179749810647e+00,1.788854381999831711e+00,4.472135954999579277e-01,1.565247584249852775e+00,1.341640786499873839e+00,1.118033988749894903e+00,8.944271909999158554e-01,1.565247584249852775e+00,2.236067977499789805e+00,3.130495168499705549e+00,2.683281572999747677e+00,1.565247584249852775e+00,1.565247584249852775e+00,2.459674775249768519e+00,2.906888370749726391e+00,3.354101966249684263e+00,4.024922359499621294e+00,2.683281572999747677e+00,2.012461179749810647e+00,4.248529157249600452e+00,3.354101966249684263e+00,1.565247584249852775e+00,2.236067977499789805e+00,4.472135954999579610e+00,4.248529157249600452e+00,3.801315561749642136e+00,2.459674775249768519e+00,4.472135954999579610e+00,2.683281572999747677e+00,3.354101966249684263e+00,3.801315561749642136e+00,5.366563145999495354e+00,5.366563145999495354e+00,5.142956348249516196e+00,5.142956348249516196e+00,4.695742752749557880e+00,4.695742752749557880e+00,4.919349550499537038e+00,4.695742752749557880e+00,2.683281572999747677e+00,2.683281572999747677e+00,2.683281572999747677e+00,1.565247584249852775e+00,1.341640786499873839e+00,-6.708203932499369193e-01
1.341640786499873839e+00,1.341640786499873839e+00,8.944271909999158554e-01,-1.565247584249852775e+00,-8.944271909999158554e-01,-1.118033988749894903e+00,-2.236067977499789805e+00,-1.341640786499873839e+00,-1.565247584249852775e+00,-1.565247584249852775e+00,-2.236067977499789805e+00,-1.565247584249852775e+00,-4.024922359499621294e+00,-2.236067977499789805e+00,-2.683281572999747677e+00,-3.130495168499705549e+00,-2.906888370749726391e+00,-3.354101966249684263e+00,-2.906888370749726391e+00,-2.683281572999747677e+00,-2.236067977499789639e-01,1.118033988749894903e+00,-8.944271909999158554e-01,-1.341640786499873839e+00,-1.788854381999831711e+00,-2.012461179749810647e+00,-3.130495168499705549e+00,-3.130495168499705549e+00,-2.012461179749810647e+00,-1.341640786499873839e+00,-6.708203932499369193e-01,-2.236067977499789639e-01,-8.944271909999158554e-01,-6.708203932499369193e-01,-4.472135954999579277e-01,-2.236067977499789639e-01,1.565247584249852775e+00,8.944271909999158554e-01,2.459674775249768519e+00,2.012461179749810647e+00,2.683281572999747677e+00,3.130495168499705549e+00,3.801315561749642136e+00,4.248529157249600452e+00,2.459674775249768519e+00,2.236067977499789805e+00,2.012461179749810647e+00,2.236067977499789639e-01,0.000000000000000000e+00,1.565247584249852775e+00,6.708203932499369193e-01,2.012461179749810647e+00,1.118033988749894903e+00,1.788854381999831711e+00,1.341640786499873839e+00,1.118033988749894903e+00,1.565247584249852775e+00,3.130495168499705549e+00,1.788854381999831711e+00,2.459674775249768519e+00,4.248529157249600452e+00,5.366563145999495354e+00,4.695742752749557880e+00,4.919349550499537038e+00,5.813776741499452783e+00,9.391485505499115760e+00,9.838699100999074076e+00,8.944271909999159220e+00,1.140394668524892730e+01,1.095673308974896898e+01,1.140394668524892730e+01,1.095673308974896898e+01,9.838699100999074076e+00,8.273451516749220858e+00,8.049844718999242588e+00,8.273451516749220858e+00,8.273451516749220858e+00,8.049844718999242588e+00,7.602631123499284271e+00,7.379024325749306001e+00,5.813776741499452783e+00,4.919349550499537038e+00,5.813776741499452783e+00,4.472135954999579610e+00,2.906888370749726391e+00,2.459674775249768519e+00,2.906888370749726391e+00,2.459674775249768519e+00,4.248529157249600452e+00,2.459674775249768519e+00,8.944271909999158554e-01,1.341640786499873839e+00,-1.565247584249852775e+00,-2.683281572999747677e+00,-3.354101966249684263e+00,-3.577708763999663422e+00,-3.801315561749642136e+00,-2.012461179749810647e+00,-2.459674775249768519e+00,-2.012461179749810647e+00,0.000000000000000000e+00,-4.472135954999579277e-01,-1.118033988749894903e+00,-1.341640786499873839e+00,-2.236067977499789639e-01,1.341640786499873839e+00,2.906888370749726391e+00,1.565247584249852775e+00,1.341640786499873839e+00,1.788854381999831711e+00,2.236067977499789805e+00,8.944271909999158554e-01,3.130495168499705549e+00,8.944271909999158554e-01,8.944271909999158554e-01,1.788854381999831711e+00,3.354101966249684263e+00,4.472135954999579610e+00,4.248529157249600452e+00,4.695742752749557880e+00,5.366563145999495354e+00,5.813776741499452783e+00,6.484597134749389369e+00,5.590169943749473624e+00,6.260990336999411099e+00,6.484597134749389369e+00,4.919349550499537038e+00,6.037383539249431941e+00,5.590169943749473624e+00,6.484597134749389369e+00,5.142956348249516196e+00,4.472135954999579610e+00,2.906888370749726391e+00,3.354101966249684263e+00,3.354101966249684263e+00,8.944271909999158554e-01,8.944271909999158554e-01,-6.708203932499369193e-01,0.000000000000000000e+00,-4.472135954999579277e-01,-1.565247584249852775e+00,-1.788854381999831711e+00,-1.565247584249852775e+00,-2.236067977499789805e+00,-2.906888370749726391e+00,-3.354101966249684263e+00,-2.459674775249768519e+00,-1.565247584249852775e+00,-2.906888370749726391e+00,-4.472135954999579277e-01,2.236067977499789639e-01,1.118033988749894903e+00,1.118033988749894903e+00,2.236067977499789805e+00,3.130495168499705549e+00,4.919349550499537038e+00,5.366563145999495354e+00,4.248529157249600452e+00,7.379024325749306001e+00,5.590169943749473624e+00,4.248529157249600452e+00,4.024922359499621294e+00,2.012461179749810647e+00,2.236067977499789805e+00,2.459674775249768519e+00,6.708203932499369193e-01,0.000000000000000000e+00,-4.472135954999579277e-01,4.472135954999579277e-01,6.708203932499369193e-01,6.708203932499369193e-01,2.236067977499789639e-01,1.341640786499873839e+00,2.012461179749810647e+00,0.000000000000000000e+00,-6.708203932499369193e-01,-2.236067977499789805e+00,-2.236067977499789805e+00,-3.354101966249684263e+00,-2.906888370749726391e+00,-5.366563145999495354e+00,-5.590169943749473624e+00,-7.379024325749306001e+00,-8.273451516749220858e+00,-8.273451516749220858e+00,-8.049844718999242588e+00,-9.167878707749137490e+00,-8.497058314499200904e+00,-7.155417527999326843e+00,-6.037383539249431941e+00,-5.813776741499452783e+00,-6.260990336999411099e+00,-7.602631123499284271e+00,-7.602631123499284271e+00,-6.708203932499368527e+00,-6.260990336999411099e+00,-6.484597134749389369e+00,-7.379024325749306001e+00,-6.260990336999411099e+00,-5.590169943749473624e+00,-6.260990336999411099e+00,-6.037383539249431941e+00,-7.155417527999326843e+00,-7.155417527999326843e+00,-5.366563145999495354e+00,-5.813776741499452783e+00,-5.366563145999495354e+00,-2.906888370749726391e+00,-3.801315561749642136e+00,-4.248529157249600452e+00,-4.472135954999579610e+00,-4.919349550499537038e+00,-4.024922359499621294e+00,-3.801315561749642136e+00,-2.236067977499789805e+00,-1.788854381999831711e+00,0.000000000000000000e+00,-4.472135954999579277e-01,-1.118033988749894903e+00,-1.118033988749894903e+00,-3.577708763999663422e+00,-4.248529157249600452e+00,-3.577708763999663422e+00,-4.919349550499537038e+00,-3.577708763999663422e+00,-4.248529157249600452e+00,-2.236067977499789805e+00,-1.788854381999831711e+00,-3.130495168499705549e+00,-4.024922359499621294e+00,-3.801315561749642136e+00,-4.695742752749557880e+00,-4.919349550499537038e+00,-4.248529157249600452e+00,-3.130495168499705549e+00,-4.472135954999579610e+00,-4.472135954999579610e+00,-3.354101966249684263e+00,-3.801315561749642136e+00,-2.906888370749726391e+00,-4.472135954999579610e+00,-3.577708763999663422e+00,-6.708203932499369193e-01,-2.236067977499789805e+00,-2.906888370749726391e+00,-2.236067977499789639e-01,2.236067977499789639e-01,1.118033988749894903e+00,-8.944271909999158554e-01,2.012461179749810647e+00,1.118033988749894903e+00,1.341640786499873839e+00,-4.472135954999579277e-01,1.565247584249852775e+00,2.012461179749810647e+00,2.236067977499789805e+00,3.130495168499705549e+00,1.565247584249852775e+00,2.906888370749726391e+00,2.906888370749726391e+00,4.248529157249600452e+00,4.695742752749557880e+00,4.024922359499621294e+00,2.906888370749726391e+00,3.801315561749642136e+00,2.683281572999747677e+00,2.236067977499789805e+00,2.906888370749726391e+00,1.788854381999831711e+00,6.708203932499369193e-01,-2.236067977499789639e-01,-4.472135954999579277e-01,0.000000000000000000e+00,1.118033988749894903e+00,2.236067977499789639e-01,2.236067977499789639e-01,-8.944271909999158554e-01,1.788854381999831711e+00,1.788854381999831711e+00,2.236067977499789639e-01,0.000000000000000000e+00,6.708203932499369193e-01,2.012461179749810647e+00,2.236067977499789805e+00,-1.565247584249852775e+00,-4.472135954999579277e-01,8.944271909999158554e-01,-4.472135954999579277e-01,-4.472135954999579277e-01,-4.472135954999579277e-01,6.708203932499369193e-01,8.944271909999158554e-01,6.708203932499369193e-01,-1.118033988749894903e+00,-6.708203932499369193e-01,-2.012461179749810647e+00,-2.012461179749810647e+00,-3.801315561749642136e+00,-4.472135954999579610e+00,-3.130495168499705549e+00,-2.459674775249768519e+00,-2.683281572999747677e+00,-1.788854381999831711e+00,-2.683281572999747677e+00,-2.012461179749810647e+00,-6.708203932499369193e-01,-1.118033988749894903e+00,-2.683281572999747677e+00,-3.130495168499705549e+00,-4.024922359499621294e+00,-3.130495168499705549e+00,-1.565247584249852775e+00,2.236067977499789639e-01,1.118033988749894903e+00,2.236067977499789805e+00,6.708203932499369193e-01,4.472135954999579277e-01,1.118033988749894903e+00,1.565247584249852775e+00,2.236067977499789805e+00,4.024922359499621294e+00,6.260990336999411099e+00,4.919349550499537038e+00,1.565247584249852775e+00,2.012461179749810647e+00,4.472135954999579277e-01,8.944271909999158554e-01,1.788854381999831711e+00,4.472135954999579277e-01,-2.236067977499789639e-01,-8.944271909999158554e-01,-1.565247584249852775e+00,0.000000000000000000e+00,-2.236067977499789639e-01,4.472135954999579277e-01,1.565247584249852775e+00,1.565247584249852775e+00,1.341640786499873839e+00,1.565247584249852775e+00,6.708203932499369193e-01,2.236067977499789805e+00,1.341640786499873839e+00,8.944271909999158554e-01,-4.472135954999579277e-01,1.341640786499873839e+00,2.012461179749810647e+00,1.565247584249852775e+00,2.236067977499789805e+00,2.459674775249768519e+00,1.788854381999831711e+00,1.565247584249852775e+00,1.118033988749894903e+00,2.236067977499789639e-01,4.472135954999579277e-01,0.000000000000000000e+00,-2.236067977499789639e-01,1.118033988749894903e+00,8.944271909999158554e-01,4.472135954999579277e-01,-8.944271909999158554e-01,-6.708203932499369193e-01,-4.472135954999579277e-01,-6.708203932499369193e-01,-1.118033988749894903e+00,-8.944271909999158554e-01,-2.236067977499789805e+00,-4.248529157249600452e+00,-2.906888370749726391e+00,-3.577708763999663422e+00,-2.459674775249768519e+00,-2.236067977499789639e-01,8.944271909999158554e-01,1.341640786499873839e+00,1.788854381999831711e+00,2.459674775249768519e+00,2.236067977499789805e+00,2.459674775249768519e+00,1.565247584249852775e+00,1.341640786499873839e+00,-2.236067977499789639e-01,-1.565247584249852775e+00,-1.788854381999831711e+00,-2.683281572999747677e+00,-3.354101966249684263e+00,-2.683281572999747677e+00,-2.683281572999747677e+00,-1.565247584249852775e+00,-8.944271909999158554e-01,1.341640786499873839e+00,2.236067977499789805e+00,2.683281572999747677e+00,2.012461179749810647e+00,1.565247584249852775e+00,2.459674775249768519e+00,2.236067977499789805e+00,2.236067977499789805e+00,1.341640786499873839e+00,4.472135954999579277e-01,-6.708203932499369193e-01,8.944271909999158554e-01,-1.118033988749894903e+00,6.708203932499369193e-01,2.236067977499789639e-01,0.000000000000000000e+00,2.236067977499789639e-01,2.236067977499789639e-01,-2.236067977499789639e-01,8.944271909999158554e-01,2.683281572999747677e+00,2.459674775249768519e+00,1.788854381999831711e+00,4.472135954999579277e-01,-4.472135954999579277e-01,-2.459674775249768519e+00,8.944271909999158554e-01,0.000000000000000000e+00,-4.472135954999579277e-01,-1.565247584249852775e+00,-1.341640786499873839e+00,1.118033988749894903e+00,1.788854381999831711e+00,2.459674775249768519e+00,4.919349550499537038e+00,4.919349550499537038e+00,4.248529157249600452e+00,5.142956348249516196e+00,6.484597134749389369e+00,5.813776741499452783e+00,4.024922359499621294e+00,3.801315561749642136e+00,2.236067977499789805e+00,1.788854381999831711e+00,3.130495168499705549e+00,4.472135954999579277e-01,8.944271909999158554e-01,2.236067977499789639e-01,2.236067977499789639e-01,3.130495168499705549e+00,3.801315561749642136e+00,1.341640786499873839e+00,3.801315561749642136e+00,4.024922359499621294e+00,4.472135954999579610e+00,4.695742752749557880e+00,4.248529157249600452e+00,3.801315561749642136e+00,1.341640786499873839e+00,6.708203932499369193e-01,8.944271909999158554e-01,2.683281572999747677e+00,3.130495168499705549e+00,4.024922359499621294e+00,2.459674775249768519e+00,2.236067977499789805e+00,1.788854381999831711e+00,1.788854381999831711e+00,1.788854381999831711e+00,6.708203932499369193e-01,1.565247584249852775e+00,4.472135954999579277e-01,8.944271909999158554e-01,1.118033988749894903e+00,8.944271909999158554e-01,2.012461179749810647e+00,1.788854381999831711e+00,1.788854381999831711e+00,1.341640786499873839e+00,-2.236067977499789639e-01,-3.130495168499705549e+00,-4.024922359499621294e+00,-3.354101966249684263e+00,-2.236067977499789805e+00,-4.248529157249600452e+00,-3.130495168499705549e+00,-4.472135954999579610e+00,-4.695742752749557880e+00,-4.919349550499537038e+00,-3.801315561749642136e+00,-3.354101966249684263e+00,-4.248529157249600452e+00,-2.012461179749810647e+00,-1.341640786499873839e+00,-2.459674775249768519e+00,-1.118033988749894903e+00,0.000000000000000000e+00,0.000000000000000000e+00,-2.236067977499789639e-01,-6.708203932499369193e-01,-8.944271909999158554e-01,-2.012461179749810647e+00,-3.354101966249684263e+00,-4.024922359499621294e+00,-4.919349550499537038e+00,-4.248529157249600452e+00,-3.577708763999663422e+00,-3.801315561749642136e+00,-5.366563145999495354e+00,-6.037383539249431941e+00,-4.472135954999579610e+00,-5.142956348249516196e+00
1.118033988749894903e+00,0.000000000000000000e+00,-6.708203932499369193e-01,-1.341640786499873839e+00,0.000000000000000000e+00,2.236067977499789805e+00,2.236067977499789805e+00,2.683281572999747677e+00,1.565247584249852775e+00,4.472135954999579277e-01,6.708203932499369193e-01,6.708203932499369193e-01,3.130495168499705549e+00,3.577708763999663422e+00,3.130495168499705549e+00,2.459674775249768519e+00,2.236067977499789805e+00,2.012461179749810647e+00,1.118033988749894903e+00,1.565247584249852775e+00,1.118033988749894903e+00,1.118033988749894903e+00,8.944271909999158554e-01,2.236067977499789639e-01,4.472135954999579277e-01,1.341640786499873839e+00,2.683281572999747677e+00,3.577708763999663422e+00,4.024922359499621294e+00,1.118033988749894903e+00,8.944271909999158554e-01,6.708203932499369193e-01,-6.708203932499369193e-01,-8.944271909999158554e-01,-2.236067977499789639e-01,2.236067977499789639e-01,1.788854381999831711e+00,1.118033988749894903e+00,6.708203932499369193e-01,1.118033988749894903e+00,2.236067977499789805e+00,4.248529157249600452e+00,4.919349550499537038e+00,4.472135954999579610e+00,4.695742752749557880e+00,3.354101966249684263e+00,1.788854381999831711e+00,2.683281572999747677e+00,2.459674775249768519e+00,2.906888370749726391e+00,2.459674775249768519e+00,1.118033988749894903e+00,2.683281572999747677e+00,1.341640786499873839e+00,1.341640786499873839e+00,2.906888370749726391e+00,4.248529157249600452e+00,2.683281572999747677e+00,2.459674775249768519e+00,1.565247584249852775e+00,-1.341640786499873839e+00,-2.012461179749810647e+00,-1.565247584249852775e+00,-2.012461179749810647e+00,-2.012461179749810647e+00,-2.236067977499789639e-01,-8.944271909999158554e-01,-8.944271909999158554e-01,-8.944271909999158554e-01,-4.472135954999579277e-01,-8.944271909999158554e-01,2.236067977499789639e-01,1.118033988749894903e+00,2.459674775249768519e+00,2.906888370749726391e+00,8.944271909999158554e-01,2.236067977499789639e-01,-2.236067977499789639e-01,-1.341640786499873839e+00,-3.577708763999663422e+00,-3.354101966249684263e+00,-3.577708763999663422e+00,-4.248529157249600452e+00,-4.024922359499621294e+00,-5.590169943749473624e+00,-4.248529157249600452e+00,-3.801315561749642136e+00,-3.577708763999663422e+00,-4.248529157249600452e+00,-4.248529157249600452e+00,-1.118033988749894903e+00,4.472135954999579277e-01,-2.683281572999747677e+00,-1.341640786499873839e+00,-1.118033988749894903e+00,-3.577708763999663422e+00,-8.944271909999158554e-01,-2.906888370749726391e+00,-4.024922359499621294e+00,-3.801315561749642136e+00,-5.142956348249516196e+00,-3.354101966249684263e+00,-2.459674775249768519e+00,-3.354101966249684263e+00,-2.012461179749810647e+00,-1.565247584249852775e+00,-1.341640786499873839e+00,-3.354101966249684263e+00,-2.236067977499789805e+00,-1.118033988749894903e+00,-2.459674775249768519e+00,-2.459674775249768519e+00,-6.708203932499369193e-01,-2.236067977499789639e-01,-1.341640786499873839e+00,-3.354101966249684263e+00,-4.472135954999579610e+00,-1.788854381999831711e+00,-8.944271909999158554e-01,-6.708203932499369193e-01,2.236067977499789639e-01,-6.708203932499369193e-01,-4.472135954999579277e-01,-8.944271909999158554e-01,-2.459674775249768519e+00,-3.354101966249684263e+00,-4.695742752749557880e+00,-5.366563145999495354e+00,-5.590169943749473624e+00,-3.354101966249684263e+00,-3.354101966249684263e+00,-2.012461179749810647e+00,-3.577708763999663422e+00,-4.919349550499537038e+00,-5.813776741499452783e+00,-5.366563145999495354e+00,-3.801315561749642136e+00,-4.024922359499621294e+00,-4.919349550499537038e+00,-1.565247584249852775e+00,-1.118033988749894903e+00,-1.118033988749894903e+00,-3.130495168499705549e+00,-1.788854381999831711e+00,-4.472135954999579277e-01,-8.944271909999158554e-01,-1.565247584249852775e+00,-8.944271909999158554e-01,-3.130495168499705549e+00,-3.130495168499705549e+00,-4.472135954999579610e+00,-3.577708763999663422e+00,-2.683281572999747677e+00,-2.683281572999747677e+00,-4.919349550499537038e+00,-4.919349550499537038e+00,-2.906888370749726391e+00,-1.565247584249852775e+00,-2.906888370749726391e+00,-3.354101966249684263e+00,-3.577708763999663422e+00,-2.012461179749810647e+00,-1.341640786499873839e+00,-2.459674775249768519e+00,-3.577708763999663422e+00,-3.577708763999663422e+00,-2.906888370749726391e+00,-2.459674775249768519e+00,-1.565247584249852775e+00,-1.788854381999831711e+00,-2.459674775249768519e+00,-1.341640786499873839e+00,-2.012461179749810647e+00,-2.906888370749726391e+00,-2.683281572999747677e+00,-8.944271909999158554e-01,4.472135954999579277e-01,2.236067977499789805e+00,2.459674775249768519e+00,1.788854381999831711e+00,2.012461179749810647e+00,1.118033988749894903e+00,1.341640786499873839e+00,2.012461179749810647e+00,3.130495168499705549e+00,1.565247584249852775e+00,2.459674775249768519e+00,2.012461179749810647e+00,3.130495168499705549e+00,2.459674775249768519e+00,1.788854381999831711e+00,2.683281572999747677e+00,3.130495168499705549e+00,1.788854381999831711e+00,1.565247584249852775e+00,6.708203932499369193e-01,1.118033988749894903e+00,1.118033988749894903e+00,8.944271909999158554e-01,-2.236067977499789639e-01,-1.565247584249852775e+00,8.944271909999158554e-01,2.236067977499789639e-01,1.341640786499873839e+00,2.683281572999747677e+00,2.683281572999747677e+00,2.683281572999747677e+00,2.906888370749726391e+00,2.236067977499789805e+00,2.236067977499789805e+00,1.341640786499873839e+00,4.472135954999579277e-01,-4.472135954999579277e-01,-8.944271909999158554e-01,1.341640786499873839e+00,2.459674775249768519e+00,2.012461179749810647e+00,2.906888370749726391e+00,4.024922359499621294e+00,5.813776741499452783e+00,5.366563145999495354e+00,5.366563145999495354e+00,6.931810730249347685e+00,4.919349550499537038e+00,3.354101966249684263e+00,2.459674775249768519e+00,1.788854381999831711e+00,1.565247584249852775e+00,2.012461179749810647e+00,8.944271909999158554e-01,2.683281572999747677e+00,3.801315561749642136e+00,4.695742752749557880e+00,3.130495168499705549e+00,2.906888370749726391e+00,2.683281572999747677e+00,3.130495168499705549e+00,4.472135954999579610e+00,3.354101966249684263e+00,2.012461179749810647e+00,2.906888370749726391e+00,5.813776741499452783e+00,7.602631123499284271e+00,6.037383539249431941e+00,5.366563145999495354e+00,4.024922359499621294e+00,3.130495168499705549e+00,3.130495168499705549e+00,4.024922359499621294e+00,5.142956348249516196e+00,4.695742752749557880e+00,6.260990336999411099e+00,6.708203932499368527e+00,3.577708763999663422e+00,3.130495168499705549e+00,4.248529157249600452e+00,3.577708763999663422e+00,3.130495168499705549e+00,4.248529157249600452e+00,2.906888370749726391e+00,3.354101966249684263e+00,4.472135954999579610e+00,4.024922359499621294e+00,4.248529157249600452e+00,3.354101966249684263e+00,1.788854381999831711e+00,8.944271909999158554e-01,-2.236067977499789639e-01,-8.944271909999158554e-01,-6.708203932499369193e-01,4.472135954999579277e-01,0.000000000000000000e+00,0.000000000000000000e+00,-1.118033988749894903e+00,-2.906888370749726391e+00,-1.565247584249852775e+00,6.708203932499369193e-01,-1.118033988749894903e+00,-2.012461179749810647e+00,-3.577708763999663422e+00,-2.459674775249768519e+00,-2.236067977499789805e+00,-3.130495168499705549e+00,-3.130495168499705549e+00,-1.788854381999831711e+00,-2.012461179749810647e+00,-8.944271909999158554e-01,-1.788854381999831711e+00,-2.236067977499789805e+00,-3.577708763999663422e+00,-4.024922359499621294e+00,-3.801315561749642136e+00,-3.577708763999663422e+00,-4.695742752749557880e+00,-5.366563145999495354e+00,-6.708203932499368527e+00,-8.049844718999242588e+00,-8.049844718999242588e+00,-8.049844718999242588e+00,-7.155417527999326843e+00,-6.037383539249431941e+00,-7.379024325749306001e+00,-7.602631123499284271e+00,-7.826237921249263430e+00,-9.615092303249095806e+00,-9.615092303249095806e+00,-9.167878707749137490e+00,-8.497058314499200904e+00,-8.720665112249179174e+00,-8.497058314499200904e+00,-8.497058314499200904e+00,-8.273451516749220858e+00,-8.049844718999242588e+00,-5.813776741499452783e+00,-3.130495168499705549e+00,-2.459674775249768519e+00,-1.118033988749894903e+00,-8.944271909999158554e-01,2.236067977499789639e-01,2.459674775249768519e+00,1.118033988749894903e+00,3.354101966249684263e+00,3.130495168499705549e+00,3.130495168499705549e+00,4.248529157249600452e+00,4.024922359499621294e+00,5.142956348249516196e+00,5.142956348249516196e+00,5.590169943749473624e+00,5.142956348249516196e+00,6.260990336999411099e+00,6.708203932499368527e+00,7.379024325749306001e+00,9.615092303249095806e+00,9.838699100999074076e+00,9.167878707749137490e+00,7.155417527999326843e+00,4.695742752749557880e+00,5.142956348249516196e+00,5.813776741499452783e+00,6.260990336999411099e+00,7.155417527999326843e+00,5.813776741499452783e+00,4.024922359499621294e+00,3.577708763999663422e+00,4.919349550499537038e+00,4.695742752749557880e+00,3.354101966249684263e+00,3.801315561749642136e+00,2.012461179749810647e+00,4.472135954999579277e-01,-6.708203932499369193e-01,1.118033988749894903e+00,3.577708763999663422e+00,5.590169943749473624e+00,4.024922359499621294e+00,6.260990336999411099e+00,7.379024325749306001e+00,4.472135954999579610e+00,2.906888370749726391e+00,3.354101966249684263e+00,3.577708763999663422e+00,4.472135954999579610e+00,2.459674775249768519e+00,1.341640786499873839e+00,1.565247584249852775e+00,1.565247584249852775e+00,2.236067977499789639e-01,2.012461179749810647e+00,-2.236067977499789639e-01,2.236067977499789639e-01,-1.341640786499873839e+00,-2.236067977499789805e+00,-3.354101966249684263e+00,-2.906888370749726391e+00,-1.341640786499873839e+00,-6.708203932499369193e-01,0.000000000000000000e+00,6.708203932499369193e-01,-1.341640786499873839e+00,-6.708203932499369193e-01,1.788854381999831711e+00,1.565247584249852775e+00,8.944271909999158554e-01,8.944271909999158554e-01,4.472135954999579277e-01,4.472135954999579277e-01,0.000000000000000000e+00,0.000000000000000000e+00,-8.944271909999158554e-01,-1.788854381999831711e+00,-1.788854381999831711e+00,-1.788854381999831711e+00,-1.565247584249852775e+00,-4.472135954999579277e-01,1.788854381999831711e+00,2.236067977499789805e+00,0.000000000000000000e+00,6.708203932499369193e-01,-2.236067977499789639e-01,-6.708203932499369193e-01,-1.565247584249852775e+00,-6.708203932499369193e-01,-6.708203932499369193e-01,-8.944271909999158554e-01,-1.788854381999831711e+00,-2.236067977499789639e-01,-2.906888370749726391e+00,-3.801315561749642136e+00,-3.577708763999663422e+00,-4.919349550499537038e+00,-5.813776741499452783e+00,-6.708203932499368527e+00,-6.037383539249431941e+00,-5.590169943749473624e+00,-4.919349550499537038e+00,-1.788854381999831711e+00,-2.459674775249768519e+00,-4.472135954999579277e-01,-1.118033988749894903e+00,-6.708203932499369193e-01,-1.341640786499873839e+00,-2.012461179749810647e+00,-1.341640786499873839e+00,-8.944271909999158554e-01,-2.236067977499789639e-01,4.472135954999579277e-01,2.236067977499789639e-01,-1.565247584249852775e+00,6.708203932499369193e-01,1.118033988749894903e+00,1.341640786499873839e+00,6.708203932499369193e-01,6.708203932499369193e-01,-2.236067977499789805e+00,-2.906888370749726391e+00,-8.944271909999158554e-01,-2.236067977499789805e+00,-1.788854381999831711e+00,-1.565247584249852775e+00,0.000000000000000000e+00,-1.788854381999831711e+00,-2.459674775249768519e+00,-1.788854381999831711e+00,-1.118033988749894903e+00,2.236067977499789639e-01,-8.944271909999158554e-01,-1.341640786499873839e+00,-2.683281572999747677e+00,-2.012461179749810647e+00,-8.944271909999158554e-01,-1.118033988749894903e+00,-2.906888370749726391e+00,-1.565247584249852775e+00,-1.565247584249852775e+00,-1.788854381999831711e+00,-2.236067977499789639e-01,-2.236067977499789639e-01,6.708203932499369193e-01,0.000000000000000000e+00,4.472135954999579277e-01,6.708203932499369193e-01,1.118033988749894903e+00,6.708203932499369193e-01,2.459674775249768519e+00,1.565247584249852775e+00,6.708203932499369193e-01,-4.472135954999579277e-01,-2.236067977499789639e-01,-1.118033988749894903e+00,-1.341640786499873839e+00,-2.906888370749726391e+00,-2.236067977499789639e-01,-1.118033988749894903e+00,4.472135954999579277e-01,2.459674775249768519e+00,2.236067977499789805e+00,2.683281572999747677e+00,2.236067977499789805e+00,6.708203932499369193e-01,6.708203932499369193e-01,-1.565247584249852775e+00,-2.683281572999747677e+00,-1.118033988749894903e+00,-1.341640786499873839e+00,-6.708203932499369193e-01,-3.130495168499705549e+00,-1.341640786499873839e+00,-1.341640786499873839e+00,-6.708203932499369193e-01,-1.565247584249852775e+00,-2.906888370749726391e+00,-3.577708763999663422e+00,-3.130495168499705549e+00,-2.906888370749726391e+00,-4.472135954999579610e+00,-3.801315561749642136e+00,-4.248529157249600452e+00,-2.683281572999747677e+00,-2.012461179749810647e+00
1.565247584249852775e+00,2.236067977499789639e-01,-1.118033988749894903e+00,2.236067977499789639e-01,8.944271909999158554e-01,1.788854381999831711e+00,4.472135954999579277e-01,1.788854381999831711e+00,1.118033988749894903e+00,1.118033988749894903e+00,8.944271909999158554e-01,6.708203932499369193e-01,2.236067977499789639e-01,-2.236067977499789805e+00,-2.236067977499789639e-01,-1.565247584249852775e+00,-2.459674775249768519e+00,-1.118033988749894903e+00,-2.236067977499789805e+00,-8.944271909999158554e-01,-2.236067977499789639e-01,-8.944271909999158554e-01,0.000000000000000000e+00,1.565247584249852775e+00,6.708203932499369193e-01,1.565247584249852775e+00,-4.472135954999579277e-01,-1.565247584249852775e+00,-1.341640786499873839e+00,-2.683281572999747677e+00,-3.801315561749642136e+00,-4.695742752749557880e+00,-2.683281572999747677e+00,-2.683281572999747677e+00,-8.944271909999158554e-01,-1.118033988749894903e+00,-4.472135954999579277e-01,2.012461179749810647e+00,2.012461179749810647e+00,2.236067977499789639e-01,2.236067977499789639e-01,0.000000000000000000e+00,4.472135954999579277e-01,8.944271909999158554e-01,8.944271909999158554e-01,8.944271909999158554e-01,6.708203932499369193e-01,1.565247584249852775e+00,1.788854381999831711e+00,-4.472135954999579277e-01,-3.130495168499705549e+00,-4.472135954999579610e+00,-4.248529157249600452e+00,-4.024922359499621294e+00,-3.801315561749642136e+00,-4.248529157249600452e+00,-3.801315561749642136e+00,-4.472135954999579610e+00,-3.577708763999663422e+00,-3.801315561749642136e+00,-4.472135954999579277e-01,-2.012461179749810647e+00,-8.944271909999158554e-01,-1.341640786499873839e+00,-1.118033988749894903e+00,-3.130495168499705549e+00,-4.695742752749557880e+00,-4.695742752749557880e+00,-4.472135954999579610e+00,-3.130495168499705549e+00,-2.012461179749810647e+00,-2.236067977499789805e+00,-2.236067977499789805e+00,-2.906888370749726391e+00,-3.577708763999663422e+00,-2.906888370749726391e+00,-2.683281572999747677e+00,-6.708203932499369193e-01,4.472135954999579277e-01,1.118033988749894903e+00,0.000000000000000000e+00,-2.012461179749810647e+00,-1.565247584249852775e+00,-6.708203932499369193e-01,4.472135954999579277e-01,1.341640786499873839e+00,8.944271909999158554e-01,1.788854381999831711e+00,2.683281572999747677e+00,2.906888370749726391e+00,1.118033988749894903e+00,3.801315561749642136e+00,4.695742752749557880e+00,3.354101966249684263e+00,4.024922359499621294e+00,3.801315561749642136e+00,2.683281572999747677e+00,4.024922359499621294e+00,3.354101966249684263e+00,2.236067977499789805e+00,1.788854381999831711e+00,2.683281572999747677e+00,3.130495168499705549e+00,3.354101966249684263e+00,1.788854381999831711e+00,2.459674775249768519e+00,4.472135954999579277e-01,1.788854381999831711e+00,0.000000000000000000e+00,0.000000000000000000e+00,-1.118033988749894903e+00,2.236067977499789639e-01,2.236067977499789639e-01,4.472135954999579277e-01,0.000000000000000000e+00,-1.565247584249852775e+00,-4.472135954999579277e-01,-1.118033988749894903e+00,-4.472135954999579277e-01,-4.472135954999579610e+00,-4.919349550499537038e+00,-5.590169943749473624e+00,-5.813776741499452783e+00,-4.919349550499537038e+00,-5.590169943749473624e+00,-3.801315561749642136e+00,-5.366563145999495354e+00,-5.590169943749473624e+00,-4.248529157249600452e+00,-2.236067977499789805e+00,-2.906888370749726391e+00,-8.944271909999158554e-01,-1.565247584249852775e+00,-4.472135954999579277e-01,-2.236067977499789639e-01,-2.236067977499789639e-01,-2.236067977499789639e-01,-1.565247584249852775e+00,-2.012461179749810647e+00,-4.472135954999579277e-01,-6.708203932499369193e-01,-8.944271909999158554e-01,-3.354101966249684263e+00,-2.906888370749726391e+00,-2.683281572999747677e+00,-2.683281572999747677e+00,-3.130495168499705549e+00,-3.354101966249684263e+00,-2.012461179749810647e+00,-8.944271909999158554e-01,1.341640786499873839e+00,3.354101966249684263e+00,3.577708763999663422e+00,1.788854381999831711e+00,2.683281572999747677e+00,2.236067977499789805e+00,2.906888370749726391e+00,2.683281572999747677e+00,3.801315561749642136e+00,2.459674775249768519e+00,2.012461179749810647e+00,1.788854381999831711e+00,6.708203932499369193e-01,1.565247584249852775e+00,2.236067977499789805e+00,1.788854381999831711e+00,-8.944271909999158554e-01,6.708203932499369193e-01,2.236067977499789639e-01,3.577708763999663422e+00,3.577708763999663422e+00,3.577708763999663422e+00,2.459674775249768519e+00,1.788854381999831711e+00,2.906888370749726391e+00,2.236067977499789805e+00,3.801315561749642136e+00,4.248529157249600452e+00,2.683281572999747677e+00,2.683281572999747677e+00,1.341640786499873839e+00,6.708203932499369193e-01,0.000000000000000000e+00,8.944271909999158554e-01,8.944271909999158554e-01,-1.565247584249852775e+00,-2.906888370749726391e+00,-4.695742752749557880e+00,-2.683281572999747677e+00,-1.788854381999831711e+00,2.236067977499789639e-01,-2.236067977499789639e-01,-8.944271909999158554e-01,-1.118033988749894903e+00,-4.472135954999579277e-01,-6.708203932499369193e-01,-6.708203932499369193e-01,2.236067977499789639e-01,6.708203932499369193e-01,1.788854381999831711e+00,2.236067977499789639e-01,4.472135954999579277e-01,4.472135954999579277e-01,4.472135954999579277e-01,1.341640786499873839e+00,1.118033988749894903e+00,3.801315561749642136e+00,0.000000000000000000e+00,-6.708203932499369193e-01,1.788854381999831711e+00,2.683281572999747677e+00,3.354101966249684263e+00,5.366563145999495354e+00,5.590169943749473624e+00,5.366563145999495354e+00,5.813776741499452783e+00,5.813776741499452783e+00,4.248529157249600452e+00,1.341640786499873839e+00,-4.472135954999579277e-01,-1.341640786499873839e+00,-4.472135954999579277e-01,2.236067977499789639e-01,-1.341640786499873839e+00,-1.341640786499873839e+00,-2.236067977499789805e+00,-2.012461179749810647e+00,-8.944271909999158554e-01,-4.472135954999579277e-01,-6.708203932499369193e-01,-1.118033988749894903e+00,8.944271909999158554e-01,1.565247584249852775e+00,1.788854381999831711e+00,1.788854381999831711e+00,1.565247584249852775e+00,2.236067977499789805e+00,1.341640786499873839e+00,0.000000000000000000e+00,4.472135954999579277e-01,2.236067977499789639e-01,-2.012461179749810647e+00,-4.024922359499621294e+00,-3.801315561749642136e+00,-3.354101966249684263e+00,-2.683281572999747677e+00,-3.577708763999663422e+00,-2.459674775249768519e+00,-3.577708763999663422e+00,-2.906888370749726391e+00,-2.236067977499789805e+00,-2.683281572999747677e+00,-2.683281572999747677e+00,0.000000000000000000e+00,2.012461179749810647e+00,1.565247584249852775e+00,1.341640786499873839e+00,1.118033988749894903e+00,8.944271909999158554e-01,-2.236067977499789639e-01,1.565247584249852775e+00,2.236067977499789805e+00,2.012461179749810647e+00,3.354101966249684263e+00,2.236067977499789805e+00,2.906888370749726391e+00,2.906888370749726391e+00,6.708203932499369193e-01,2.906888370749726391e+00,5.142956348249516196e+00,3.577708763999663422e+00,1.118033988749894903e+00,1.341640786499873839e+00,-2.236067977499789639e-01,-1.341640786499873839e+00,2.236067977499789639e-01,1.788854381999831711e+00,3.130495168499705549e+00,3.130495168499705549e+00,3.354101966249684263e+00,3.354101966249684263e+00,3.354101966249684263e+00,3.801315561749642136e+00,3.354101966249684263e+00,2.236067977499789805e+00,2.906888370749726391e+00,4.248529157249600452e+00,2.683281572999747677e+00,2.012461179749810647e+00,3.354101966249684263e+00,5.366563145999495354e+00,6.260990336999411099e+00,7.602631123499284271e+00,5.590169943749473624e+00,5.366563145999495354e+00,6.260990336999411099e+00,5.142956348249516196e+00,5.590169943749473624e+00,5.813776741499452783e+00,5.366563145999495354e+00,6.708203932499368527e+00,7.826237921249263430e+00,8.497058314499200904e+00,8.720665112249179174e+00,8.497058314499200904e+00,9.167878707749137490e+00,7.379024325749306001e+00,6.708203932499368527e+00,5.590169943749473624e+00,4.024922359499621294e+00,2.906888370749726391e+00,1.565247584249852775e+00,6.708203932499369193e-01,6.708203932499369193e-01,-6.708203932499369193e-01,2.236067977499789639e-01,4.472135954999579277e-01,0.000000000000000000e+00,-2.236067977499789639e-01,-4.472135954999579277e-01,-4.472135954999579277e-01,-2.459674775249768519e+00,-3.354101966249684263e+00,-3.354101966249684263e+00,-3.130495168499705549e+00,-1.788854381999831711e+00,-2.459674775249768519e+00,-8.944271909999158554e-01,-2.236067977499789805e+00,-1.565247584249852775e+00,-1.788854381999831711e+00,-2.459674775249768519e+00,-2.012461179749810647e+00,-2.683281572999747677e+00,-3.130495168499705549e+00,-3.130495168499705549e+00,-2.012461179749810647e+00,-2.683281572999747677e+00,-3.130495168499705549e+00,-4.919349550499537038e+00,-4.695742752749557880e+00,-2.459674775249768519e+00,-2.236067977499789805e+00,-2.459674775249768519e+00,-3.801315561749642136e+00,-5.142956348249516196e+00,-4.695742752749557880e+00,-4.472135954999579610e+00,-2.459674775249768519e+00,-6.708203932499369193e-01,-1.788854381999831711e+00,-2.459674775249768519e+00,-2.683281572999747677e+00,-2.236067977499789805e+00,-2.236067977499789639e-01,-2.683281572999747677e+00,-1.341640786499873839e+00,-4.472135954999579277e-01,1.118033988749894903e+00,-6.708203932499369193e-01,-2.683281572999747677e+00,-1.565247584249852775e+00,-6.708203932499369193e-01,-1.788854381999831711e+00,0.000000000000000000e+00,4.472135954999579277e-01,2.236067977499789639e-01,1.565247584249852775e+00,-1.341640786499873839e+00,-2.906888370749726391e+00,-2.236067977499789805e+00,-1.118033988749894903e+00,0.000000000000000000e+00,1.341640786499873839e+00,-4.472135954999579277e-01,1.118033988749894903e+00,1.118033988749894903e+00,-1.788854381999831711e+00,-3.801315561749642136e+00,-4.472135954999579610e+00,-5.813776741499452783e+00,-5.590169943749473624e+00,-6.037383539249431941e+00,-7.826237921249263430e+00,-6.708203932499368527e+00,-6.260990336999411099e+00,-5.142956348249516196e+00,-4.472135954999579610e+00,-4.248529157249600452e+00,-4.024922359499621294e+00,-2.683281572999747677e+00,-1.118033988749894903e+00,-2.236067977499789805e+00,-8.944271909999158554e-01,-1.341640786499873839e+00,-6.708203932499369193e-01,-1.118033988749894903e+00,6.708203932499369193e-01,1.341640786499873839e+00,2.236067977499789639e-01,1.341640786499873839e+00,8.944271909999158554e-01,8.944271909999158554e-01,-4.472135954999579277e-01,-2.236067977499789639e-01,-2.236067977499789639e-01,-1.565247584249852775e+00,-1.118033988749894903e+00,-8.944271909999158554e-01,-1.565247584249852775e+00,-4.472135954999579277e-01,-2.236067977499789639e-01,-2.236067977499789639e-01,-6.708203932499369193e-01,1.118033988749894903e+00,1.565247584249852775e+00,2.459674775249768519e+00,1.565247584249852775e+00,2.459674775249768519e+00,4.248529157249600452e+00,5.142956348249516196e+00,6.260990336999411099e+00,6.037383539249431941e+00,3.577708763999663422e+00,1.341640786499873839e+00,2.012461179749810647e+00,8.944271909999158554e-01,2.236067977499789639e-01,1.565247584249852775e+00,1.565247584249852775e+00,2.459674775249768519e+00,2.459674775249768519e+00,1.341640786499873839e+00,2.906888370749726391e+00,2.906888370749726391e+00,4.248529157249600452e+00,4.248529157249600452e+00,5.366563145999495354e+00,4.695742752749557880e+00,3.577708763999663422e+00,4.024922359499621294e+00,4.024922359499621294e+00,5.142956348249516196e+00,4.919349550499537038e+00,4.919349550499537038e+00,3.130495168499705549e+00,3.577708763999663422e+00,4.919349550499537038e+00,5.142956348249516196e+00,2.236067977499789805e+00,1.118033988749894903e+00,2.012461179749810647e+00,2.012461179749810647e+00,2.459674775249768519e+00,2.683281572999747677e+00,4.472135954999579610e+00,4.472135954999579610e+00,3.577708763999663422e+00,3.130495168499705549e+00,3.130495168499705549e+00,1.788854381999831711e+00,1.118033988749894903e+00,2.012461179749810647e+00,2.236067977499789639e-01,-1.341640786499873839e+00,0.000000000000000000e+00,1.341640786499873839e+00,0.000000000000000000e+00,4.472135954999579277e-01,8.944271909999158554e-01,2.236067977499789805e+00,2.683281572999747677e+00,1.565247584249852775e+00,1.565247584249852775e+00,-4.472135954999579277e-01,-6.708203932499369193e-01,-1.788854381999831711e+00,-1.118033988749894903e+00,1.118033988749894903e+00,1.118033988749894903e+00,1.788854381999831711e+00,1.565247584249852775e+00,1.565247584249852775e+00,2.683281572999747677e+00,1.118033988749894903e+00,2.012461179749810647e+00,2.012461179749810647e+00,8.944271909999158554e-01,1.118033988749894903e+00,1.118033988749894903e+00,2.459674775249768519e+00,3.354101966249684263e+00,2.906888370749726391e+00,2.683281572999747677e+00,2.683281572999747677e+00,3.801315561749642136e+00,4.472135954999579610e+00,3.354101966249684263e+00,1.341640786499873839e+00,2.236067977499789639e-01
6.708203932499368527e+00,4.472135954999579610e+00,4.024922359499621294e+00,1.788854381999831711e+00,2.906888370749726391e+00,-6.708203932499369193e-01,-1.341640786499873839e+00,-4.472135954999579277e-01,0.000000000000000000e+00,2.236067977499789639e-01,6.708203932499369193e-01,3.130495168499705549e+00,4.472135954999579277e-01,6.708203932499369193e-01,0.000000000000000000e+00,-4.472135954999579277e-01,-4.472135954999579277e-01,-2.236067977499789639e-01,-6.708203932499369193e-01,-3.577708763999663422e+00,-3.130495168499705549e+00,-3.577708763999663422e+00,-3.801315561749642136e+00,-4.024922359499621294e+00,-4.472135954999579610e+00,-4.919349550499537038e+00,-4.024922359499621294e+00,-4.024922359499621294e+00,-2.459674775249768519e+00,-2.236067977499789805e+00,-1.788854381999831711e+00,-1.341640786499873839e+00,-4.472135954999579277e-01,-2.236067977499789805e+00,-3.130495168499705549e+00,-8.944271909999158554e-01,1.118033988749894903e+00,2.236067977499789639e-01,-2.012461179749810647e+00,-2.236067977499789639e-01,6.708203932499369193e-01,-2.236067977499789639e-01,6.708203932499369193e-01,6.708203932499369193e-01,2.012461179749810647e+00,2.236067977499789805e+00,2.012461179749810647e+00,1.341640786499873839e+00,-4.472135954999579277e-01,-1.788854381999831711e+00,-1.565247584249852775e+00,-6.708203932499369193e-01,-4.472135954999579277e-01,2.236067977499789639e-01,1.118033988749894903e+00,1.118033988749894903e+00,0.000000000000000000e+00,2.236067977499789639e-01,4.472135954999579277e-01,8.944271909999158554e-01,3.577708763999663422e+00,2.683281572999747677e+00,1.341640786499873839e+00,2.236067977499789639e-01,-1.788854381999831711e+00,-3.130495168499705549e+00,-2.459674775249768519e+00,-1.341640786499873839e+00,-8.944271909999158554e-01,6.708203932499369193e-01,-2.236067977499789639e-01,2.236067977499789639e-01,2.236067977499789639e-01,6.708203932499369193e-01,3.577708763999663422e+00,1.788854381999831711e+00,4.472135954999579610e+00,6.260990336999411099e+00,5.366563145999495354e+00,5.813776741499452783e+00,4.695742752749557880e+00,2.236067977499789805e+00,2.683281572999747677e+00,1.565247584249852775e+00,8.944271909999158554e-01,2.236067977499789805e+00,6.708203932499369193e-01,8.944271909999158554e-01,1.118033988749894903e+00,0.000000000000000000e+00,-2.236067977499789639e-01,4.472135954999579277e-01,-4.472135954999579277e-01,0.000000000000000000e+00,-2.236067977499789639e-01,-4.472135954999579277e-01,0.000000000000000000e+00,3.130495168499705549e+00,1.788854381999831711e+00,2.012461179749810647e+00,2.906888370749726391e+00,2.683281572999747677e+00,-4.472135954999579277e-01,2.236067977499789639e-01,1.565247584249852775e+00,4.472135954999579277e-01,1.341640786499873839e+00,3.801315561749642136e+00,3.354101966249684263e+00,1.341640786499873839e+00,1.788854381999831711e+00,2.459674775249768519e+00,1.565247584249852775e+00,6.708203932499369193e-01,4.472135954999579277e-01,0.000000000000000000e+00,-2.459674775249768519e+00,-4.472135954999579610e+00,-4.919349550499537038e+00,-5.142956348249516196e+00,-6.037383539249431941e+00,-6.260990336999411099e+00,-4.472135954999579610e+00,-3.801315561749642136e+00,-4.024922359499621294e+00,-5.142956348249516196e+00,-3.577708763999663422e+00,-4.919349550499537038e+00,-4.024922359499621294e+00,-4.024922359499621294e+00,-5.590169943749473624e+00,-5.142956348249516196e+00,-4.024922359499621294e+00,-3.801315561749642136e+00,-4.695742752749557880e+00,-2.683281572999747677e+00,-2.459674775249768519e+00,-1.341640786499873839e+00,-4.472135954999579277e-01,0.000000000000000000e+00,0.000000000000000000e+00,1.118033988749894903e+00,1.565247584249852775e+00,6.708203932499369193e-01,8.944271909999158554e-01,1.788854381999831711e+00,1.565247584249852775e+00,4.472135954999579277e-01,1.118033988749894903e+00,1.565247584249852775e+00,3.130495168499705549e+00,2.683281572999747677e+00,2.683281572999747677e+00,4.024922359499621294e+00,4.248529157249600452e+00,3.354101966249684263e+00,4.695742752749557880e+00,3.577708763999663422e+00,3.354101966249684263e+00,4.695742752749557880e+00,5.366563145999495354e+00,5.813776741499452783e+00,7.379024325749306001e+00,5.142956348249516196e+00,3.801315561749642136e+00,2.459674775249768519e+00,1.118033988749894903e+00,0.000000000000000000e+00,4.472135954999579277e-01,-1.341640786499873839e+00,-1.118033988749894903e+00,2.012461179749810647e+00,2.459674775249768519e+00,2.683281572999747677e+00,2.906888370749726391e+00,2.683281572999747677e+00,1.788854381999831711e+00,-2.236067977499789639e-01,-1.341640786499873839e+00,-8.944271909999158554e-01,2.236067977499789639e-01,-1.118033988749894903e+00,-1.565247584249852775e+00,-2.236067977499789639e-01,2.236067977499789639e-01,4.472135954999579277e-01,2.236067977499789639e-01,-2.236067977499789639e-01,1.118033988749894903e+00,4.472135954999579277e-01,2.012461179749810647e+00,4.248529157249600452e+00,4.248529157249600452e+00,6.260990336999411099e+00,7.379024325749306001e+00,9.167878707749137490e+00,9.167878707749137490e+00,8.049844718999242588e+00,1.095673308974896898e+01,9.391485505499115760e+00,8.944271909999159220e+00,7.602631123499284271e+00,6.708203932499368527e+00,4.248529157249600452e+00,3.354101966249684263e+00,4.024922359499621294e+00,2.683281572999747677e+00,4.248529157249600452e+00,1.118033988749894903e+00,-2.236067977499789639e-01,4.472135954999579277e-01,-2.236067977499789639e-01,-1.118033988749894903e+00,-1.341640786499873839e+00,4.472135954999579277e-01,-1.118033988749894903e+00,-2.683281572999747677e+00,-2.906888370749726391e+00,-8.944271909999158554e-01,-4.472135954999579277e-01,-8.944271909999158554e-01,-2.012461179749810647e+00,-4.248529157249600452e+00,-3.354101966249684263e+00,-3.801315561749642136e+00,-2.906888370749726391e+00,-2.012461179749810647e+00,-4.472135954999579610e+00,-5.813776741499452783e+00,-6.708203932499368527e+00,-6.484597134749389369e+00,-6.708203932499368527e+00,-6.708203932499368527e+00,-5.366563145999495354e+00,-4.024922359499621294e+00,-3.130495168499705549e+00,-4.248529157249600452e+00,-1.565247584249852775e+00,-1.118033988749894903e+00,-1.788854381999831711e+00,-1.341640786499873839e+00,-4.472135954999579277e-01,-1.118033988749894903e+00,1.341640786499873839e+00,-2.236067977499789639e-01,2.236067977499789805e+00,2.906888370749726391e+00,2.683281572999747677e+00,2.459674775249768519e+00,3.130495168499705549e+00,4.248529157249600452e+00,4.248529157249600452e+00,4.024922359499621294e+00,1.788854381999831711e+00,1.788854381999831711e+00,1.565247584249852775e+00,2.012461179749810647e+00,2.012461179749810647e+00,1.118033988749894903e+00,1.565247584249852775e+00,2.236067977499789639e-01,1.341640786499873839e+00,1.565247584249852775e+00,2.906888370749726391e+00,3.354101966249684263e+00,3.130495168499705549e+00,1.565247584249852775e+00,3.577708763999663422e+00,5.142956348249516196e+00,4.472135954999579610e+00,4.472135954999579610e+00,8.497058314499200904e+00,7.379024325749306001e+00,6.484597134749389369e+00,4.472135954999579610e+00,5.590169943749473624e+00,6.260990336999411099e+00,5.813776741499452783e+00,5.366563145999495354e+00,4.472135954999579610e+00,4.248529157249600452e+00,3.577708763999663422e+00,3.577708763999663422e+00,0.000000000000000000e+00,1.118033988749894903e+00,-1.565247584249852775e+00,-1.341640786499873839e+00,-4.472135954999579277e-01,-1.118033988749894903e+00,4.472135954999579277e-01,-4.472135954999579277e-01,-2.459674775249768519e+00,-3.354101966249684263e+00,-2.459674775249768519e+00,-3.801315561749642136e+00,-3.130495168499705549e+00,-2.012461179749810647e+00,-8.944271909999158554e-01,-4.472135954999579277e-01,-1.341640786499873839e+00,-1.341640786499873839e+00,-6.708203932499369193e-01,3.130495168499705549e+00,1.118033988749894903e+00,0.000000000000000000e+00,-2.012461179749810647e+00,-2.683281572999747677e+00,-2.906888370749726391e+00,-2.906888370749726391e+00,-2.459674775249768519e+00,-2.236067977499789805e+00,-8.944271909999158554e-01,-2.012461179749810647e+00,-2.683281572999747677e+00,-4.248529157249600452e+00,-3.577708763999663422e+00,-6.260990336999411099e+00,-5.590169943749473624e+00,-4.919349550499537038e+00,-4.695742752749557880e+00,-3.801315561749642136e+00,-4.248529157249600452e+00,-5.366563145999495354e+00,-3.577708763999663422e+00,-3.577708763999663422e+00,-3.130495168499705549e+00,-3.801315561749642136e+00,-2.236067977499789805e+00,-2.459674775249768519e+00,-2.236067977499789805e+00,-1.341640786499873839e+00,0.000000000000000000e+00,-6.708203932499369193e-01,-1.565247584249852775e+00,-8.944271909999158554e-01,-2.012461179749810647e+00,-2.683281572999747677e+00,-1.341640786499873839e+00,-2.459674775249768519e+00,-1.341640786499873839e+00,-1.118033988749894903e+00,-1.565247584249852775e+00,-2.459674775249768519e+00,-2.459674775249768519e+00,0.000000000000000000e+00,6.708203932499369193e-01,1.118033988749894903e+00,-2.236067977499789639e-01,2.459674775249768519e+00,1.565247584249852775e+00,6.708203932499369193e-01,2.236067977499789805e+00,3.354101966249684263e+00,3.354101966249684263e+00,4.695742752749557880e+00,3.354101966249684263e+00,2.459674775249768519e+00,0.000000000000000000e+00,-1.118033988749894903e+00,-1.341640786499873839e+00,-1.118033988749894903e+00,6.708203932499369193e-01,-8.944271909999158554e-01,-1.341640786499873839e+00,-2.012461179749810647e+00,-3.577708763999663422e+00,-4.695742752749557880e+00,-5.142956348249516196e+00,-3.801315561749642136e+00,-3.577708763999663422e+00,-2.236067977499789805e+00,-1.341640786499873839e+00,-1.118033988749894903e+00,-3.354101966249684263e+00,-2.683281572999747677e+00,-1.788854381999831711e+00,-2.683281572999747677e+00,-3.577708763999663422e+00,-2.236067977499789805e+00,-3.130495168499705549e+00,-2.459674775249768519e+00,-1.565247584249852775e+00,-2.236067977499789805e+00,-8.944271909999158554e-01,4.472135954999579277e-01,-1.341640786499873839e+00,0.000000000000000000e+00,8.944271909999158554e-01,8.944271909999158554e-01,8.944271909999158554e-01,8.944271909999158554e-01,0.000000000000000000e+00,-2.236067977499789639e-01,-1.118033988749894903e+00,-2.236067977499789639e-01,-8.944271909999158554e-01,-4.472135954999579277e-01,2.236067977499789639e-01,-2.236067977499789639e-01,1.118033988749894903e+00,6.708203932499369193e-01,8.944271909999158554e-01,8.944271909999158554e-01,-2.236067977499789639e-01,-8.944271909999158554e-01,-1.565247584249852775e+00,-1.565247584249852775e+00,-1.341640786499873839e+00,-6.708203932499369193e-01,-2.012461179749810647e+00,-3.354101966249684263e+00,-2.906888370749726391e+00,-2.012461179749810647e+00,-1.565247584249852775e+00,-2.236067977499789805e+00,-2.012461179749810647e+00,-6.708203932499369193e-01,-1.565247584249852775e+00,-2.459674775249768519e+00,-2.012461179749810647e+00,-8.944271909999158554e-01,2.236067977499789639e-01,4.472135954999579277e-01,-8.944271909999158554e-01,6.708203932499369193e-01,2.012461179749810647e+00,4.472135954999579610e+00,5.366563145999495354e+00,4.695742752749557880e+00,3.801315561749642136e+00,3.354101966249684263e+00,8.944271909999158554e-01,2.236067977499789639e-01,6.708203932499369193e-01,4.472135954999579277e-01,6.708203932499369193e-01,-8.944271909999158554e-01,-8.944271909999158554e-01,-2.236067977499789639e-01,-1.565247584249852775e+00,-2.236067977499789805e+00,-2.236067977499789639e-01,4.472135954999579277e-01,-3.130495168499705549e+00,-3.354101966249684263e+00,-2.459674775249768519e+00,-3.801315561749642136e+00,-4.024922359499621294e+00,-3.354101966249684263e+00,-5.590169943749473624e+00,-4.024922359499621294e+00,-4.695742752749557880e+00,-3.130495168499705549e+00,-3.354101966249684263e+00,-3.801315561749642136e+00,-4.024922359499621294e+00,-2.459674775249768519e+00,-2.906888370749726391e+00,-3.130495168499705549e+00,-3.577708763999663422e+00,-4.248529157249600452e+00,-3.577708763999663422e+00,-3.354101966249684263e+00,-3.130495168499705549e+00,-3.354101966249684263e+00,-1.118033988749894903e+00,0.000000000000000000e+00,-1.341640786499873839e+00,-3.130495168499705549e+00,-2.683281572999747677e+00,-1.118033988749894903e+00,-2.459674775249768519e+00,-4.472135954999579277e-01,-2.012461179749810647e+00,-2.236067977499789805e+00,-1.565247584249852775e+00,-8.944271909999158554e-01,2.236067977499789639e-01,-4.248529157249600452e+00,-2.683281572999747677e+00,-2.012461179749810647e+00,-2.236067977499789639e-01,0.000000000000000000e+00,1.788854381999831711e+00,2.012461179749810647e+00,1.341640786499873839e+00,4.248529157249600452e+00,5.142956348249516196e+00,4.695742752749557880e+00,3.801315561749642136e+00,3.577708763999663422e+00,2.906888370749726391e+00,6.708203932499369193e-01,-1.565247584249852775e+00,-1.788854381999831711e+00,1.118033988749894903e+00,3.130495168499705549e+00,4.472135954999579277e-01,2.236067977499789639e-01,2.012461179749810647e+00
2.459674775249768519e+00,2.236067977499789805e+00,1.565247584249852775e+00,3.801315561749642136e+00,2.459674775249768519e+00,2.236067977499789805e+00,3.130495168499705549e+00,3.354101966249684263e+00,3.354101966249684263e+00,3.577708763999663422e+00,4.248529157249600452e+00,4.248529157249600452e+00,3.801315561749642136e+00,3.577708763999663422e+00,1.788854381999831711e+00,2.236067977499789805e+00,1.565247584249852775e+00,2.683281572999747677e+00,1.565247584249852775e+00,4.472135954999579277e-01,8.944271909999158554e-01,2.012461179749810647e+00,2.683281572999747677e+00,8.944271909999158554e-01,6.708203932499369193e-01,2.459674775249768519e+00,1.565247584249852775e+00,0.000000000000000000e+00,1.341640786499873839e+00,3.354101966249684263e+00,3.130495168499705549e+00,4.472135954999579610e+00,3.130495168499705549e+00,5.590169943749473624e+00,5.813776741499452783e+00,5.590169943749473624e+00,3.354101966249684263e+00,3.130495168499705549e+00,3.354101966249684263e+00,4.248529157249600452e+00,4.472135954999579610e+00,3.577708763999663422e+00,2.012461179749810647e+00,3.130495168499705549e+00,3.130495168499705549e+00,2.683281572999747677e+00,3.130495168499705549e+00,8.944271909999158554e-01,3.577708763999663422e+00,5.590169943749473624e+00,4.024922359499621294e+00,4.248529157249600452e+00,5.813776741499452783e+00,6.708203932499368527e+00,6.484597134749389369e+00,7.155417527999326843e+00,6.708203932499368527e+00,3.801315561749642136e+00,3.354101966249684263e+00,2.012461179749810647e+00,2.012461179749810647e+00,2.236067977499789639e-01,4.472135954999579277e-01,-6.708203932499369193e-01,-3.354101966249684263e+00,-4.024922359499621294e+00,-2.236067977499789805e+00,-3.801315561749642136e+00,-3.354101966249684263e+00,-4.695742752749557880e+00,-4.919349550499537038e+00,-4.472135954999579610e+00,-2.459674775249768519e+00,-3.354101966249684263e+00,-2.012461179749810647e+00,-4.248529157249600452e+00,-5.590169943749473624e+00,-6.484597134749389369e+00,-2.683281572999747677e+00,-2.236067977499789805e+00,-4.472135954999579277e-01,-4.472135954999579277e-01,-8.944271909999158554e-01,-2.236067977499789639e-01,-6.708203932499369193e-01,-1.565247584249852775e+00,-2.459674775249768519e+00,-8.944271909999158554e-01,-2.236067977499789805e+00,-3.801315561749642136e+00,-3.577708763999663422e+00,-4.919349550499537038e+00,-4.695742752749557880e+00,-4.695742752749557880e+00,-5.366563145999495354e+00,-5.142956348249516196e+00,-5.590169943749473624e+00,-3.801315561749642136e+00,-2.906888370749726391e+00,-6.037383539249431941e+00,-6.708203932499368527e+00,-8.497058314499200904e+00,-9.391485505499115760e+00,-9.615092303249095806e+00,-9.391485505499115760e+00,-7.155417527999326843e+00,-6.484597134749389369e+00,-7.602631123499284271e+00,-6.260990336999411099e+00,-4.248529157249600452e+00,-4.248529157249600452e+00,-2.236067977499789805e+00,-2.683281572999747677e+00,-2.906888370749726391e+00,-8.944271909999158554e-01,-2.236067977499789639e-01,0.000000000000000000e+00,1.341640786499873839e+00,-1.118033988749894903e+00,-4.472135954999579277e-01,2.236067977499789639e-01,8.944271909999158554e-01,0.000000000000000000e+00,8.944271909999158554e-01,2.683281572999747677e+00,1.565247584249852775e+00,1.341640786499873839e+00,2.459674775249768519e+00,3.354101966249684263e+00,2.683281572999747677e+00,4.695742752749557880e+00,2.683281572999747677e+00,3.801315561749642136e+00,5.142956348249516196e+00,3.801315561749642136e+00,3.801315561749642136e+00,3.130495168499705549e+00,5.142956348249516196e+00,4.919349550499537038e+00,6.260990336999411099e+00,5.590169943749473624e+00,5.142956348249516196e+00,3.354101966249684263e+00,4.248529157249600452e+00,1.341640786499873839e+00,2.683281572999747677e+00,3.577708763999663422e+00,4.024922359499621294e+00,3.354101966249684263e+00,3.577708763999663422e+00,7.602631123499284271e+00,6.260990336999411099e+00,5.590169943749473624e+00,5.142956348249516196e+00,5.366563145999495354e+00,6.931810730249347685e+00,6.708203932499368527e+00,7.155417527999326843e+00,5.590169943749473624e+00,3.354101966249684263e+00,2.012461179749810647e+00,1.118033988749894903e+00,-6.708203932499369193e-01,-6.708203932499369193e-01,-1.341640786499873839e+00,-3.577708763999663422e+00,-3.577708763999663422e+00,-3.801315561749642136e+00,-2.459674775249768519e+00,-3.130495168499705549e+00,-3.354101966249684263e+00,-3.577708763999663422e+00,-5.813776741499452783e+00,-1.788854381999831711e+00,-2.236067977499789639e-01,-1.118033988749894903e+00,-2.236067977499789805e+00,2.236067977499789639e-01,1.565247584249852775e+00,1.565247584249852775e+00,2.236067977499789805e+00,2.459674775249768519e+00,3.577708763999663422e+00,3.801315561749642136e+00,2.012461179749810647e+00,1.565247584249852775e+00,2.459674775249768519e+00,2.459674775249768519e+00,1.788854381999831711e+00,2.906888370749726391e+00,2.459674775249768519e+00,8.944271909999158554e-01,-4.472135954999579277e-01,-1.788854381999831711e+00,-2.906888370749726391e+00,-4.248529157249600452e+00,-4.248529157249600452e+00,-3.130495168499705549e+00,-6.708203932499369193e-01,-4.472135954999579277e-01,-2.236067977499789805e+00,-3.577708763999663422e+00,-3.801315561749642136e+00,-1.788854381999831711e+00,-1.565247584249852775e+00,-3.577708763999663422e+00,-4.919349550499537038e+00,-4.695742752749557880e+00,-3.801315561749642136e+00,-4.695742752749557880e+00,-2.683281572999747677e+00,-1.341640786499873839e+00,-1.788854381999831711e+00,-8.944271909999158554e-01,1.118033988749894903e+00,1.341640786499873839e+00,8.944271909999158554e-01,1.118033988749894903e+00,1.788854381999831711e+00,2.906888370749726391e+00,2.683281572999747677e+00,3.130495168499705549e+00,2.012461179749810647e+00,2.012461179749810647e+00,8.944271909999158554e-01,1.118033988749894903e+00,1.341640786499873839e+00,2.236067977499789639e-01,1.788854381999831711e+00,-1.341640786499873839e+00,-1.788854381999831711e+00,-1.565247584249852775e+00,-1.341640786499873839e+00,-8.944271909999158554e-01,-8.944271909999158554e-01,-2.459674775249768519e+00,-1.341640786499873839e+00,-2.012461179749810647e+00,-2.683281572999747677e+00,-3.801315561749642136e+00,-3.577708763999663422e+00,-4.248529157249600452e+00,-3.354101966249684263e+00,-3.130495168499705549e+00,-3.354101966249684263e+00,-4.248529157249600452e+00,-3.577708763999663422e+00,-5.142956348249516196e+00,-5.366563145999495354e+00,-5.142956348249516196e+00,-4.248529157249600452e+00,-4.695742752749557880e+00,-4.248529157249600452e+00,-3.577708763999663422e+00,-4.695742752749557880e+00,-4.695742752749557880e+00,-6.037383539249431941e+00,-4.695742752749557880e+00,-3.130495168499705549e+00,-1.341640786499873839e+00,-2.236067977499789805e+00,-1.565247584249852775e+00,-8.944271909999158554e-01,-2.012461179749810647e+00,-1.788854381999831711e+00,-3.354101966249684263e+00,-2.459674775249768519e+00,-2.459674775249768519e+00,-3.354101966249684263e+00,-3.577708763999663422e+00,-2.012461179749810647e+00,-8.944271909999158554e-01,1.118033988749894903e+00,1.788854381999831711e+00,2.236067977499789639e-01,2.012461179749810647e+00,2.683281572999747677e+00,2.236067977499789805e+00,3.801315561749642136e+00,3.354101966249684263e+00,2.459674775249768519e+00,2.459674775249768519e+00,8.944271909999158554e-01,-2.012461179749810647e+00,-2.459674775249768519e+00,-2.012461179749810647e+00,-1.788854381999831711e+00,-2.236067977499789639e-01,-1.341640786499873839e+00,-1.341640786499873839e+00,-4.472135954999579277e-01,-2.012461179749810647e+00,-2.683281572999747677e+00,-4.024922359499621294e+00,-2.459674775249768519e+00,-1.565247584249852775e+00,-2.236067977499789639e-01,4.472135954999579277e-01,-2.236067977499789639e-01,2.236067977499789639e-01,2.236067977499789639e-01,-2.683281572999747677e+00,-1.565247584249852775e+00,-3.354101966249684263e+00,-3.801315561749642136e+00,-4.248529157249600452e+00,-4.472135954999579610e+00,-4.248529157249600452e+00,-4.248529157249600452e+00,-5.366563145999495354e+00,-5.142956348249516196e+00,-4.024922359499621294e+00,-4.472135954999579610e+00,-3.801315561749642136e+00,-2.683281572999747677e+00,-4.248529157249600452e+00,-3.354101966249684263e+00,-2.683281572999747677e+00,-2.683281572999747677e+00,-1.341640786499873839e+00,-2.459674775249768519e+00,-2.012461179749810647e+00,-2.906888370749726391e+00,-3.577708763999663422e+00,-2.236067977499789805e+00,-2.906888370749726391e+00,-2.906888370749726391e+00,-3.577708763999663422e+00,-2.236067977499789805e+00,-2.906888370749726391e+00,-2.459674775249768519e+00,-2.236067977499789805e+00,-8.944271909999158554e-01,-1.341640786499873839e+00,-6.708203932499369193e-01,6.708203932499369193e-01,-2.236067977499789639e-01,-1.341640786499873839e+00,-6.708203932499369193e-01,-1.118033988749894903e+00,-4.472135954999579277e-01,-1.565247584249852775e+00,-6.708203932499369193e-01,2.236067977499789639e-01,-8.944271909999158554e-01,-2.459674775249768519e+00,-1.788854381999831711e+00,-3.130495168499705549e+00,-2.906888370749726391e+00,-2.683281572999747677e+00,-3.354101966249684263e+00,-3.130495168499705549e+00,-1.341640786499873839e+00,-8.944271909999158554e-01,-6.708203932499369193e-01,-1.788854381999831711e+00,-2.236067977499789805e+00,-2.459674775249768519e+00,-1.565247584249852775e+00,-2.012461179749810647e+00,-4.024922359499621294e+00,-3.577708763999663422e+00,-4.472135954999579610e+00,-6.484597134749389369e+00,-8.273451516749220858e+00,-9.615092303249095806e+00,-8.049844718999242588e+00,-6.708203932499368527e+00,-4.024922359499621294e+00,-4.024922359499621294e+00,-2.906888370749726391e+00,-1.565247584249852775e+00,-2.906888370749726391e+00,-2.683281572999747677e+00,-1.118033988749894903e+00,1.565247584249852775e+00,1.341640786499873839e+00,2.236067977499789805e+00,2.236067977499789805e+00,2.012461179749810647e+00,1.565247584249852775e+00,2.683281572999747677e+00,2.906888370749726391e+00,-4.472135954999579277e-01,-6.708203932499369193e-01,4.472135954999579277e-01,2.236067977499789639e-01,2.236067977499789639e-01,-1.788854381999831711e+00,0.000000000000000000e+00,8.944271909999158554e-01,4.472135954999579277e-01,8.944271909999158554e-01,2.236067977499789639e-01,2.459674775249768519e+00,1.565247584249852775e+00,3.130495168499705549e+00,4.919349550499537038e+00,4.472135954999579610e+00,6.037383539249431941e+00,6.260990336999411099e+00,3.577708763999663422e+00,2.459674775249768519e+00,1.565247584249852775e+00,2.459674775249768519e+00,4.248529157249600452e+00,4.024922359499621294e+00,2.683281572999747677e+00,2.236067977499789805e+00,2.012461179749810647e+00,2.236067977499789805e+00,2.683281572999747677e+00,1.118033988749894903e+00,-1.565247584249852775e+00,-1.565247584249852775e+00,-2.683281572999747677e+00,-4.024922359499621294e+00,-4.695742752749557880e+00,-2.906888370749726391e+00,-4.919349550499537038e+00,-4.919349550499537038e+00,-3.354101966249684263e+00,-2.459674775249768519e+00,-1.788854381999831711e+00,2.236067977499789639e-01,0.000000000000000000e+00,-2.012461179749810647e+00,-1.341640786499873839e+00,-1.341640786499873839e+00,-4.472135954999579277e-01,-1.341640786499873839e+00,-2.459674775249768519e+00,-2.459674775249768519e+00,-2.236067977499789805e+00,8.944271909999158554e-01,1.341640786499873839e+00,1.341640786499873839e+00,2.459674775249768519e+00,2.012461179749810647e+00,1.788854381999831711e+00,-4.472135954999579277e-01,8.944271909999158554e-01,2.236067977499789639e-01,8.944271909999158554e-01,-2.236067977499789639e-01,-4.472135954999579277e-01,-8.944271909999158554e-01,4.472135954999579277e-01,1.788854381999831711e+00,2.683281572999747677e+00,1.341640786499873839e+00,2.236067977499789805e+00,8.944271909999158554e-01,8.944271909999158554e-01,6.708203932499369193e-01,1.565247584249852775e+00,2.012461179749810647e+00,2.459674775249768519e+00,2.236067977499789805e+00,1.788854381999831711e+00,4.472135954999579277e-01,6.708203932499369193e-01,-4.472135954999579277e-01,-6.708203932499369193e-01,-1.341640786499873839e+00,-1.341640786499873839e+00,-1.118033988749894903e+00,8.944271909999158554e-01,2.683281572999747677e+00,1.341640786499873839e+00,-6.708203932499369193e-01,-1.565247584249852775e+00,-1.341640786499873839e+00,-4.472135954999579277e-01,6.708203932499369193e-01,1.118033988749894903e+00,1.118033988749894903e+00,1.341640786499873839e+00,2.012461179749810647e+00,1.118033988749894903e+00,8.944271909999158554e-01,2.012461179749810647e+00,-2.236067977499789639e-01,-1.118033988749894903e+00,1.565247584249852775e+00,2.236067977499789639e-01,1.118033988749894903e+00,2.683281572999747677e+00,2.906888370749726391e+00,-2.236067977499789639e-01,-2.012461179749810647e+00,-1.118033988749894903e+00,-8.944271909999158554e-01,1.118033988749894903e+00,8.944271909999158554e-01,1.788854381999831711e+00,2.459674775249768519e+00,3.801315561749642136e+00,2.459674775249768519e+00,3.801315561749642136e+00
2.459674775249768519e+00,2.459674775249768519e+00,2.236067977499789805e+00,1.118033988749894903e+00,6.708203932499369193e-01,2.012461179749810647e+00,2.459674775249768519e+00,2.236067977499789805e+00,0.000000000000000000e+00,6.708203932499369193e-01,-6.708203932499369193e-01,-2.236067977499789639e-01,-6.708203932499369193e-01,-1.118033988749894903e+00,-2.236067977499789805e+00,-2.236067977499789805e+00,-3.354101966249684263e+00,-2.906888370749726391e+00,-2.683281572999747677e+00,-1.118033988749894903e+00,-8.944271909999158554e-01,-1.565247584249852775e+00,-2.459674775249768519e+00,-3.354101966249684263e+00,-1.788854381999831711e+00,-8.944271909999158554e-01,-6.708203932499369193e-01,0.000000000000000000e+00,-2.236067977499789639e-01,-1.341640786499873839e+00,-1.341640786499873839e+00,0.000000000000000000e+00,2.012461179749810647e+00,4.919349550499537038e+00,5.366563145999495354e+00,7.826237921249263430e+00,6.708203932499368527e+00,5.366563145999495354e+00,3.801315561749642136e+00,6.260990336999411099e+00,4.248529157249600452e+00,5.142956348249516196e+00,4.919349550499537038e+00,2.906888370749726391e+00,2.906888370749726391e+00,8.944271909999158554e-01,2.236067977499789805e+00,4.472135954999579277e-01,2.012461179749810647e+00,2.906888370749726391e+00,8.944271909999158554e-01,1.565247584249852775e+00,3.130495168499705549e+00,2.906888370749726391e+00,3.577708763999663422e+00,3.130495168499705549e+00,1.565247584249852775e+00,-2.236067977499789639e-01,4.472135954999579277e-01,1.341640786499873839e+00,2.012461179749810647e+00,3.354101966249684263e+00,3.801315561749642136e+00,2.459674775249768519e+00,0.000000000000000000e+00,-1.118033988749894903e+00,0.000000000000000000e+00,-2.236067977499789639e-01,0.000000000000000000e+00,-2.236067977499789639e-01,0.000000000000000000e+00,-6.708203932499369193e-01,1.341640786499873839e+00,1.341640786499873839e+00,4.472135954999579277e-01,-2.236067977499789639e-01,-1.565247584249852775e+00,-2.236067977499789805e+00,-2.906888370749726391e+00,-3.801315561749642136e+00,-4.248529157249600452e+00,-4.472135954999579610e+00,-5.590169943749473624e+00,-5.590169943749473624e+00,-4.695742752749557880e+00,-5.142956348249516196e+00,-4.472135954999579610e+00,-3.354101966249684263e+00,-3.577708763999663422e+00,-5.590169943749473624e+00,-5.813776741499452783e+00,-5.590169943749473624e+00,-4.919349550499537038e+00,-2.459674775249768519e+00,0.000000000000000000e+00,2.459674775249768519e+00,8.944271909999158554e-01,4.472135954999579277e-01,8.944271909999158554e-01,1.118033988749894903e+00,1.341640786499873839e+00,1.118033988749894903e+00,1.788854381999831711e+00,2.012461179749810647e+00,4.024922359499621294e+00,4.024922359499621294e+00,3.130495168499705549e+00,1.341640786499873839e+00,0.000000000000000000e+00,-1.565247584249852775e+00,-1.341640786499873839e+00,8.944271909999158554e-01,1.565247584249852775e+00,8.944271909999158554e-01,1.341640786499873839e+00,2.236067977499789639e-01,1.341640786499873839e+00,2.683281572999747677e+00,2.236067977499789805e+00,3.577708763999663422e+00,4.024922359499621294e+00,2.906888370749726391e+00,2.906888370749726391e+00,8.944271909999158554e-01,2.236067977499789805e+00,2.459674775249768519e+00,8.944271909999158554e-01,1.788854381999831711e+00,2.459674775249768519e+00,2.012461179749810647e+00,6.708203932499369193e-01,8.944271909999158554e-01,2.236067977499789639e-01,-1.565247584249852775e+00,8.944271909999158554e-01,8.944271909999158554e-01,6.708203932499369193e-01,2.236067977499789805e+00,2.012461179749810647e+00,2.459674775249768519e+00,2.683281572999747677e+00,1.788854381999831711e+00,1.118033988749894903e+00,1.341640786499873839e+00,1.118033988749894903e+00,6.708203932499369193e-01,2.906888370749726391e+00,4.472135954999579610e+00,4.024922359499621294e+00,4.472135954999579610e+00,4.024922359499621294e+00,3.577708763999663422e+00,2.906888370749726391e+00,2.236067977499789805e+00,1.341640786499873839e+00,2.236067977499789639e-01,-4.472135954999579277e-01,4.472135954999579277e-01,2.236067977499789639e-01,2.459674775249768519e+00,2.459674775249768519e+00,2.683281572999747677e+00,4.024922359499621294e+00,2.459674775249768519e+00,8.944271909999158554e-01,2.459674775249768519e+00,2.906888370749726391e+00,5.366563145999495354e+00,5.142956348249516196e+00,2.683281572999747677e+00,2.683281572999747677e+00,2.012461179749810647e+00,3.354101966249684263e+00,5.142956348249516196e+00,4.919349550499537038e+00,6.260990336999411099e+00,3.801315561749642136e+00,3.354101966249684263e+00,3.130495168499705549e+00,2.236067977499789805e+00,2.459674775249768519e+00,2.236067977499789805e+00,2.906888370749726391e+00,2.906888370749726391e+00,2.906888370749726391e+00,2.906888370749726391e+00,3.801315561749642136e+00,3.801315561749642136e+00,2.012461179749810647e+00,1.788854381999831711e+00,2.683281572999747677e+00,2.906888370749726391e+00,2.236067977499789639e-01,2.236067977499789639e-01,2.236067977499789639e-01,1.565247584249852775e+00,4.472135954999579277e-01,8.944271909999158554e-01,0.000000000000000000e+00,1.565247584249852775e+00,2.236067977499789639e-01,0.000000000000000000e+00,8.944271909999158554e-01,6.708203932499369193e-01,0.000000000000000000e+00,2.459674775249768519e+00,4.024922359499621294e+00,3.130495168499705549e+00,2.906888370749726391e+00,2.906888370749726391e+00,4.695742752749557880e+00,5.813776741499452783e+00,6.931810730249347685e+00,5.813776741499452783e+00,5.813776741499452783e+00,4.472135954999579610e+00,5.366563145999495354e+00,6.037383539249431941e+00,4.248529157249600452e+00,2.012461179749810647e+00,2.459674775249768519e+00,2.236067977499789639e-01,-8.944271909999158554e-01,-2.236067977499789639e-01,0.000000000000000000e+00,-2.236067977499789639e-01,0.000000000000000000e+00,-4.472135954999579277e-01,-8.944271909999158554e-01,-2.012461179749810647e+00,-2.012461179749810647e+00,2.236067977499789639e-01,-6.708203932499369193e-01,-6.708203932499369193e-01,4.472135954999579277e-01,2.012461179749810647e+00,3.130495168499705549e+00,3.801315561749642136e+00,3.577708763999663422e+00,3.130495168499705549e+00,4.472135954999579610e+00,5.142956348249516196e+00,6.260990336999411099e+00,5.813776741499452783e+00,3.577708763999663422e+00,3.130495168499705549e+00,4.248529157249600452e+00,3.801315561749642136e+00,4.024922359499621294e+00,1.788854381999831711e+00,2.012461179749810647e+00,2.236067977499789805e+00,3.130495168499705549e+00,4.248529157249600452e+00,3.354101966249684263e+00,4.024922359499621294e+00,4.248529157249600452e+00,2.459674775249768519e+00,2.012461179749810647e+00,2.236067977499789639e-01,-2.236067977499789805e+00,-1.118033988749894903e+00,-8.944271909999158554e-01,-2.236067977499789639e-01,8.944271909999158554e-01,2.236067977499789639e-01,1.565247584249852775e+00,8.944271909999158554e-01,2.236067977499789639e-01,4.472135954999579277e-01,-1.565247584249852775e+00,-3.577708763999663422e+00,-2.683281572999747677e+00,-3.354101966249684263e+00,-2.906888370749726391e+00,-3.354101966249684263e+00,-4.024922359499621294e+00,-4.472135954999579610e+00,-4.472135954999579610e+00,-3.354101966249684263e+00,-3.577708763999663422e+00,-2.459674775249768519e+00,-1.341640786499873839e+00,-2.236067977499789805e+00,-1.565247584249852775e+00,-2.236067977499789639e-01,-8.944271909999158554e-01,-2.236067977499789639e-01,-1.565247584249852775e+00,-6.708203932499369193e-01,-4.472135954999579277e-01,-2.459674775249768519e+00,-2.683281572999747677e+00,-4.472135954999579610e+00,-6.260990336999411099e+00,-4.024922359499621294e+00,-4.472135954999579610e+00,-4.024922359499621294e+00,-4.024922359499621294e+00,-3.801315561749642136e+00,-5.366563145999495354e+00,-3.801315561749642136e+00,-2.906888370749726391e+00,-2.683281572999747677e+00,-2.459674775249768519e+00,-4.695742752749557880e+00,-3.577708763999663422e+00,-1.118033988749894903e+00,4.472135954999579277e-01,0.000000000000000000e+00,-1.118033988749894903e+00,4.472135954999579277e-01,-4.472135954999579277e-01,-4.472135954999579277e-01,-2.236067977499789639e-01,0.000000000000000000e+00,1.118033988749894903e+00,-6.708203932499369193e-01,-1.118033988749894903e+00,8.944271909999158554e-01,4.472135954999579277e-01,1.341640786499873839e+00,6.708203932499369193e-01,6.708203932499369193e-01,-1.341640786499873839e+00,-1.341640786499873839e+00,-1.118033988749894903e+00,-2.683281572999747677e+00,-2.683281572999747677e+00,-2.236067977499789805e+00,-1.565247584249852775e+00,-3.130495168499705549e+00,-2.906888370749726391e+00,-2.236067977499789805e+00,-2.906888370749726391e+00,-3.130495168499705549e+00,-3.801315561749642136e+00,-3.130495168499705549e+00,-2.906888370749726391e+00,-8.944271909999158554e-01,-1.341640786499873839e+00,-3.130495168499705549e+00,-3.130495168499705549e+00,-3.577708763999663422e+00,-4.919349550499537038e+00,-4.024922359499621294e+00,-1.788854381999831711e+00,-2.012461179749810647e+00,-6.708203932499369193e-01,-6.708203932499369193e-01,-2.236067977499789639e-01,-6.708203932499369193e-01,-1.788854381999831711e+00,-2.012461179749810647e+00,-2.236067977499789805e+00,-3.130495168499705549e+00,-3.130495168499705549e+00,-1.788854381999831711e+00,-4.472135954999579277e-01,0.000000000000000000e+00,6.708203932499369193e-01,1.341640786499873839e+00,2.012461179749810647e+00,2.012461179749810647e+00,2.236067977499789805e+00,3.130495168499705549e+00,5.366563145999495354e+00,5.813776741499452783e+00,5.366563145999495354e+00,6.484597134749389369e+00,5.590169943749473624e+00,5.590169943749473624e+00,6.931810730249347685e+00,6.708203932499368527e+00,7.602631123499284271e+00,6.931810730249347685e+00,9.167878707749137490e+00,6.260990336999411099e+00,6.484597134749389369e+00,5.590169943749473624e+00,5.142956348249516196e+00,6.484597134749389369e+00,4.472135954999579610e+00,3.801315561749642136e+00,4.919349550499537038e+00,5.590169943749473624e+00,4.472135954999579610e+00,4.695742752749557880e+00,5.142956348249516196e+00,3.130495168499705549e+00,2.236067977499789805e+00,2.683281572999747677e+00,2.683281572999747677e+00,2.012461179749810647e+00,4.248529157249600452e+00,3.577708763999663422e+00,3.130495168499705549e+00,2.683281572999747677e+00,2.459674775249768519e+00,1.118033988749894903e+00,1.341640786499873839e+00,3.354101966249684263e+00,3.130495168499705549e+00,2.683281572999747677e+00,2.236067977499789805e+00,3.130495168499705549e+00,3.130495168499705549e+00,2.012461179749810647e+00,1.341640786499873839e+00,2.906888370749726391e+00,2.683281572999747677e+00,3.130495168499705549e+00,2.012461179749810647e+00,1.341640786499873839e+00,4.472135954999579277e-01,1.341640786499873839e+00,-6.708203932499369193e-01,1.118033988749894903e+00,-2.236067977499789639e-01,-2.683281572999747677e+00,-3.130495168499705549e+00,-1.565247584249852775e+00,-2.683281572999747677e+00,-2.906888370749726391e+00,-2.459674775249768519e+00,4.472135954999579277e-01,4.472135954999579277e-01,-2.236067977499789639e-01,-8.944271909999158554e-01,2.236067977499789805e+00,3.354101966249684263e+00,3.577708763999663422e+00,1.565247584249852775e+00,3.130495168499705549e+00,2.683281572999747677e+00,3.801315561749642136e+00,1.788854381999831711e+00,1.788854381999831711e+00,1.565247584249852775e+00,1.788854381999831711e+00,3.354101966249684263e+00,1.118033988749894903e+00,1.788854381999831711e+00,2.012461179749810647e+00,2.012461179749810647e+00,6.708203932499369193e-01,1.118033988749894903e+00,-2.236067977499789639e-01,-1.788854381999831711e+00,-2.906888370749726391e+00,-2.236067977499789805e+00,-3.577708763999663422e+00,-2.683281572999747677e+00,-8.944271909999158554e-01,0.000000000000000000e+00,8.944271909999158554e-01,2.236067977499789805e+00,2.012461179749810647e+00,3.577708763999663422e+00,6.037383539249431941e+00,6.484597134749389369e+00,5.813776741499452783e+00,4.248529157249600452e+00,2.459674775249768519e+00,4.472135954999579277e-01,-2.236067977499789639e-01,-1.118033988749894903e+00,-3.130495168499705549e+00,-3.577708763999663422e+00,-3.801315561749642136e+00,-7.379024325749306001e+00,-8.049844718999242588e+00,-7.379024325749306001e+00,-5.813776741499452783e+00,-7.155417527999326843e+00,-6.037383539249431941e+00,-6.931810730249347685e+00,-5.366563145999495354e+00,-5.142956348249516196e+00,-4.919349550499537038e+00,-4.024922359499621294e+00,-5.366563145999495354e+00,-4.248529157249600452e+00,-4.695742752749557880e+00,-3.354101966249684263e+00,-5.366563145999495354e+00,-5.142956348249516196e+00,-7.155417527999326843e+00,-6.931810730249347685e+00,-5.813776741499452783e+00,-6.260990336999411099e+00,-6.037383539249431941e+00,-4.248529157249600452e+00,-8.944271909999158554e-01,2.459674775249768519e+00,1.788854381999831711e+00,2.012461179749810647e+00,2.906888370749726391e+00,2.459674775249768519e+00,1.788854381999831711e+00
-1.788854381999831711e+00,-6.708203932499369193e-01,6.708203932499369193e-01,4.472135954999579277e-01,8.944271909999158554e-01,2.683281572999747677e+00,1.565247584249852775e+00,1.788854381999831711e+00,2.012461179749810647e+00,1.565247584249852775e+00,1.788854381999831711e+00,2.236067977499789805e+00,6.708203932499369193e-01,8.944271909999158554e-01,1.118033988749894903e+00,1.118033988749894903e+00,1.341640786499873839e+00,3.801315561749642136e+00,2.683281572999747677e+00,2.459674775249768519e+00,2.683281572999747677e+00,3.130495168499705549e+00,1.565247584249852775e+00,3.577708763999663422e+00,2.236067977499789805e+00,2.683281572999747677e+00,1.565247584249852775e+00,2.012461179749810647e+00,2.906888370749726391e+00,2.236067977499789805e+00,1.118033988749894903e+00,1.341640786499873839e+00,-4.472135954999579277e-01,-2.683281572999747677e+00,0.000000000000000000e+00,-2.236067977499789805e+00,-2.459674775249768519e+00,-4.024922359499621294e+00,-4.472135954999579277e-01,-2.012461179749810647e+00,-2.236067977499789805e+00,-1.565247584249852775e+00,-2.012461179749810647e+00,-1.341640786499873839e+00,-1.118033988749894903e+00,4.472135954999579277e-01,2.236067977499789805e+00,4.472135954999579610e+00,6.708203932499368527e+00,6.484597134749389369e+00,6.037383539249431941e+00,7.155417527999326843e+00,6.931810730249347685e+00,6.037383539249431941e+00,5.813776741499452783e+00,6.260990336999411099e+00,4.919349550499537038e+00,3.577708763999663422e+00,4.248529157249600452e+00,4.695742752749557880e+00,2.683281572999747677e+00,1.341640786499873839e+00,1.565247584249852775e+00,2.459674775249768519e+00,4.248529157249600452e+00,3.354101966249684263e+00,3.801315561749642136e+00,3.354101966249684263e+00,3.801315561749642136e+00,5.590169943749473624e+00,6.931810730249347685e+00,5.142956348249516196e+00,4.024922359499621294e+00,2.906888370749726391e+00,2.459674775249768519e+00,2.683281572999747677e+00,3.130495168499705549e+00,4.248529157249600452e+00,3.801315561749642136e+00,2.459674775249768519e+00,1.565247584249852775e+00,0.000000000000000000e+00,-2.683281572999747677e+00,-1.341640786499873839e+00,-2.459674775249768519e+00,-3.577708763999663422e+00,-3.130495168499705549e+00,-2.906888370749726391e+00,-2.906888370749726391e+00,-1.118033988749894903e+00,0.000000000000000000e+00,-6.708203932499369193e-01,4.472135954999579277e-01,0.000000000000000000e+00,2.683281572999747677e+00,6.708203932499369193e-01,1.788854381999831711e+00,1.788854381999831711e+00,2.459674775249768519e+00,2.012461179749810647e+00,1.118033988749894903e+00,-4.472135954999579277e-01,-4.472135954999579277e-01,-1.341640786499873839e+00,-4.472135954999579277e-01,-2.236067977499789639e-01,6.708203932499369193e-01,6.708203932499369193e-01,-4.472135954999579277e-01,8.944271909999158554e-01,6.708203932499369193e-01,2.012461179749810647e+00,2.906888370749726391e+00,4.919349550499537038e+00,5.813776741499452783e+00,2.683281572999747677e+00,3.354101966249684263e+00,2.683281572999747677e+00,2.012461179749810647e+00,2.012461179749810647e+00,1.788854381999831711e+00,3.130495168499705549e+00,3.354101966249684263e+00,4.024922359499621294e+00,3.354101966249684263e+00,2.906888370749726391e+00,6.708203932499369193e-01,6.708203932499369193e-01,4.472135954999579277e-01,4.472135954999579277e-01,2.236067977499789639e-01,-1.118033988749894903e+00,-1.341640786499873839e+00,-1.341640786499873839e+00,-2.906888370749726391e+00,-1.341640786499873839e+00,-2.906888370749726391e+00,-4.248529157249600452e+00,-2.683281572999747677e+00,-3.801315561749642136e+00,-4.248529157249600452e+00,-5.142956348249516196e+00,-6.260990336999411099e+00,-4.695742752749557880e+00,-3.130495168499705549e+00,-2.683281572999747677e+00,-2.236067977499789805e+00,-1.341640786499873839e+00,-3.130495168499705549e+00,-3.801315561749642136e+00,-2.236067977499789805e+00,-1.118033988749894903e+00,1.118033988749894903e+00,-6.708203932499369193e-01,2.236067977499789639e-01,8.944271909999158554e-01,0.000000000000000000e+00,-1.788854381999831711e+00,-1.565247584249852775e+00,0.000000000000000000e+00,-6.708203932499369193e-01,6.708203932499369193e-01,4.472135954999579277e-01,-1.565247584249852775e+00,-4.024922359499621294e+00,-2.683281572999747677e+00,-2.236067977499789639e-01,1.565247584249852775e+00,1.788854381999831711e+00,6.708203932499369193e-01,-2.236067977499789639e-01,-1.565247584249852775e+00,-2.236067977499789805e+00,-4.472135954999579277e-01,-6.708203932499369193e-01,6.708203932499369193e-01,2.236067977499789805e+00,2.683281572999747677e+00,6.708203932499369193e-01,-1.565247584249852775e+00,-2.236067977499789639e-01,3.130495168499705549e+00,2.012461179749810647e+00,2.459674775249768519e+00,1.565247584249852775e+00,8.944271909999158554e-01,4.472135954999579277e-01,8.944271909999158554e-01,2.683281572999747677e+00,4.695742752749557880e+00,5.142956348249516196e+00,6.037383539249431941e+00,5.813776741499452783e+00,6.708203932499368527e+00,4.472135954999579610e+00,5.142956348249516196e+00,5.590169943749473624e+00,5.366563145999495354e+00,6.260990336999411099e+00,5.590169943749473624e+00,4.472135954999579610e+00,4.919349550499537038e+00,6.037383539249431941e+00,5.142956348249516196e+00,5.813776741499452783e+00,4.695742752749557880e+00,6.260990336999411099e+00,5.142956348249516196e+00,6.484597134749389369e+00,7.379024325749306001e+00,8.049844718999242588e+00,7.379024325749306001e+00,6.484597134749389369e+00,6.931810730249347685e+00,7.602631123499284271e+00,6.260990336999411099e+00,6.037383539249431941e+00,5.813776741499452783e+00,4.695742752749557880e+00,3.577708763999663422e+00,3.577708763999663422e+00,2.012461179749810647e+00,2.236067977499789805e+00,1.565247584249852775e+00,2.012461179749810647e+00,2.683281572999747677e+00,2.012461179749810647e+00,8.944271909999158554e-01,1.341640786499873839e+00,2.459674775249768519e+00,4.919349550499537038e+00,4.695742752749557880e+00,5.813776741499452783e+00,4.472135954999579610e+00,6.037383539249431941e+00,4.472135954999579610e+00,4.919349550499537038e+00,6.260990336999411099e+00,5.813776741499452783e+00,6.037383539249431941e+00,5.142956348249516196e+00,5.142956348249516196e+00,3.801315561749642136e+00,4.024922359499621294e+00,1.788854381999831711e+00,1.341640786499873839e+00,1.118033988749894903e+00,3.130495168499705549e+00,3.354101966249684263e+00,4.472135954999579610e+00,5.366563145999495354e+00,5.366563145999495354e+00,6.260990336999411099e+00,5.813776741499452783e+00,5.366563145999495354e+00,6.260990336999411099e+00,3.130495168499705549e+00,4.472135954999579610e+00,4.919349550499537038e+00,4.024922359499621294e+00,3.130495168499705549e+00,4.472135954999579610e+00,5.813776741499452783e+00,4.248529157249600452e+00,2.683281572999747677e+00,3.130495168499705549e+00,4.248529157249600452e+00,3.130495168499705549e+00,1.565247584249852775e+00,-2.236067977499789639e-01,-1.118033988749894903e+00,6.708203932499369193e-01,-1.341640786499873839e+00,-2.012461179749810647e+00,-2.012461179749810647e+00,6.708203932499369193e-01,4.472135954999579277e-01,-2.236067977499789639e-01,-2.236067977499789639e-01,-1.118033988749894903e+00,-2.236067977499789805e+00,-3.354101966249684263e+00,-4.248529157249600452e+00,-4.695742752749557880e+00,-3.801315561749642136e+00,-6.708203932499368527e+00,-5.813776741499452783e+00,-6.931810730249347685e+00,-7.602631123499284271e+00,-9.838699100999074076e+00,-8.944271909999159220e+00,-7.602631123499284271e+00,-6.931810730249347685e+00,-5.366563145999495354e+00,-6.260990336999411099e+00,-7.826237921249263430e+00,-6.708203932499368527e+00,-6.037383539249431941e+00,-7.155417527999326843e+00,-5.813776741499452783e+00,-7.155417527999326843e+00,-6.484597134749389369e+00,-4.248529157249600452e+00,-2.906888370749726391e+00,-3.130495168499705549e+00,-1.788854381999831711e+00,-4.472135954999579277e-01,-1.118033988749894903e+00,-1.341640786499873839e+00,-1.565247584249852775e+00,2.236067977499789639e-01,1.118033988749894903e+00,2.459674775249768519e+00,2.236067977499789805e+00,4.024922359499621294e+00,4.695742752749557880e+00,5.590169943749473624e+00,5.813776741499452783e+00,5.366563145999495354e+00,3.801315561749642136e+00,3.801315561749642136e+00,3.130495168499705549e+00,4.248529157249600452e+00,4.472135954999579610e+00,4.695742752749557880e+00,3.577708763999663422e+00,4.024922359499621294e+00,4.472135954999579610e+00,3.801315561749642136e+00,3.577708763999663422e+00,2.906888370749726391e+00,2.012461179749810647e+00,0.000000000000000000e+00,0.000000000000000000e+00,1.118033988749894903e+00,8.944271909999158554e-01,2.012461179749810647e+00,3.130495168499705549e+00,2.012461179749810647e+00,3.130495168499705549e+00,2.459674775249768519e+00,1.341640786499873839e+00,2.012461179749810647e+00,2.459674775249768519e+00,3.354101966249684263e+00,4.024922359499621294e+00,2.683281572999747677e+00,6.708203932499369193e-01,6.708203932499369193e-01,1.118033988749894903e+00,1.341640786499873839e+00,3.577708763999663422e+00,4.472135954999579610e+00,5.590169943749473624e+00,6.037383539249431941e+00,5.590169943749473624e+00,5.813776741499452783e+00,5.590169943749473624e+00,3.354101966249684263e+00,4.695742752749557880e+00,4.248529157249600452e+00,4.472135954999579610e+00,3.130495168499705549e+00,5.142956348249516196e+00,5.813776741499452783e+00,7.826237921249263430e+00,6.931810730249347685e+00,8.273451516749220858e+00,8.049844718999242588e+00,7.155417527999326843e+00,6.037383539249431941e+00,6.260990336999411099e+00,5.813776741499452783e+00,4.919349550499537038e+00,7.379024325749306001e+00,5.366563145999495354e+00,3.130495168499705549e+00,2.459674775249768519e+00,3.577708763999663422e+00,2.459674775249768519e+00,2.459674775249768519e+00,1.341640786499873839e+00,2.236067977499789805e+00,1.341640786499873839e+00,6.708203932499369193e-01,-1.341640786499873839e+00,2.236067977499789639e-01,2.236067977499789639e-01,0.000000000000000000e+00,-1.118033988749894903e+00,-1.565247584249852775e+00,-2.236067977499789805e+00,-1.565247584249852775e+00,0.000000000000000000e+00,1.118033988749894903e+00,-6.708203932499369193e-01,-3.130495168499705549e+00,-2.459674775249768519e+00,-3.354101966249684263e+00,-2.683281572999747677e+00,-3.130495168499705549e+00,-3.801315561749642136e+00,-8.944271909999158554e-01,-1.341640786499873839e+00,1.565247584249852775e+00,6.708203932499369193e-01,1.788854381999831711e+00,-4.472135954999579277e-01,-1.565247584249852775e+00,-2.236067977499789805e+00,-3.130495168499705549e+00,-4.248529157249600452e+00,-4.695742752749557880e+00,-4.248529157249600452e+00,-3.801315561749642136e+00,-2.683281572999747677e+00,-4.248529157249600452e+00,-5.590169943749473624e+00,-5.813776741499452783e+00,-5.590169943749473624e+00,-4.472135954999579610e+00,-2.012461179749810647e+00,-6.708203932499369193e-01,-4.472135954999579277e-01,-1.118033988749894903e+00,-8.944271909999158554e-01,-4.472135954999579277e-01,0.000000000000000000e+00,2.236067977499789639e-01,-8.944271909999158554e-01,8.944271909999158554e-01,6.708203932499369193e-01,2.236067977499789639e-01,1.341640786499873839e+00,2.236067977499789805e+00,4.472135954999579277e-01,-1.341640786499873839e+00,-1.565247584249852775e+00,-2.906888370749726391e+00,-4.024922359499621294e+00,-4.695742752749557880e+00,-5.366563145999495354e+00,-5.590169943749473624e+00,-6.708203932499368527e+00,-7.826237921249263430e+00,-5.590169943749473624e+00,-6.484597134749389369e+00,-6.037383539249431941e+00,-7.602631123499284271e+00,-5.813776741499452783e+00,-2.683281572999747677e+00,-3.577708763999663422e+00,-1.118033988749894903e+00,0.000000000000000000e+00,0.000000000000000000e+00,-2.012461179749810647e+00,-1.341640786499873839e+00,8.944271909999158554e-01,1.788854381999831711e+00,2.906888370749726391e+00,1.788854381999831711e+00,1.788854381999831711e+00,3.130495168499705549e+00,2.683281572999747677e+00,2.459674775249768519e+00,2.012461179749810647e+00,3.130495168499705549e+00,2.236067977499789805e+00,2.012461179749810647e+00,3.130495168499705549e+00,8.944271909999158554e-01,-1.341640786499873839e+00,-1.788854381999831711e+00,-8.944271909999158554e-01,-1.341640786499873839e+00,2.236067977499789639e-01,6.708203932499369193e-01,0.000000000000000000e+00,-1.341640786499873839e+00,0.000000000000000000e+00,1.565247584249852775e+00,2.012461179749810647e+00,2.459674775249768519e+00,1.565247584249852775e+00,1.788854381999831711e+00,2.012461179749810647e+00,3.801315561749642136e+00,2.683281572999747677e+00,5.590169943749473624e+00,3.577708763999663422e+00,2.459674775249768519e+00,2.236067977499789805e+00,2.236067977499789805e+00,2.236067977499789805e+00,4.248529157249600452e+00,4.472135954999579610e+00,4.024922359499621294e+00,5.590169943749473624e+00,4.248529157249600452e+00,4.695742752749557880e+00
1.565247584249852775e+00,2.236067977499789805e+00,1.565247584249852775e+00,6.708203932499369193e-01,1.565247584249852775e+00,6.708203932499369193e-01,-6.708203932499369193e-01,-2.236067977499789639e-01,-2.236067977499789805e+00,-1.341640786499873839e+00,-1.341640786499873839e+00,-1.341640786499873839e+00,-2.459674775249768519e+00,-1.565247584249852775e+00,-2.683281572999747677e+00,-2.683281572999747677e+00,-2.906888370749726391e+00,-2.906888370749726391e+00,-3.801315561749642136e+00,-3.801315561749642136e+00,-4.695742752749557880e+00,-4.248529157249600452e+00,-4.248529157249600452e+00,-5.590169943749473624e+00,-5.590169943749473624e+00,-4.919349550499537038e+00,-5.590169943749473624e+00,-6.037383539249431941e+00,-5.366563145999495354e+00,-5.366563145999495354e+00,-2.236067977499789805e+00,-2.012461179749810647e+00,-1.788854381999831711e+00,-2.683281572999747677e+00,-2.236067977499789805e+00,-2.906888370749726391e+00,2.459674775249768519e+00,0.000000000000000000e+00,-4.472135954999579277e-01,-8.944271909999158554e-01,2.236067977499789639e-01,-4.472135954999579277e-01,2.236067977499789639e-01,1.565247584249852775e+00,3.130495168499705549e+00,1.565247584249852775e+00,-4.472135954999579277e-01,2.236067977499789639e-01,4.472135954999579277e-01,2.236067977499789639e-01,6.708203932499369193e-01,0.000000000000000000e+00,6.708203932499369193e-01,-8.944271909999158554e-01,-8.944271909999158554e-01,-2.236067977499789639e-01,1.788854381999831711e+00,2.906888370749726391e+00,1.565247584249852775e+00,1.788854381999831711e+00,1.788854381999831711e+00,-2.236067977499789639e-01,-4.472135954999579277e-01,-2.459674775249768519e+00,-2.906888370749726391e+00,-2.906888370749726391e+00,-2.906888370749726391e+00,-3.354101966249684263e+00,-3.577708763999663422e+00,-4.695742752749557880e+00,-4.919349550499537038e+00,-4.248529157249600452e+00,-1.788854381999831711e+00,-2.012461179749810647e+00,-8.944271909999158554e-01,-1.565247584249852775e+00,-2.012461179749810647e+00,-1.341640786499873839e+00,-2.236067977499789639e-01,0.000000000000000000e+00,-2.012461179749810647e+00,2.236067977499789639e-01,-8.944271909999158554e-01,-1.788854381999831711e+00,-2.012461179749810647e+00,-4.248529157249600452e+00,-4.024922359499621294e+00,-2.459674775249768519e+00,-2.683281572999747677e+00,-3.354101966249684263e+00,-3.577708763999663422e+00,-2.906888370749726391e+00,-2.906888370749726391e+00,0.000000000000000000e+00,-2.236067977499789639e-01,-2.236067977499789639e-01,1.565247584249852775e+00,2.459674775249768519e+00,2.012461179749810647e+00,2.459674775249768519e+00,3.354101966249684263e+00,2.906888370749726391e+00,-6.708203932499369193e-01,4.472135954999579277e-01,-8.944271909999158554e-01,-1.341640786499873839e+00,-1.118033988749894903e+00,-2.012461179749810647e+00,-1.788854381999831711e+00,0.000000000000000000e+00,-4.472135954999579277e-01,-2.012461179749810647e+00,-1.565247584249852775e+00,-2.236067977499789639e-01,-4.472135954999579277e-01,-1.341640786499873839e+00,-8.944271909999158554e-01,-2.012461179749810647e+00,-3.577708763999663422e+00,-6.037383539249431941e+00,-4.472135954999579610e+00,-6.037383539249431941e+00,-6.037383539249431941e+00,-6.260990336999411099e+00,-6.708203932499368527e+00,-7.379024325749306001e+00,-7.826237921249263430e+00,-7.379024325749306001e+00,-5.142956348249516196e+00,-6.260990336999411099e+00,-5.366563145999495354e+00,-6.708203932499368527e+00,-4.919349550499537038e+00,-3.130495168499705549e+00,-2.012461179749810647e+00,-2.683281572999747677e+00,-1.341640786499873839e+00,-1.118033988749894903e+00,-6.708203932499369193e-01,0.000000000000000000e+00,2.012461179749810647e+00,1.565247584249852775e+00,8.944271909999158554e-01,-6.708203932499369193e-01,-4.472135954999579277e-01,-8.944271909999158554e-01,-1.565247584249852775e+00,-1.788854381999831711e+00,-1.788854381999831711e+00,-1.341640786499873839e+00,2.236067977499789639e-01,-8.944271909999158554e-01,1.565247584249852775e+00,1.788854381999831711e+00,1.118033988749894903e+00,0.000000000000000000e+00,-6.708203932499369193e-01,-6.708203932499369193e-01,-8.944271909999158554e-01,-1.118033988749894903e+00,0.000000000000000000e+00,-4.472135954999579277e-01,-6.708203932499369193e-01,-1.788854381999831711e+00,-8.944271909999158554e-01,0.000000000000000000e+00,-1.118033988749894903e+00,4.472135954999579277e-01,2.459674775249768519e+00,-2.236067977499789639e-01,-1.118033988749894903e+00,-6.708203932499369193e-01,2.236067977499789639e-01,0.000000000000000000e+00,1.341640786499873839e+00,2.236067977499789805e+00,1.118033988749894903e+00,2.012461179749810647e+00,2.236067977499789805e+00,3.130495168499705549e+00,5.590169943749473624e+00,5.142956348249516196e+00,4.024922359499621294e+00,2.906888370749726391e+00,8.944271909999158554e-01,1.788854381999831711e+00,1.118033988749894903e+00,1.118033988749894903e+00,1.118033988749894903e+00,-6.708203932499369193e-01,-4.472135954999579277e-01,-2.012461179749810647e+00,-3.130495168499705549e+00,-3.577708763999663422e+00,-3.577708763999663422e+00,-1.341640786499873839e+00,-4.472135954999579277e-01,4.472135954999579277e-01,1.341640786499873839e+00,1.341640786499873839e+00,4.472135954999579277e-01,4.472135954999579277e-01,-1.118033988749894903e+00,-1.118033988749894903e+00,0.000000000000000000e+00,1.565247584249852775e+00,3.577708763999663422e+00,4.024922359499621294e+00,2.906888370749726391e+00,2.236067977499789805e+00,2.012461179749810647e+00,6.708203932499369193e-01,1.788854381999831711e+00,-2.236067977499789639e-01,8.944271909999158554e-01,2.236067977499789639e-01,0.000000000000000000e+00,4.472135954999579277e-01,6.708203932499369193e-01,-8.944271909999158554e-01,1.565247584249852775e+00,2.012461179749810647e+00,-4.472135954999579277e-01,2.236067977499789639e-01,4.472135954999579277e-01,6.708203932499369193e-01,6.708203932499369193e-01,2.236067977499789639e-01,2.459674775249768519e+00,3.354101966249684263e+00,2.683281572999747677e+00,3.130495168499705549e+00,5.590169943749473624e+00,4.472135954999579610e+00,3.577708763999663422e+00,2.683281572999747677e+00,2.236067977499789805e+00,6.708203932499369193e-01,1.341640786499873839e+00,-1.118033988749894903e+00,1.341640786499873839e+00,4.472135954999579277e-01,6.708203932499369193e-01,0.000000000000000000e+00,-2.236067977499789639e-01,0.000000000000000000e+00,-8.944271909999158554e-01,1.341640786499873839e+00,2.236067977499789639e-01,8.944271909999158554e-01,4.472135954999579277e-01,-2.236067977499789639e-01,-2.012461179749810647e+00,-2.012461179749810647e+00,-2.459674775249768519e+00,-3.130495168499705549e+00,-4.248529157249600452e+00,-4.024922359499621294e+00,-4.695742752749557880e+00,-4.919349550499537038e+00,-2.906888370749726391e+00,-3.577708763999663422e+00,-3.801315561749642136e+00,-3.130495168499705549e+00,-1.341640786499873839e+00,-1.788854381999831711e+00,-3.577708763999663422e+00,-2.236067977499789805e+00,-2.012461179749810647e+00,-2.236067977499789805e+00,-4.472135954999579277e-01,2.236067977499789639e-01,6.708203932499369193e-01,0.000000000000000000e+00,-1.118033988749894903e+00,-4.472135954999579277e-01,-1.118033988749894903e+00,-1.118033988749894903e+00,-1.118033988749894903e+00,-8.944271909999158554e-01,-6.708203932499369193e-01,-2.683281572999747677e+00,-3.130495168499705549e+00,-4.024922359499621294e+00,-2.459674775249768519e+00,-1.341640786499873839e+00,-6.708203932499369193e-01,2.012461179749810647e+00,2.459674775249768519e+00,2.012461179749810647e+00,1.341640786499873839e+00,3.801315561749642136e+00,2.459674775249768519e+00,3.130495168499705549e+00,4.472135954999579610e+00,2.459674775249768519e+00,2.236067977499789805e+00,1.788854381999831711e+00,1.118033988749894903e+00,2.459674775249768519e+00,3.577708763999663422e+00,4.695742752749557880e+00,5.590169943749473624e+00,3.577708763999663422e+00,3.801315561749642136e+00,2.906888370749726391e+00,8.944271909999158554e-01,-2.236067977499789639e-01,-6.708203932499369193e-01,-2.236067977499789805e+00,-2.459674775249768519e+00,-2.236067977499789805e+00,-1.788854381999831711e+00,-8.944271909999158554e-01,-1.118033988749894903e+00,2.236067977499789639e-01,8.944271909999158554e-01,1.341640786499873839e+00,2.236067977499789805e+00,3.577708763999663422e+00,3.577708763999663422e+00,1.565247584249852775e+00,1.341640786499873839e+00,1.788854381999831711e+00,1.118033988749894903e+00,2.236067977499789805e+00,2.906888370749726391e+00,2.906888370749726391e+00,2.459674775249768519e+00,3.354101966249684263e+00,2.683281572999747677e+00,3.130495168499705549e+00,3.354101966249684263e+00,4.695742752749557880e+00,2.906888370749726391e+00,2.683281572999747677e+00,2.683281572999747677e+00,2.683281572999747677e+00,2.683281572999747677e+00,2.906888370749726391e+00,4.472135954999579610e+00,4.472135954999579610e+00,5.590169943749473624e+00,5.142956348249516196e+00,3.354101966249684263e+00,3.130495168499705549e+00,2.012461179749810647e+00,2.012461179749810647e+00,1.118033988749894903e+00,6.708203932499369193e-01,1.788854381999831711e+00,-8.944271909999158554e-01,-2.236067977499789639e-01,2.236067977499789805e+00,3.801315561749642136e+00,3.577708763999663422e+00,3.577708763999663422e+00,3.577708763999663422e+00,6.037383539249431941e+00,5.590169943749473624e+00,4.695742752749557880e+00,3.577708763999663422e+00,6.708203932499368527e+00,6.708203932499368527e+00,5.590169943749473624e+00,6.037383539249431941e+00,4.695742752749557880e+00,4.248529157249600452e+00,4.472135954999579610e+00,3.130495168499705549e+00,2.906888370749726391e+00,2.236067977499789805e+00,2.683281572999747677e+00,2.236067977499789805e+00,1.565247584249852775e+00,3.577708763999663422e+00,4.472135954999579610e+00,3.577708763999663422e+00,6.484597134749389369e+00,7.379024325749306001e+00,6.931810730249347685e+00,7.602631123499284271e+00,7.826237921249263430e+00,6.037383539249431941e+00,5.366563145999495354e+00,4.919349550499537038e+00,3.801315561749642136e+00,4.248529157249600452e+00,5.366563145999495354e+00,4.248529157249600452e+00,5.366563145999495354e+00,5.366563145999495354e+00,4.919349550499537038e+00,6.037383539249431941e+00,6.037383539249431941e+00,4.919349550499537038e+00,5.590169943749473624e+00,5.142956348249516196e+00,3.577708763999663422e+00,2.683281572999747677e+00,2.906888370749726391e+00,1.788854381999831711e+00,-6.708203932499369193e-01,-4.472135954999579277e-01,-6.708203932499369193e-01,-6.708203932499369193e-01,-1.788854381999831711e+00,-3.801315561749642136e+00,-4.248529157249600452e+00,-6.037383539249431941e+00,-6.260990336999411099e+00,-5.142956348249516196e+00,-4.695742752749557880e+00,-4.695742752749557880e+00,-3.577708763999663422e+00,-3.801315561749642136e+00,-5.142956348249516196e+00,-4.024922359499621294e+00,-3.130495168499705549e+00,-3.354101966249684263e+00,-2.012461179749810647e+00,-2.683281572999747677e+00,-2.683281572999747677e+00,-2.459674775249768519e+00,-2.236067977499789805e+00,-3.577708763999663422e+00,-2.459674775249768519e+00,-2.683281572999747677e+00,-4.472135954999579610e+00,-3.130495168499705549e+00,-2.906888370749726391e+00,-3.577708763999663422e+00,-3.130495168499705549e+00,-5.366563145999495354e+00,-7.826237921249263430e+00,-7.155417527999326843e+00,-5.142956348249516196e+00,-2.683281572999747677e+00,-3.801315561749642136e+00,-3.354101966249684263e+00,-4.472135954999579610e+00,-4.472135954999579610e+00,-3.801315561749642136e+00,-3.130495168499705549e+00,-1.788854381999831711e+00,-2.459674775249768519e+00,-2.906888370749726391e+00,-2.906888370749726391e+00,-2.906888370749726391e+00,-3.801315561749642136e+00,-2.906888370749726391e+00,-4.248529157249600452e+00,-5.366563145999495354e+00,-5.142956348249516196e+00,-6.484597134749389369e+00,-6.708203932499368527e+00,-6.037383539249431941e+00,-5.590169943749473624e+00,-3.577708763999663422e+00,-1.118033988749894903e+00,-2.683281572999747677e+00,-1.118033988749894903e+00,0.000000000000000000e+00,0.000000000000000000e+00,1.118033988749894903e+00,1.565247584249852775e+00,1.118033988749894903e+00,-8.944271909999158554e-01,-6.708203932499369193e-01,-1.565247584249852775e+00,-4.472135954999579277e-01,-2.236067977499789639e-01,-1.341640786499873839e+00,-2.236067977499789805e+00,-2.012461179749810647e+00,-2.459674775249768519e+00,-2.236067977499789639e-01,2.236067977499789639e-01,1.341640786499873839e+00,2.906888370749726391e+00,2.906888370749726391e+00,2.459674775249768519e+00,2.236067977499789805e+00,8.944271909999158554e-01,4.472135954999579277e-01,-1.565247584249852775e+00,0.000000000000000000e+00,-2.236067977499789639e-01,-1.341640786499873839e+00,-2.236067977499789639e-01,-2.459674775249768519e+00,-3.577708763999663422e+00,-4.695742752749557880e+00,-5.590169943749473624e+00,-4.024922359499621294e+00,-4.695742752749557880e+00,-4.695742752749557880e+00,-3.354101966249684263e+00,-2.906888370749726391e+00,-6.708203932499369193e-01
-1.341640786499873839e+00,-1.341640786499873839e+00,-6.708203932499369193e-01,2.236067977499789639e-01,-2.236067977499789639e-01,2.236067977499789805e+00,8.944271909999158554e-01,6.708203932499369193e-01,0.000000000000000000e+00,-6.708203932499369193e-01,-2.459674775249768519e+00,-4.695742752749557880e+00,-5.142956348249516196e+00,-6.484597134749389369e+00,-7.155417527999326843e+00,-6.484597134749389369e+00,-5.590169943749473624e+00,-5.142956348249516196e+00,-4.695742752749557880e+00,-4.024922359499621294e+00,-3.577708763999663422e+00,-5.366563145999495354e+00,-4.472135954999579610e+00,-4.472135954999579610e+00,-3.801315561749642136e+00,-3.130495168499705549e+00,-4.919349550499537038e+00,-3.130495168499705549e+00,0.000000000000000000e+00,3.130495168499705549e+00,3.130495168499705549e+00,3.354101966249684263e+00,4.919349550499537038e+00,4.248529157249600452e+00,3.801315561749642136e+00,2.906888370749726391e+00,2.683281572999747677e+00,1.788854381999831711e+00,1.341640786499873839e+00,1.341640786499873839e+00,1.788854381999831711e+00,1.118033988749894903e+00,-2.236067977499789639e-01,-2.236067977499789639e-01,-2.236067977499789639e-01,-2.459674775249768519e+00,-2.459674775249768519e+00,-2.012461179749810647e+00,-2.236067977499789805e+00,-4.024922359499621294e+00,-6.708203932499369193e-01,2.236067977499789639e-01,-8.944271909999158554e-01,-1.118033988749894903e+00,4.472135954999579277e-01,2.236067977499789639e-01,-2.236067977499789639e-01,1.341640786499873839e+00,1.341640786499873839e+00,2.236067977499789639e-01,2.236067977499789639e-01,-6.708203932499369193e-01,-4.472135954999579277e-01,0.000000000000000000e+00,-6.708203932499369193e-01,0.000000000000000000e+00,-8.944271909999158554e-01,4.472135954999579277e-01,1.118033988749894903e+00,8.944271909999158554e-01,6.708203932499369193e-01,1.565247584249852775e+00,8.944271909999158554e-01,2.012461179749810647e+00,8.944271909999158554e-01,-4.472135954999579277e-01,-6.708203932499369193e-01,-1.341640786499873839e+00,-4.472135954999579277e-01,-6.708203932499369193e-01,-8.944271909999158554e-01,4.472135954999579277e-01,1.341640786499873839e+00,1.565247584249852775e+00,1.118033988749894903e+00,4.472135954999579277e-01,3.354101966249684263e+00,2.459674775249768519e+00,1.788854381999831711e+00,4.472135954999579277e-01,1.565247584249852775e+00,2.012461179749810647e+00,2.236067977499789805e+00,3.801315561749642136e+00,3.130495168499705549e+00,1.341640786499873839e+00,2.683281572999747677e+00,1.118033988749894903e+00,2.012461179749810647e+00,2.236067977499789639e-01,8.944271909999158554e-01,-2.236067977499789805e+00,-1.565247584249852775e+00,-1.565247584249852775e+00,-1.118033988749894903e+00,6.708203932499369193e-01,2.236067977499789639e-01,6.708203932499369193e-01,6.708203932499369193e-01,3.577708763999663422e+00,4.472135954999579610e+00,2.906888370749726391e+00,7.826237921249263430e+00,7.602631123499284271e+00,8.720665112249179174e+00,7.379024325749306001e+00,5.590169943749473624e+00,4.919349550499537038e+00,4.695742752749557880e+00,2.906888370749726391e+00,2.683281572999747677e+00,1.565247584249852775e+00,0.000000000000000000e+00,-6.708203932499369193e-01,6.708203932499369193e-01,1.118033988749894903e+00,8.944271909999158554e-01,2.236067977499789639e-01,8.944271909999158554e-01,2.236067977499789639e-01,1.565247584249852775e+00,2.012461179749810647e+00,3.354101966249684263e+00,1.341640786499873839e+00,3.354101966249684263e+00,2.236067977499789805e+00,1.565247584249852775e+00,2.012461179749810647e+00,4.919349550499537038e+00,2.906888370749726391e+00,2.012461179749810647e+00,1.565247584249852775e+00,1.118033988749894903e+00,8.944271909999158554e-01,1.118033988749894903e+00,2.012461179749810647e+00,2.683281572999747677e+00,2.459674775249768519e+00,4.919349550499537038e+00,2.012461179749810647e+00,3.354101966249684263e+00,3.130495168499705549e+00,2.236067977499789805e+00,2.236067977499789805e+00,0.000000000000000000e+00,-6.708203932499369193e-01,-4.472135954999579277e-01,6.708203932499369193e-01,0.000000000000000000e+00,-8.944271909999158554e-01,2.236067977499789639e-01,4.472135954999579277e-01,-8.944271909999158554e-01,-4.472135954999579277e-01,6.708203932499369193e-01,2.236067977499789639e-01,6.708203932499369193e-01,-4.472135954999579277e-01,0.000000000000000000e+00,2.236067977499789805e+00,1.118033988749894903e+00,0.000000000000000000e+00,-4.472135954999579277e-01,0.000000000000000000e+00,4.472135954999579277e-01,-1.341640786499873839e+00,-4.024922359499621294e+00,-2.459674775249768519e+00,-2.906888370749726391e+00,-1.341640786499873839e+00,0.000000000000000000e+00,2.012461179749810647e+00,2.459674775249768519e+00,2.236067977499789805e+00,3.130495168499705549e+00,3.354101966249684263e+00,3.130495168499705549e+00,2.906888370749726391e+00,1.341640786499873839e+00,8.944271909999158554e-01,2.906888370749726391e+00,2.459674775249768519e+00,3.801315561749642136e+00,1.341640786499873839e+00,2.683281572999747677e+00,2.236067977499789805e+00,4.919349550499537038e+00,3.354101966249684263e+00,3.354101966249684263e+00,3.801315561749642136e+00,2.906888370749726391e+00,3.354101966249684263e+00,3.577708763999663422e+00,2.683281572999747677e+00,1.118033988749894903e+00,8.944271909999158554e-01,6.708203932499369193e-01,8.944271909999158554e-01,4.472135954999579277e-01,-4.472135954999579277e-01,2.236067977499789639e-01,4.472135954999579277e-01,1.788854381999831711e+00,3.354101966249684263e+00,4.919349550499537038e+00,4.919349550499537038e+00,4.472135954999579610e+00,4.024922359499621294e+00,2.683281572999747677e+00,3.354101966249684263e+00,3.577708763999663422e+00,2.236067977499789805e+00,1.788854381999831711e+00,1.565247584249852775e+00,0.000000000000000000e+00,2.012461179749810647e+00,2.459674775249768519e+00,3.801315561749642136e+00,5.813776741499452783e+00,6.037383539249431941e+00,4.472135954999579610e+00,4.695742752749557880e+00,4.472135954999579610e+00,4.248529157249600452e+00,4.919349550499537038e+00,4.024922359499621294e+00,2.683281572999747677e+00,2.683281572999747677e+00,1.118033988749894903e+00,2.906888370749726391e+00,3.130495168499705549e+00,1.788854381999831711e+00,8.944271909999158554e-01,2.236067977499789639e-01,1.118033988749894903e+00,-1.788854381999831711e+00,-6.708203932499369193e-01,-4.472135954999579277e-01,-6.708203932499369193e-01,-1.565247584249852775e+00,-1.788854381999831711e+00,-2.906888370749726391e+00,-2.459674775249768519e+00,-3.130495168499705549e+00,-3.801315561749642136e+00,-4.248529157249600452e+00,-5.366563145999495354e+00,-4.024922359499621294e+00,-4.248529157249600452e+00,-5.366563145999495354e+00,-4.248529157249600452e+00,-4.919349550499537038e+00,-6.037383539249431941e+00,-5.366563145999495354e+00,-7.602631123499284271e+00,-6.708203932499368527e+00,-7.602631123499284271e+00,-6.260990336999411099e+00,-5.142956348249516196e+00,-6.037383539249431941e+00,-6.484597134749389369e+00,-9.391485505499115760e+00,-8.944271909999159220e+00,-9.615092303249095806e+00,-9.615092303249095806e+00,-9.615092303249095806e+00,-9.167878707749137490e+00,-7.379024325749306001e+00,-6.037383539249431941e+00,-5.813776741499452783e+00,-4.024922359499621294e+00,-6.260990336999411099e+00,-5.366563145999495354e+00,-6.037383539249431941e+00,-6.037383539249431941e+00,-5.813776741499452783e+00,-5.813776741499452783e+00,-5.142956348249516196e+00,-5.590169943749473624e+00,-2.459674775249768519e+00,-4.024922359499621294e+00,-3.354101966249684263e+00,-2.906888370749726391e+00,-8.944271909999158554e-01,-4.472135954999579277e-01,1.118033988749894903e+00,6.708203932499369193e-01,2.459674775249768519e+00,6.708203932499369193e-01,1.788854381999831711e+00,3.354101966249684263e+00,2.459674775249768519e+00,2.459674775249768519e+00,3.354101966249684263e+00,3.577708763999663422e+00,4.919349550499537038e+00,4.248529157249600452e+00,4.024922359499621294e+00,2.906888370749726391e+00,3.130495168499705549e+00,1.788854381999831711e+00,8.944271909999158554e-01,6.708203932499369193e-01,1.565247584249852775e+00,2.236067977499789805e+00,2.236067977499789805e+00,2.236067977499789805e+00,2.459674775249768519e+00,2.459674775249768519e+00,2.236067977499789805e+00,4.472135954999579277e-01,0.000000000000000000e+00,2.012461179749810647e+00,2.683281572999747677e+00,3.354101966249684263e+00,3.354101966249684263e+00,2.236067977499789805e+00,2.236067977499789805e+00,1.118033988749894903e+00,1.788854381999831711e+00,2.236067977499789805e+00,-2.236067977499789639e-01,2.459674775249768519e+00,2.236067977499789805e+00,8.944271909999158554e-01,4.472135954999579277e-01,1.565247584249852775e+00,4.472135954999579277e-01,-2.236067977499789639e-01,4.472135954999579277e-01,6.708203932499369193e-01,1.341640786499873839e+00,-2.236067977499789639e-01,0.000000000000000000e+00,-1.118033988749894903e+00,-2.012461179749810647e+00,-2.236067977499789805e+00,-2.683281572999747677e+00,-2.236067977499789805e+00,-2.236067977499789805e+00,0.000000000000000000e+00,0.000000000000000000e+00,-6.708203932499369193e-01,6.708203932499369193e-01,0.000000000000000000e+00,8.944271909999158554e-01,-2.236067977499789639e-01,8.944271909999158554e-01,8.944271909999158554e-01,-2.236067977499789639e-01,-6.708203932499369193e-01,-4.472135954999579277e-01,-1.118033988749894903e+00,-6.708203932499369193e-01,-2.236067977499789639e-01,2.236067977499789639e-01,1.341640786499873839e+00,2.683281572999747677e+00,2.236067977499789805e+00,8.944271909999158554e-01,-6.708203932499369193e-01,-2.236067977499789639e-01,4.472135954999579277e-01,8.944271909999158554e-01,1.341640786499873839e+00,2.236067977499789639e-01,-1.341640786499873839e+00,-3.130495168499705549e+00,-3.130495168499705549e+00,-3.801315561749642136e+00,-3.577708763999663422e+00,-4.472135954999579610e+00,-5.590169943749473624e+00,-4.248529157249600452e+00,-4.472135954999579610e+00,-3.354101966249684263e+00,-8.944271909999158554e-01,-1.118033988749894903e+00,-1.565247584249852775e+00,2.236067977499789639e-01,-8.944271909999158554e-01,-2.012461179749810647e+00,-8.944271909999158554e-01,-1.118033988749894903e+00,2.012461179749810647e+00,1.788854381999831711e+00,1.788854381999831711e+00,1.565247584249852775e+00,3.577708763999663422e+00,5.590169943749473624e+00,3.354101966249684263e+00,3.577708763999663422e+00,2.236067977499789805e+00,6.708203932499369193e-01,-8.944271909999158554e-01,-4.472135954999579277e-01,1.118033988749894903e+00,2.012461179749810647e+00,2.236067977499789639e-01,0.000000000000000000e+00,-1.118033988749894903e+00,-1.118033988749894903e+00,-2.236067977499789805e+00,-2.236067977499789805e+00,-1.565247584249852775e+00,-1.118033988749894903e+00,-2.683281572999747677e+00,-2.683281572999747677e+00,-1.788854381999831711e+00,-1.118033988749894903e+00,-1.118033988749894903e+00,-6.708203932499369193e-01,-4.472135954999579277e-01,1.341640786499873839e+00,4.472135954999579277e-01,8.944271909999158554e-01,-4.472135954999579277e-01,-6.708203932499369193e-01,-1.118033988749894903e+00,-8.944271909999158554e-01,-1.118033988749894903e+00,-3.354101966249684263e+00,-4.024922359499621294e+00,-4.024922359499621294e+00,-2.012461179749810647e+00,-1.118033988749894903e+00,-1.341640786499873839e+00,-4.472135954999579277e-01,-6.708203932499369193e-01,-4.472135954999579277e-01,-6.708203932499369193e-01,-4.472135954999579277e-01,-3.354101966249684263e+00,-4.024922359499621294e+00,-6.708203932499368527e+00,-6.484597134749389369e+00,-5.813776741499452783e+00,-5.813776741499452783e+00,-4.919349550499537038e+00,-6.260990336999411099e+00,-7.379024325749306001e+00,-7.155417527999326843e+00,-6.484597134749389369e+00,-5.590169943749473624e+00,-4.919349550499537038e+00,-3.577708763999663422e+00,-5.590169943749473624e+00,-3.801315561749642136e+00,-4.024922359499621294e+00,-2.236067977499789805e+00,-3.130495168499705549e+00,-3.354101966249684263e+00,-2.236067977499789805e+00,-1.341640786499873839e+00,-1.788854381999831711e+00,-1.565247584249852775e+00,-1.788854381999831711e+00,-3.577708763999663422e+00,-2.906888370749726391e+00,-2.683281572999747677e+00,-3.801315561749642136e+00,-5.366563145999495354e+00,-5.813776741499452783e+00,-6.484597134749389369e+00,-4.024922359499621294e+00,-3.354101966249684263e+00,-2.683281572999747677e+00,-3.577708763999663422e+00,-1.565247584249852775e+00,-6.708203932499369193e-01,-1.788854381999831711e+00,-2.236067977499789639e-01,4.472135954999579277e-01,-8.944271909999158554e-01,-1.565247584249852775e+00,-1.118033988749894903e+00,8.944271909999158554e-01,6.708203932499369193e-01,-2.236067977499789639e-01,-1.341640786499873839e+00,-3.801315561749642136e+00,-2.683281572999747677e+00,-3.577708763999663422e+00,-3.577708763999663422e+00,-3.354101966249684263e+00,-2.683281572999747677e+00,-1.341640786499873839e+00,-2.459674775249768519e+00,-4.472135954999579610e+00,-3.577708763999663422e+00
-2.236067977499789639e-01,-8.944271909999158554e-01,-2.906888370749726391e+00,-4.024922359499621294e+00,-4.695742752749557880e+00,-2.683281572999747677e+00,-6.708203932499369193e-01,1.565247584249852775e+00,8.944271909999158554e-01,1.788854381999831711e+00,3.354101966249684263e+00,1.788854381999831711e+00,-2.236067977499789639e-01,-1.788854381999831711e+00,-1.341640786499873839e+00,-2.236067977499789639e-01,2.236067977499789639e-01,1.118033988749894903e+00,4.472135954999579277e-01,1.565247584249852775e+00,3.577708763999663422e+00,2.012461179749810647e+00,1.565247584249852775e+00,8.944271909999158554e-01,2.459674775249768519e+00,4.472135954999579610e+00,5.590169943749473624e+00,6.931810730249347685e+00,6.260990336999411099e+00,4.024922359499621294e+00,3.354101966249684263e+00,2.906888370749726391e+00,2.236067977499789805e+00,2.012461179749810647e+00,1.788854381999831711e+00,-2.236067977499789639e-01,-1.565247584249852775e+00,-3.354101966249684263e+00,-3.801315561749642136e+00,-5.813776741499452783e+00,-3.801315561749642136e+00,-3.577708763999663422e+00,-3.354101966249684263e+00,-4.919349550499537038e+00,-1.788854381999831711e+00,-2.459674775249768519e+00,-2.683281572999747677e+00,-2.012461179749810647e+00,-1.118033988749894903e+00,-1.341640786499873839e+00,0.000000000000000000e+00,6.708203932499369193e-01,2.012461179749810647e+00,1.118033988749894903e+00,-2.236067977499789639e-01,-2.236067977499789639e-01,-6.708203932499369193e-01,2.236067977499789639e-01,-8.944271909999158554e-01,-3.577708763999663422e+00,-2.012461179749810647e+00,-3.130495168499705549e+00,-4.472135954999579610e+00,-5.590169943749473624e+00,-5.813776741499452783e+00,-5.142956348249516196e+00,-3.577708763999663422e+00,-4.695742752749557880e+00,-4.248529157249600452e+00,-4.248529157249600452e+00,-6.484597134749389369e+00,-6.484597134749389369e+00,-4.472135954999579610e+00,-3.130495168499705549e+00,-1.565247584249852775e+00,-1.341640786499873839e+00,-1.788854381999831711e+00,-2.236067977499789805e+00,-3.130495168499705549e+00,-3.354101966249684263e+00,-2.012461179749810647e+00,-2.236067977499789639e-01,0.000000000000000000e+00,1.788854381999831711e+00,1.565247584249852775e+00,1.565247584249852775e+00,1.341640786499873839e+00,1.341640786499873839e+00,1.565247584249852775e+00,0.000000000000000000e+00,-6.708203932499369193e-01,4.472135954999579277e-01,1.118033988749894903e+00,2.906888370749726391e+00,4.472135954999579277e-01,8.944271909999158554e-01,0.000000000000000000e+00,2.236067977499789805e+00,2.012461179749810647e+00,6.708203932499369193e-01,1.565247584249852775e+00,1.788854381999831711e+00,3.354101966249684263e+00,2.906888370749726391e+00,4.024922359499621294e+00,2.012461179749810647e+00,1.118033988749894903e+00,8.944271909999158554e-01,1.565247584249852775e+00,2.236067977499789805e+00,1.788854381999831711e+00,-1.118033988749894903e+00,-6.708203932499369193e-01,-1.118033988749894903e+00,-2.012461179749810647e+00,-2.012461179749810647e+00,-8.944271909999158554e-01,-2.236067977499789639e-01,6.708203932499369193e-01,-4.472135954999579277e-01,2.236067977499789639e-01,-2.236067977499789639e-01,-8.944271909999158554e-01,-2.012461179749810647e+00,-3.354101966249684263e+00,-3.130495168499705549e+00,-6.037383539249431941e+00,-5.813776741499452783e+00,-4.024922359499621294e+00,-2.906888370749726391e+00,-2.236067977499789805e+00,-1.341640786499873839e+00,-8.944271909999158554e-01,-2.683281572999747677e+00,-2.683281572999747677e+00,-4.024922359499621294e+00,-1.565247584249852775e+00,-2.459674775249768519e+00,-2.236067977499789639e-01,-4.472135954999579277e-01,0.000000000000000000e+00,2.236067977499789639e-01,-8.944271909999158554e-01,-6.708203932499369193e-01,2.236067977499789639e-01,1.788854381999831711e+00,-1.565247584249852775e+00,4.472135954999579277e-01,0.000000000000000000e+00,8.944271909999158554e-01,3.354101966249684263e+00,5.590169943749473624e+00,5.813776741499452783e+00,5.590169943749473624e+00,4.919349550499537038e+00,3.801315561749642136e+00,3.130495168499705549e+00,4.695742752749557880e+00,4.024922359499621294e+00,2.906888370749726391e+00,3.577708763999663422e+00,3.801315561749642136e+00,5.590169943749473624e+00,5.590169943749473624e+00,6.931810730249347685e+00,5.813776741499452783e+00,5.366563145999495354e+00,4.024922359499621294e+00,3.354101966249684263e+00,4.472135954999579610e+00,1.118033988749894903e+00,1.118033988749894903e+00,2.012461179749810647e+00,1.341640786499873839e+00,-2.236067977499789639e-01,-1.118033988749894903e+00,-2.236067977499789639e-01,1.118033988749894903e+00,8.944271909999158554e-01,4.472135954999579277e-01,2.906888370749726391e+00,3.354101966249684263e+00,3.130495168499705549e+00,3.577708763999663422e+00,4.024922359499621294e+00,4.695742752749557880e+00,3.801315561749642136e+00,3.801315561749642136e+00,2.236067977499789805e+00,4.024922359499621294e+00,3.130495168499705549e+00,0.000000000000000000e+00,4.472135954999579277e-01,1.788854381999831711e+00,8.944271909999158554e-01,-6.708203932499369193e-01,-1.118033988749894903e+00,-8.944271909999158554e-01,-2.012461179749810647e+00,-2.906888370749726391e+00,-5.142956348249516196e+00,-7.602631123499284271e+00,-6.708203932499368527e+00,-6.037383539249431941e+00,-5.813776741499452783e+00,-5.142956348249516196e+00,-3.577708763999663422e+00,-3.354101966249684263e+00,-1.118033988749894903e+00,-8.944271909999158554e-01,-2.683281572999747677e+00,-3.130495168499705549e+00,-4.919349550499537038e+00,-6.260990336999411099e+00,-7.155417527999326843e+00,-8.049844718999242588e+00,-9.167878707749137490e+00,-8.720665112249179174e+00,-9.391485505499115760e+00,-8.497058314499200904e+00,-7.155417527999326843e+00,-5.590169943749473624e+00,-4.695742752749557880e+00,-5.590169943749473624e+00,-6.708203932499368527e+00,-5.590169943749473624e+00,-5.813776741499452783e+00,-6.260990336999411099e+00,-5.813776741499452783e+00,-7.155417527999326843e+00,-5.366563145999495354e+00,-5.590169943749473624e+00,-4.695742752749557880e+00,-3.577708763999663422e+00,-1.788854381999831711e+00,-4.472135954999579610e+00,-4.695742752749557880e+00,-5.590169943749473624e+00,-6.260990336999411099e+00,-8.944271909999159220e+00,-1.028591269649903239e+01,-8.497058314499200904e+00,-6.931810730249347685e+00,-7.379024325749306001e+00,-8.497058314499200904e+00,-7.826237921249263430e+00,-6.260990336999411099e+00,-6.037383539249431941e+00,-9.391485505499115760e+00,-7.826237921249263430e+00,-6.260990336999411099e+00,-7.826237921249263430e+00,-8.273451516749220858e+00,-4.695742752749557880e+00,-2.683281572999747677e+00,-1.118033988749894903e+00,-4.472135954999579277e-01,-6.708203932499369193e-01,-1.118033988749894903e+00,-1.118033988749894903e+00,-2.236067977499789639e-01,-4.472135954999579277e-01,-1.565247584249852775e+00,-2.236067977499789805e+00,-2.012461179749810647e+00,-2.012461179749810647e+00,-8.944271909999158554e-01,2.236067977499789639e-01,-1.788854381999831711e+00,-4.472135954999579277e-01,6.708203932499369193e-01,-6.708203932499369193e-01,-2.236067977499789639e-01,1.788854381999831711e+00,1.341640786499873839e+00,2.459674775249768519e+00,3.577708763999663422e+00,5.142956348249516196e+00,4.248529157249600452e+00,2.459674775249768519e+00,2.906888370749726391e+00,2.459674775249768519e+00,2.012461179749810647e+00,2.236067977499789639e-01,-4.472135954999579277e-01,-4.472135954999579277e-01,4.472135954999579277e-01,-2.236067977499789639e-01,2.236067977499789639e-01,1.118033988749894903e+00,2.236067977499789805e+00,2.459674775249768519e+00,1.788854381999831711e+00,1.565247584249852775e+00,2.236067977499789805e+00,4.024922359499621294e+00,4.472135954999579610e+00,2.012461179749810647e+00,2.012461179749810647e+00,1.118033988749894903e+00,2.459674775249768519e+00,1.118033988749894903e+00,2.683281572999747677e+00,1.788854381999831711e+00,3.801315561749642136e+00,3.354101966249684263e+00,8.944271909999158554e-01,1.565247584249852775e+00,1.118033988749894903e+00,-2.236067977499789639e-01,4.472135954999579277e-01,-8.944271909999158554e-01,-2.236067977499789639e-01,4.472135954999579277e-01,2.012461179749810647e+00,6.708203932499369193e-01,6.708203932499369193e-01,6.708203932499369193e-01,4.472135954999579277e-01,-2.236067977499789639e-01,6.708203932499369193e-01,2.236067977499789639e-01,6.708203932499369193e-01,-1.565247584249852775e+00,-2.236067977499789639e-01,-4.472135954999579277e-01,-1.788854381999831711e+00,-6.708203932499369193e-01,-2.236067977499789639e-01,1.341640786499873839e+00,-2.236067977499789639e-01,2.236067977499789639e-01,2.236067977499789639e-01,1.341640786499873839e+00,1.565247584249852775e+00,2.236067977499789805e+00,2.236067977499789805e+00,8.944271909999158554e-01,-4.472135954999579277e-01,1.118033988749894903e+00,1.118033988749894903e+00,2.236067977499789639e-01,2.236067977499789639e-01,6.708203932499369193e-01,-2.236067977499789639e-01,-8.944271909999158554e-01,-8.944271909999158554e-01,8.944271909999158554e-01,-2.236067977499789639e-01,-2.236067977499789639e-01,2.236067977499789805e+00,2.683281572999747677e+00,4.024922359499621294e+00,2.683281572999747677e+00,3.577708763999663422e+00,2.906888370749726391e+00,2.906888370749726391e+00,2.236067977499789805e+00,2.236067977499789805e+00,2.236067977499789639e-01,1.118033988749894903e+00,-2.236067977499789639e-01,6.708203932499369193e-01,4.472135954999579277e-01,3.354101966249684263e+00,4.024922359499621294e+00,4.472135954999579610e+00,3.801315561749642136e+00,4.024922359499621294e+00,2.012461179749810647e+00,1.565247584249852775e+00,4.472135954999579277e-01,0.000000000000000000e+00,6.708203932499369193e-01,1.565247584249852775e+00,2.236067977499789639e-01,-4.472135954999579277e-01,8.944271909999158554e-01,2.236067977499789805e+00,8.944271909999158554e-01,1.118033988749894903e+00,1.788854381999831711e+00,2.236067977499789639e-01,-1.341640786499873839e+00,-3.354101966249684263e+00,-3.801315561749642136e+00,-2.906888370749726391e+00,-2.683281572999747677e+00,-2.459674775249768519e+00,-1.341640786499873839e+00,-1.118033988749894903e+00,-1.341640786499873839e+00,0.000000000000000000e+00,2.906888370749726391e+00,1.565247584249852775e+00,4.472135954999579277e-01,-2.236067977499789805e+00,-1.118033988749894903e+00,-2.012461179749810647e+00,-1.788854381999831711e+00,-2.012461179749810647e+00,-3.354101966249684263e+00,-2.459674775249768519e+00,-3.801315561749642136e+00,-1.565247584249852775e+00,-1.565247584249852775e+00,-3.577708763999663422e+00,-5.813776741499452783e+00,-5.142956348249516196e+00,-6.260990336999411099e+00,-3.577708763999663422e+00,-2.906888370749726391e+00,-8.944271909999158554e-01,6.708203932499369193e-01,2.236067977499789639e-01,4.472135954999579277e-01,1.118033988749894903e+00,-6.708203932499369193e-01,-6.708203932499369193e-01,-1.788854381999831711e+00,-2.459674775249768519e+00,-8.944271909999158554e-01,-2.236067977499789805e+00,-4.472135954999579277e-01,-2.459674775249768519e+00,-4.472135954999579610e+00,-5.142956348249516196e+00,-6.037383539249431941e+00,-4.919349550499537038e+00,-3.577708763999663422e+00,-2.683281572999747677e+00,-2.459674775249768519e+00,-8.944271909999158554e-01,-4.472135954999579277e-01,-1.565247584249852775e+00,-2.459674775249768519e+00,-2.683281572999747677e+00,-3.801315561749642136e+00,-5.366563145999495354e+00,-5.142956348249516196e+00,-6.260990336999411099e+00,-6.484597134749389369e+00,-5.813776741499452783e+00,-3.577708763999663422e+00,-3.801315561749642136e+00,-3.354101966249684263e+00,-1.341640786499873839e+00,-6.708203932499369193e-01,-1.118033988749894903e+00,-8.944271909999158554e-01,-2.236067977499789639e-01,-2.236067977499789639e-01,-1.341640786499873839e+00,-6.708203932499369193e-01,-8.944271909999158554e-01,-1.341640786499873839e+00,-4.472135954999579277e-01,-8.944271909999158554e-01,8.944271909999158554e-01,1.788854381999831711e+00,2.459674775249768519e+00,5.142956348249516196e+00,6.708203932499368527e+00,5.366563145999495354e+00,5.813776741499452783e+00,6.260990336999411099e+00,5.366563145999495354e+00,2.906888370749726391e+00,4.248529157249600452e+00,4.695742752749557880e+00,3.130495168499705549e+00,0.000000000000000000e+00,1.565247584249852775e+00,-8.944271909999158554e-01,-2.236067977499789639e-01,-1.118033988749894903e+00,-2.236067977499789639e-01,-4.472135954999579277e-01,-4.472135954999579277e-01,-2.236067977499789805e+00,-1.788854381999831711e+00,-3.354101966249684263e+00,-4.695742752749557880e+00,-5.813776741499452783e+00,-6.708203932499368527e+00,-5.590169943749473624e+00,-3.577708763999663422e+00,-2.459674775249768519e+00,-1.341640786499873839e+00,-1.788854381999831711e+00,-4.472135954999579277e-01,-8.944271909999158554e-01,4.472135954999579277e-01,1.341640786499873839e+00,2.236067977499789805e+00,2.683281572999747677e+00,1.788854381999831711e+00,3.130495168499705549e+00,3.130495168499705549e+00,2.459674775249768519e+00
-1.341640786499873839e+00,-2.012461179749810647e+00,-2.906888370749726391e+00,-3.130495168499705549e+00,-1.341640786499873839e+00,-2.906888370749726391e+00,-1.565247584249852775e+00,0.000000000000000000e+00,2.236067977499789639e-01,6.708203932499369193e-01,1.788854381999831711e+00,2.459674775249768519e+00,2.906888370749726391e+00,2.906888370749726391e+00,2.683281572999747677e+00,3.577708763999663422e+00,2.459674775249768519e+00,4.472135954999579277e-01,-6.708203932499369193e-01,-6.708203932499369193e-01,2.236067977499789639e-01,0.000000000000000000e+00,-4.472135954999579277e-01,6.708203932499369193e-01,2.236067977499789805e+00,1.788854381999831711e+00,2.683281572999747677e+00,2.236067977499789639e-01,8.944271909999158554e-01,1.788854381999831711e+00,-2.236067977499789639e-01,-1.788854381999831711e+00,-1.118033988749894903e+00,-1.341640786499873839e+00,-6.708203932499369193e-01,-1.788854381999831711e+00,-3.130495168499705549e+00,-1.565247584249852775e+00,-1.118033988749894903e+00,-1.118033988749894903e+00,-2.012461179749810647e+00,-3.130495168499705549e+00,-3.130495168499705549e+00,-3.577708763999663422e+00,-2.683281572999747677e+00,-2.236067977499789805e+00,-2.683281572999747677e+00,-4.472135954999579277e-01,-8.944271909999158554e-01,-1.118033988749894903e+00,1.341640786499873839e+00,8.944271909999158554e-01,1.341640786499873839e+00,3.130495168499705549e+00,4.919349550499537038e+00,2.683281572999747677e+00,-4.472135954999579277e-01,-8.944271909999158554e-01,-2.012461179749810647e+00,-1.118033988749894903e+00,-2.236067977499789639e-01,6.708203932499369193e-01,-1.565247584249852775e+00,-2.459674775249768519e+00,-3.130495168499705549e+00,-3.130495168499705549e+00,-2.459674775249768519e+00,-2.012461179749810647e+00,-1.788854381999831711e+00,-3.801315561749642136e+00,-3.801315561749642136e+00,-5.142956348249516196e+00,-3.577708763999663422e+00,-3.801315561749642136e+00,-4.919349550499537038e+00,-3.354101966249684263e+00,-3.354101966249684263e+00,-1.341640786499873839e+00,-3.577708763999663422e+00,-3.130495168499705549e+00,-2.236067977499789805e+00,-4.472135954999579277e-01,-1.565247584249852775e+00,4.472135954999579277e-01,1.118033988749894903e+00,1.341640786499873839e+00,0.000000000000000000e+00,-1.341640786499873839e+00,-1.565247584249852775e+00,-1.788854381999831711e+00,-3.354101966249684263e+00,-1.341640786499873839e+00,-1.118033988749894903e+00,-2.012461179749810647e+00,-2.236067977499789805e+00,-3.801315561749642136e+00,-3.801315561749642136e+00,-3.577708763999663422e+00,-4.472135954999579610e+00,-5.590169943749473624e+00,-5.590169943749473624e+00,-4.919349550499537038e+00,-3.801315561749642136e+00,-2.906888370749726391e+00,-2.906888370749726391e+00,-2.012461179749810647e+00,0.000000000000000000e+00,-1.341640786499873839e+00,-1.341640786499873839e+00,-1.788854381999831711e+00,-2.683281572999747677e+00,-2.683281572999747677e+00,0.000000000000000000e+00,-1.565247584249852775e+00,4.472135954999579277e-01,2.459674775249768519e+00,1.788854381999831711e+00,1.788854381999831711e+00,2.012461179749810647e+00,1.565247584249852775e+00,6.708203932499369193e-01,0.000000000000000000e+00,-1.118033988749894903e+00,2.236067977499789639e-01,4.472135954999579277e-01,1.341640786499873839e+00,2.236067977499789639e-01,1.118033988749894903e+00,0.000000000000000000e+00,-2.236067977499789639e-01,-2.236067977499789639e-01,-6.708203932499369193e-01,-2.236067977499789639e-01,0.000000000000000000e+00,-1.118033988749894903e+00,6.708203932499369193e-01,-1.118033988749894903e+00,-2.012461179749810647e+00,-1.341640786499873839e+00,-3.130495168499705549e+00,-1.565247584249852775e+00,-4.248529157249600452e+00,-5.813776741499452783e+00,-6.037383539249431941e+00,-5.366563145999495354e+00,-5.590169943749473624e+00,-3.577708763999663422e+00,-4.248529157249600452e+00,-3.354101966249684263e+00,-2.459674775249768519e+00,-2.906888370749726391e+00,-2.459674775249768519e+00,-1.788854381999831711e+00,-1.788854381999831711e+00,-2.012461179749810647e+00,-1.565247584249852775e+00,-2.906888370749726391e+00,-2.012461179749810647e+00,-1.788854381999831711e+00,-1.788854381999831711e+00,-2.459674775249768519e+00,-8.944271909999158554e-01,-2.012461179749810647e+00,-1.788854381999831711e+00,-4.472135954999579277e-01,1.565247584249852775e+00,3.354101966249684263e+00,4.248529157249600452e+00,3.577708763999663422e+00,3.577708763999663422e+00,2.012461179749810647e+00,2.683281572999747677e+00,2.459674775249768519e+00,2.236067977499789639e-01,-4.472135954999579277e-01,-4.472135954999579277e-01,-1.118033988749894903e+00,-1.565247584249852775e+00,1.565247584249852775e+00,0.000000000000000000e+00,-8.944271909999158554e-01,-4.472135954999579277e-01,-1.118033988749894903e+00,-3.577708763999663422e+00,-4.472135954999579610e+00,-4.695742752749557880e+00,-4.919349550499537038e+00,-3.130495168499705549e+00,-1.565247584249852775e+00,2.236067977499789639e-01,-1.341640786499873839e+00,-1.565247584249852775e+00,6.708203932499369193e-01,2.236067977499789639e-01,0.000000000000000000e+00,0.000000000000000000e+00,-1.341640786499873839e+00,-1.565247584249852775e+00,-2.459674775249768519e+00,-1.341640786499873839e+00,-2.012461179749810647e+00,-8.944271909999158554e-01,-8.944271909999158554e-01,-2.236067977499789639e-01,0.000000000000000000e+00,-4.472135954999579277e-01,2.236067977499789639e-01,-1.118033988749894903e+00,-6.708203932499369193e-01,-2.236067977499789639e-01,-2.236067977499789639e-01,0.000000000000000000e+00,-2.236067977499789639e-01,8.944271909999158554e-01,1.341640786499873839e+00,4.472135954999579277e-01,-6.708203932499369193e-01,1.565247584249852775e+00,1.788854381999831711e+00,3.577708763999663422e+00,1.341640786499873839e+00,-2.236067977499789639e-01,-6.708203932499369193e-01,-4.472135954999579277e-01,-4.472135954999579277e-01,1.788854381999831711e+00,1.118033988749894903e+00,2.236067977499789805e+00,2.012461179749810647e+00,6.708203932499369193e-01,-1.118033988749894903e+00,-2.012461179749810647e+00,-2.236067977499789639e-01,-2.236067977499789639e-01,-4.472135954999579277e-01,1.118033988749894903e+00,-2.236067977499789639e-01,6.708203932499369193e-01,3.130495168499705549e+00,3.801315561749642136e+00,6.260990336999411099e+00,5.366563145999495354e+00,5.142956348249516196e+00,4.695742752749557880e+00,4.919349550499537038e+00,4.024922359499621294e+00,4.695742752749557880e+00,3.354101966249684263e+00,3.577708763999663422e+00,3.577708763999663422e+00,4.472135954999579610e+00,5.813776741499452783e+00,4.919349550499537038e+00,5.142956348249516196e+00,5.142956348249516196e+00,3.577708763999663422e+00,3.801315561749642136e+00,4.024922359499621294e+00,2.906888370749726391e+00,4.472135954999579610e+00,4.248529157249600452e+00,2.683281572999747677e+00,3.801315561749642136e+00,4.919349550499537038e+00,6.037383539249431941e+00,5.366563145999495354e+00,4.695742752749557880e+00,6.708203932499368527e+00,5.813776741499452783e+00,6.037383539249431941e+00,4.919349550499537038e+00,4.695742752749557880e+00,1.118033988749894903e+00,4.472135954999579277e-01,-4.472135954999579277e-01,-2.236067977499789639e-01,-2.683281572999747677e+00,-4.024922359499621294e+00,-5.142956348249516196e+00,-4.248529157249600452e+00,-3.354101966249684263e+00,-4.024922359499621294e+00,-4.024922359499621294e+00,-6.708203932499368527e+00,-7.379024325749306001e+00,-6.931810730249347685e+00,-7.155417527999326843e+00,-4.919349550499537038e+00,-4.695742752749557880e+00,-3.354101966249684263e+00,-3.801315561749642136e+00,-5.813776741499452783e+00,-4.695742752749557880e+00,-4.695742752749557880e+00,-3.354101966249684263e+00,-3.801315561749642136e+00,-3.801315561749642136e+00,-5.366563145999495354e+00,-4.472135954999579610e+00,-4.248529157249600452e+00,-5.366563145999495354e+00,-5.813776741499452783e+00,-5.142956348249516196e+00,-4.695742752749557880e+00,-4.695742752749557880e+00,-4.248529157249600452e+00,-4.919349550499537038e+00,-5.590169943749473624e+00,-7.379024325749306001e+00,-5.813776741499452783e+00,-6.708203932499368527e+00,-4.919349550499537038e+00,-3.577708763999663422e+00,-1.118033988749894903e+00,4.472135954999579277e-01,1.565247584249852775e+00,2.459674775249768519e+00,4.248529157249600452e+00,4.919349550499537038e+00,3.577708763999663422e+00,2.683281572999747677e+00,3.577708763999663422e+00,5.366563145999495354e+00,3.130495168499705549e+00,2.236067977499789805e+00,3.577708763999663422e+00,2.683281572999747677e+00,1.565247584249852775e+00,1.118033988749894903e+00,-1.341640786499873839e+00,-8.944271909999158554e-01,-2.236067977499789805e+00,0.000000000000000000e+00,1.118033988749894903e+00,8.944271909999158554e-01,2.236067977499789805e+00,1.788854381999831711e+00,2.683281572999747677e+00,2.012461179749810647e+00,8.944271909999158554e-01,-2.236067977499789639e-01,-8.944271909999158554e-01,-2.012461179749810647e+00,-3.801315561749642136e+00,-2.459674775249768519e+00,-2.459674775249768519e+00,-4.472135954999579277e-01,-2.236067977499789639e-01,1.788854381999831711e+00,2.236067977499789805e+00,8.944271909999158554e-01,2.459674775249768519e+00,6.708203932499369193e-01,-1.118033988749894903e+00,-6.708203932499369193e-01,-4.472135954999579277e-01,0.000000000000000000e+00,6.708203932499369193e-01,4.472135954999579277e-01,1.565247584249852775e+00,2.459674775249768519e+00,1.788854381999831711e+00,1.118033988749894903e+00,-4.472135954999579277e-01,-6.708203932499369193e-01,-1.118033988749894903e+00,-6.708203932499369193e-01,-1.341640786499873839e+00,-2.012461179749810647e+00,-3.130495168499705549e+00,-2.683281572999747677e+00,-3.130495168499705549e+00,-3.354101966249684263e+00,-2.236067977499789805e+00,-2.683281572999747677e+00,-2.683281572999747677e+00,-3.354101966249684263e+00,-4.472135954999579610e+00,-4.919349550499537038e+00,-5.590169943749473624e+00,-4.024922359499621294e+00,-5.142956348249516196e+00,-2.236067977499789805e+00,-8.944271909999158554e-01,1.118033988749894903e+00,3.130495168499705549e+00,3.801315561749642136e+00,2.236067977499789805e+00,6.708203932499369193e-01,-1.565247584249852775e+00,-1.565247584249852775e+00,-1.118033988749894903e+00,-1.341640786499873839e+00,-1.118033988749894903e+00,-1.118033988749894903e+00,-1.118033988749894903e+00,-2.459674775249768519e+00,-2.459674775249768519e+00,-1.565247584249852775e+00,-1.565247584249852775e+00,-1.341640786499873839e+00,0.000000000000000000e+00,-6.708203932499369193e-01,2.236067977499789639e-01,-2.012461179749810647e+00,-2.906888370749726391e+00,-4.024922359499621294e+00,-4.248529157249600452e+00,-5.142956348249516196e+00,-5.813776741499452783e+00,-5.142956348249516196e+00,-5.813776741499452783e+00,-6.260990336999411099e+00,-6.708203932499368527e+00,-6.931810730249347685e+00,-7.379024325749306001e+00,-6.708203932499368527e+00,-6.260990336999411099e+00,-4.024922359499621294e+00,-4.472135954999579610e+00,-5.813776741499452783e+00,-4.248529157249600452e+00,-3.577708763999663422e+00,-4.248529157249600452e+00,-3.577708763999663422e+00,-4.248529157249600452e+00,-2.906888370749726391e+00,-2.012461179749810647e+00,-4.472135954999579277e-01,-2.236067977499789639e-01,-8.944271909999158554e-01,-2.683281572999747677e+00,-2.459674775249768519e+00,-4.024922359499621294e+00,-4.472135954999579610e+00,-4.695742752749557880e+00,-6.484597134749389369e+00,-6.037383539249431941e+00,-6.484597134749389369e+00,-6.484597134749389369e+00,-4.248529157249600452e+00,-4.248529157249600452e+00,-6.708203932499368527e+00,-6.260990336999411099e+00,-4.919349550499537038e+00,-5.366563145999495354e+00,-5.590169943749473624e+00,-5.590169943749473624e+00,-4.919349550499537038e+00,-4.695742752749557880e+00,-5.142956348249516196e+00,-5.590169943749473624e+00,-5.813776741499452783e+00,-7.155417527999326843e+00,-5.813776741499452783e+00,-5.590169943749473624e+00,-5.813776741499452783e+00,-5.142956348249516196e+00,-4.695742752749557880e+00,-4.248529157249600452e+00,-3.801315561749642136e+00,-4.024922359499621294e+00,-4.472135954999579610e+00,-3.577708763999663422e+00,-4.248529157249600452e+00,-3.130495168499705549e+00,-3.354101966249684263e+00,-2.012461179749810647e+00,-6.708203932499369193e-01,-1.118033988749894903e+00,-2.236067977499789639e-01,1.118033988749894903e+00,-2.236067977499789639e-01,4.472135954999579277e-01,1.788854381999831711e+00,1.341640786499873839e+00,-6.708203932499369193e-01,0.000000000000000000e+00,1.788854381999831711e+00,-8.944271909999158554e-01,-2.683281572999747677e+00,-1.565247584249852775e+00,-6.708203932499369193e-01,4.472135954999579277e-01,-2.236067977499789639e-01,-2.236067977499789639e-01,-2.236067977499789805e+00,-1.565247584249852775e+00,-8.944271909999158554e-01,-8.944271909999158554e-01,-4.472135954999579277e-01,-2.236067977499789805e+00,-2.683281572999747677e+00,-4.472135954999579277e-01,-1.118033988749894903e+00,-2.012461179749810647e+00,-2.236067977499789639e-01,-1.341640786499873839e+00,-2.906888370749726391e+00,-8.944271909999158554e-01
-1.118033988749894903e+00,-8.944271909999158554e-01,2.236067977499789639e-01,0.000000000000000000e+00,-1.341640786499873839e+00,-1.788854381999831711e+00,-2.012461179749810647e+00,-2.459674775249768519e+00,-1.565247584249852775e+00,-6.708203932499369193e-01,1.118033988749894903e+00,1.565247584249852775e+00,2.236067977499789805e+00,4.919349550499537038e+00,4.695742752749557880e+00,4.695742752749557880e+00,5.142956348249516196e+00,6.484597134749389369e+00,5.590169943749473624e+00,5.366563145999495354e+00,6.708203932499368527e+00,4.695742752749557880e+00,3.354101966249684263e+00,1.341640786499873839e+00,-2.236067977499789639e-01,-1.118033988749894903e+00,8.944271909999158554e-01,1.341640786499873839e+00,-1.118033988749894903e+00,-6.708203932499369193e-01,-1.118033988749894903e+00,-4.472135954999579277e-01,1.565247584249852775e+00,1.788854381999831711e+00,1.341640786499873839e+00,6.708203932499369193e-01,1.118033988749894903e+00,6.708203932499369193e-01,4.472135954999579277e-01,6.708203932499369193e-01,2.906888370749726391e+00,3.801315561749642136e+00,2.459674775249768519e+00,1.341640786499873839e+00,1.118033988749894903e+00,3.130495168499705549e+00,4.695742752749557880e+00,4.024922359499621294e+00,3.354101966249684263e+00,4.472135954999579610e+00,4.695742752749557880e+00,2.459674775249768519e+00,4.024922359499621294e+00,4.919349550499537038e+00,4.472135954999579610e+00,5.590169943749473624e+00,5.142956348249516196e+00,5.366563145999495354e+00,5.813776741499452783e+00,6.484597134749389369e+00,4.919349550499537038e+00,5.590169943749473624e+00,4.024922359499621294e+00,3.577708763999663422e+00,3.801315561749642136e+00,4.472135954999579610e+00,5.590169943749473624e+00,5.813776741499452783e+00,6.708203932499368527e+00,5.142956348249516196e+00,7.602631123499284271e+00,7.602631123499284271e+00,6.708203932499368527e+00,3.354101966249684263e+00,6.708203932499368527e+00,6.037383539249431941e+00,4.248529157249600452e+00,6.037383539249431941e+00,6.708203932499368527e+00,6.260990336999411099e+00,6.484597134749389369e+00,7.379024325749306001e+00,7.155417527999326843e+00,9.391485505499115760e+00,7.602631123499284271e+00,4.919349550499537038e+00,7.155417527999326843e+00,6.037383539249431941e+00,4.472135954999579610e+00,2.906888370749726391e+00,1.565247584249852775e+00,1.341640786499873839e+00,2.236067977499789639e-01,2.236067977499789639e-01,-1.341640786499873839e+00,-4.472135954999579277e-01,0.000000000000000000e+00,-2.459674775249768519e+00,-3.354101966249684263e+00,-1.788854381999831711e+00,-3.801315561749642136e+00,-5.590169943749473624e+00,-5.813776741499452783e+00,-6.484597134749389369e+00,-8.273451516749220858e+00,-7.602631123499284271e+00,-8.049844718999242588e+00,-7.155417527999326843e+00,-7.155417527999326843e+00,-7.155417527999326843e+00,-7.602631123499284271e+00,-7.155417527999326843e+00,-7.155417527999326843e+00,-6.484597134749389369e+00,-5.590169943749473624e+00,-3.801315561749642136e+00,-5.142956348249516196e+00,-5.590169943749473624e+00,-6.708203932499368527e+00,-5.590169943749473624e+00,-4.024922359499621294e+00,-5.813776741499452783e+00,-4.919349550499537038e+00,-4.472135954999579610e+00,-5.813776741499452783e+00,-5.813776741499452783e+00,-4.248529157249600452e+00,-1.788854381999831711e+00,-1.565247584249852775e+00,-2.012461179749810647e+00,-2.236067977499789805e+00,-6.708203932499369193e-01,-1.788854381999831711e+00,-3.130495168499705549e+00,-2.459674775249768519e+00,-2.012461179749810647e+00,8.944271909999158554e-01,-8.944271909999158554e-01,-8.944271909999158554e-01,-2.012461179749810647e+00,-1.118033988749894903e+00,-1.341640786499873839e+00,-2.683281572999747677e+00,-2.459674775249768519e+00,-5.142956348249516196e+00,-4.248529157249600452e+00,-3.801315561749642136e+00,-2.683281572999747677e+00,-1.565247584249852775e+00,-6.708203932499369193e-01,2.236067977499789639e-01,0.000000000000000000e+00,-4.472135954999579277e-01,0.000000000000000000e+00,-4.472135954999579277e-01,0.000000000000000000e+00,1.341640786499873839e+00,1.788854381999831711e+00,8.944271909999158554e-01,4.472135954999579277e-01,4.472135954999579277e-01,2.683281572999747677e+00,3.577708763999663422e+00,2.236067977499789805e+00,3.354101966249684263e+00,3.801315561749642136e+00,4.024922359499621294e+00,4.248529157249600452e+00,2.683281572999747677e+00,-4.472135954999579277e-01,0.000000000000000000e+00,2.236067977499789639e-01,1.118033988749894903e+00,8.944271909999158554e-01,-6.708203932499369193e-01,-8.944271909999158554e-01,-8.944271909999158554e-01,-6.708203932499369193e-01,2.012461179749810647e+00,1.565247584249852775e+00,1.565247584249852775e+00,6.708203932499369193e-01,-2.236067977499789639e-01,-1.118033988749894903e+00,-6.708203932499369193e-01,-2.236067977499789639e-01,-6.708203932499369193e-01,6.708203932499369193e-01,6.708203932499369193e-01,-8.944271909999158554e-01,-2.906888370749726391e+00,-6.708203932499369193e-01,2.236067977499789805e+00,1.118033988749894903e+00,2.683281572999747677e+00,2.012461179749810647e+00,3.801315561749642136e+00,3.130495168499705549e+00,1.118033988749894903e+00,8.944271909999158554e-01,2.236067977499789805e+00,2.906888370749726391e+00,4.024922359499621294e+00,2.459674775249768519e+00,1.118033988749894903e+00,0.000000000000000000e+00,-6.708203932499369193e-01,-2.236067977499789639e-01,1.565247584249852775e+00,6.708203932499369193e-01,8.944271909999158554e-01,1.118033988749894903e+00,1.565247584249852775e+00,-2.236067977499789639e-01,-4.472135954999579277e-01,2.236067977499789639e-01,1.118033988749894903e+00,1.118033988749894903e+00,2.459674775249768519e+00,1.788854381999831711e+00,1.788854381999831711e+00,-6.708203932499369193e-01,-1.565247584249852775e+00,-1.788854381999831711e+00,-2.012461179749810647e+00,-3.130495168499705549e+00,-3.801315561749642136e+00,-2.683281572999747677e+00,-1.118033988749894903e+00,1.118033988749894903e+00,8.944271909999158554e-01,1.788854381999831711e+00,2.012461179749810647e+00,1.565247584249852775e+00,1.565247584249852775e+00,0.000000000000000000e+00,0.000000000000000000e+00,2.236067977499789805e+00,2.906888370749726391e+00,-4.472135954999579277e-01,-4.472135954999579277e-01,-2.236067977499789639e-01,-2.236067977499789639e-01,-8.944271909999158554e-01,-2.012461179749810647e+00,-1.565247584249852775e+00,-1.118033988749894903e+00,-2.459674775249768519e+00,-2.683281572999747677e+00,-2.459674775249768519e+00,-2.906888370749726391e+00,-3.801315561749642136e+00,-2.012461179749810647e+00,-3.577708763999663422e+00,-4.472135954999579610e+00,-2.906888370749726391e+00,-3.354101966249684263e+00,-2.012461179749810647e+00,-4.024922359499621294e+00,-3.577708763999663422e+00,-3.130495168499705549e+00,6.708203932499369193e-01,1.341640786499873839e+00,0.000000000000000000e+00,-6.708203932499369193e-01,-1.341640786499873839e+00,-1.118033988749894903e+00,-1.788854381999831711e+00,0.000000000000000000e+00,-2.236067977499789805e+00,-1.565247584249852775e+00,-1.118033988749894903e+00,-2.459674775249768519e+00,-2.236067977499789805e+00,-3.577708763999663422e+00,-2.906888370749726391e+00,-2.459674775249768519e+00,-3.130495168499705549e+00,-2.236067977499789805e+00,-4.919349550499537038e+00,-2.012461179749810647e+00,-1.788854381999831711e+00,-2.683281572999747677e+00,-1.565247584249852775e+00,-3.130495168499705549e+00,-4.248529157249600452e+00,-3.801315561749642136e+00,-4.472135954999579610e+00,-5.590169943749473624e+00,-5.813776741499452783e+00,-5.142956348249516196e+00,-6.037383539249431941e+00,-5.813776741499452783e+00,-5.590169943749473624e+00,-5.590169943749473624e+00,-2.683281572999747677e+00,-8.944271909999158554e-01,-2.012461179749810647e+00,-4.472135954999579277e-01,-1.565247584249852775e+00,0.000000000000000000e+00,-6.708203932499369193e-01,-1.118033988749894903e+00,-2.236067977499789805e+00,-3.130495168499705549e+00,-3.801315561749642136e+00,-3.801315561749642136e+00,-1.788854381999831711e+00,-4.695742752749557880e+00,-3.354101966249684263e+00,-4.695742752749557880e+00,-3.130495168499705549e+00,-2.906888370749726391e+00,-2.459674775249768519e+00,-2.236067977499789805e+00,-3.130495168499705549e+00,-3.354101966249684263e+00,-3.801315561749642136e+00,-3.130495168499705549e+00,-2.236067977499789805e+00,-1.565247584249852775e+00,-2.906888370749726391e+00,-3.577708763999663422e+00,-3.354101966249684263e+00,-2.236067977499789805e+00,-1.118033988749894903e+00,0.000000000000000000e+00,1.565247584249852775e+00,-1.788854381999831711e+00,8.944271909999158554e-01,3.130495168499705549e+00,3.577708763999663422e+00,3.130495168499705549e+00,1.565247584249852775e+00,2.236067977499789639e-01,-6.708203932499369193e-01,-8.944271909999158554e-01,-2.236067977499789805e+00,-3.130495168499705549e+00,-3.577708763999663422e+00,-4.248529157249600452e+00,-5.366563145999495354e+00,-5.813776741499452783e+00,-6.708203932499368527e+00,-8.049844718999242588e+00,-7.602631123499284271e+00,-7.379024325749306001e+00,-6.708203932499368527e+00,-4.472135954999579610e+00,-3.801315561749642136e+00,-8.944271909999158554e-01,-2.236067977499789639e-01,4.472135954999579277e-01,0.000000000000000000e+00,4.472135954999579277e-01,-4.472135954999579277e-01,-8.944271909999158554e-01,1.788854381999831711e+00,3.130495168499705549e+00,2.459674775249768519e+00,2.906888370749726391e+00,2.906888370749726391e+00,4.472135954999579610e+00,3.130495168499705549e+00,3.801315561749642136e+00,4.248529157249600452e+00,2.459674775249768519e+00,6.708203932499369193e-01,2.459674775249768519e+00,3.130495168499705549e+00,2.012461179749810647e+00,2.236067977499789639e-01,-8.944271909999158554e-01,-6.708203932499369193e-01,-4.472135954999579277e-01,1.565247584249852775e+00,2.236067977499789639e-01,1.565247584249852775e+00,6.708203932499369193e-01,8.944271909999158554e-01,-4.472135954999579277e-01,-6.708203932499369193e-01,4.472135954999579277e-01,-1.118033988749894903e+00,-1.565247584249852775e+00,-1.565247584249852775e+00,-4.472135954999579277e-01,-2.236067977499789639e-01,2.236067977499789805e+00,2.906888370749726391e+00,2.683281572999747677e+00,3.577708763999663422e+00,1.788854381999831711e+00,3.577708763999663422e+00,4.024922359499621294e+00,3.577708763999663422e+00,1.341640786499873839e+00,2.236067977499789805e+00,2.012461179749810647e+00,2.236067977499789639e-01,4.472135954999579277e-01,1.565247584249852775e+00,8.944271909999158554e-01,2.236067977499789639e-01,1.788854381999831711e+00,1.118033988749894903e+00,-1.341640786499873839e+00,-2.683281572999747677e+00,-2.236067977499789805e+00,-2.906888370749726391e+00,-1.565247584249852775e+00,-2.459674775249768519e+00,-2.459674775249768519e+00,-1.118033988749894903e+00,-2.012461179749810647e+00,-8.944271909999158554e-01,-8.944271909999158554e-01,-6.708203932499369193e-01,-2.236067977499789639e-01,0.000000000000000000e+00,-1.788854381999831711e+00,-2.012461179749810647e+00,-3.130495168499705549e+00,-2.012461179749810647e+00,-2.012461179749810647e+00,-3.354101966249684263e+00,-4.024922359499621294e+00,-5.366563145999495354e+00,-5.366563145999495354e+00,-5.590169943749473624e+00,-6.037383539249431941e+00,-5.590169943749473624e+00,-5.813776741499452783e+00,-4.919349550499537038e+00,-3.577708763999663422e+00,-3.801315561749642136e+00,-6.484597134749389369e+00,-4.472135954999579610e+00,-4.472135954999579610e+00,-3.354101966249684263e+00,-3.801315561749642136e+00,-3.354101966249684263e+00,-3.130495168499705549e+00,-2.906888370749726391e+00,-3.354101966249684263e+00,-4.695742752749557880e+00,-3.577708763999663422e+00,-4.024922359499621294e+00,-1.341640786499873839e+00,-3.130495168499705549e+00,-2.012461179749810647e+00,-1.118033988749894903e+00,-2.236067977499789805e+00,-2.459674775249768519e+00,-1.565247584249852775e+00,-6.708203932499369193e-01,-1.565247584249852775e+00,-1.341640786499873839e+00,-2.236067977499789805e+00,-2.012461179749810647e+00,-2.683281572999747677e+00,-8.944271909999158554e-01,-2.459674775249768519e+00,-1.118033988749894903e+00,-1.565247584249852775e+00,0.000000000000000000e+00,2.236067977499789805e+00,2.683281572999747677e+00,2.459674775249768519e+00,5.590169943749473624e+00,4.695742752749557880e+00,2.683281572999747677e+00,2.906888370749726391e+00,2.236067977499789805e+00,1.788854381999831711e+00,1.341640786499873839e+00,8.944271909999158554e-01,1.118033988749894903e+00,2.012461179749810647e+00,2.459674775249768519e+00,2.683281572999747677e+00,2.459674775249768519e+00,2.236067977499789805e+00,2.459674775249768519e+00,1.788854381999831711e+00,1.118033988749894903e+00,-4.472135954999579277e-01,-6.708203932499369193e-01,-8.944271909999158554e-01,-2.012461179749810647e+00,2.236067977499789639e-01,6.708203932499369193e-01,-6.708203932499369193e-01,1.341640786499873839e+00,-8.944271909999158554e-01,-2.236067977499789639e-01,1.788854381999831711e+00,1.118033988749894903e+00,4.472135954999579277e-01,8.944271909999158554e-01
1.565247584249852775e+00,3.354101966249684263e+00,1.341640786499873839e+00,1.118033988749894903e+00,-8.944271909999158554e-01,1.118033988749894903e+00,-1.341640786499873839e+00,-1.565247584249852775e+00,-1.565247584249852775e+00,-2.236067977499789639e-01,-2.012461179749810647e+00,-3.577708763999663422e+00,-4.919349550499537038e+00,-3.577708763999663422e+00,-5.142956348249516196e+00,-4.472135954999579610e+00,-4.024922359499621294e+00,-4.472135954999579610e+00,-5.366563145999495354e+00,-5.142956348249516196e+00,-6.708203932499368527e+00,-6.931810730249347685e+00,-4.024922359499621294e+00,-3.577708763999663422e+00,-2.236067977499789805e+00,-2.906888370749726391e+00,-2.906888370749726391e+00,-2.683281572999747677e+00,-3.577708763999663422e+00,-5.142956348249516196e+00,-6.260990336999411099e+00,-4.472135954999579610e+00,-5.142956348249516196e+00,-4.024922359499621294e+00,-2.236067977499789805e+00,-2.906888370749726391e+00,-1.788854381999831711e+00,-2.683281572999747677e+00,-2.012461179749810647e+00,-1.788854381999831711e+00,-2.236067977499789805e+00,-4.472135954999579277e-01,-2.236067977499789805e+00,-3.801315561749642136e+00,-2.683281572999747677e+00,-1.788854381999831711e+00,-2.012461179749810647e+00,-1.788854381999831711e+00,-1.788854381999831711e+00,-3.130495168499705549e+00,-2.683281572999747677e+00,-4.024922359499621294e+00,-3.130495168499705549e+00,-3.577708763999663422e+00,-4.024922359499621294e+00,-3.801315561749642136e+00,-4.024922359499621294e+00,-2.459674775249768519e+00,-1.565247584249852775e+00,1.341640786499873839e+00,1.788854381999831711e+00,1.565247584249852775e+00,8.944271909999158554e-01,-2.236067977499789639e-01,-2.012461179749810647e+00,-1.565247584249852775e+00,-4.472135954999579610e+00,-3.354101966249684263e+00,-2.236067977499789805e+00,-4.472135954999579277e-01,-2.236067977499789639e-01,-4.472135954999579277e-01,-2.236067977499789639e-01,2.236067977499789639e-01,6.708203932499369193e-01,1.788854381999831711e+00,0.000000000000000000e+00,-6.708203932499369193e-01,-1.565247584249852775e+00,-1.118033988749894903e+00,-1.565247584249852775e+00,-2.012461179749810647e+00,-2.236067977499789805e+00,-2.236067977499789805e+00,-8.944271909999158554e-01,1.118033988749894903e+00,1.565247584249852775e+00,2.236067977499789805e+00,4.248529157249600452e+00,4.695742752749557880e+00,4.248529157249600452e+00,4.695742752749557880e+00,4.919349550499537038e+00,5.142956348249516196e+00,5.366563145999495354e+00,6.484597134749389369e+00,5.813776741499452783e+00,6.931810730249347685e+00,6.931810730249347685e+00,6.931810730249347685e+00,6.037383539249431941e+00,5.366563145999495354e+00,6.931810730249347685e+00,8.497058314499200904e+00,6.931810730249347685e+00,6.708203932499368527e+00,6.708203932499368527e+00,5.142956348249516196e+00,3.577708763999663422e+00,2.012461179749810647e+00,1.788854381999831711e+00,2.012461179749810647e+00,1.788854381999831711e+00,2.236067977499789805e+00,2.012461179749810647e+00,2.459674775249768519e+00,-4.472135954999579277e-01,-3.130495168499705549e+00,-4.024922359499621294e+00,-3.801315561749642136e+00,-4.024922359499621294e+00,-6.260990336999411099e+00,-6.260990336999411099e+00,-4.472135954999579610e+00,-3.577708763999663422e+00,-3.577708763999663422e+00,-2.683281572999747677e+00,-1.118033988749894903e+00,0.000000000000000000e+00,4.472135954999579277e-01,8.944271909999158554e-01,4.024922359499621294e+00,2.906888370749726391e+00,2.459674775249768519e+00,1.788854381999831711e+00,2.236067977499789805e+00,2.236067977499789805e+00,6.708203932499369193e-01,2.236067977499789639e-01,-4.472135954999579277e-01,-2.012461179749810647e+00,-4.472135954999579277e-01,1.565247584249852775e+00,2.236067977499789639e-01,1.341640786499873839e+00,2.236067977499789639e-01,2.236067977499789805e+00,1.565247584249852775e+00,4.472135954999579277e-01,1.341640786499873839e+00,1.788854381999831711e+00,8.944271909999158554e-01,1.565247584249852775e+00,1.565247584249852775e+00,4.472135954999579277e-01,0.000000000000000000e+00,1.788854381999831711e+00,8.944271909999158554e-01,6.708203932499369193e-01,8.944271909999158554e-01,2.236067977499789639e-01,-2.236067977499789639e-01,-1.118033988749894903e+00,0.000000000000000000e+00,-4.472135954999579277e-01,-4.472135954999579277e-01,-1.565247584249852775e+00,-2.012461179749810647e+00,-1.118033988749894903e+00,-4.472135954999579277e-01,6.708203932499369193e-01,0.000000000000000000e+00,-2.236067977499789639e-01,2.012461179749810647e+00,2.459674775249768519e+00,2.459674775249768519e+00,2.236067977499789805e+00,3.577708763999663422e+00,3.801315561749642136e+00,2.906888370749726391e+00,2.459674775249768519e+00,4.024922359499621294e+00,2.459674775249768519e+00,4.248529157249600452e+00,4.248529157249600452e+00,4.248529157249600452e+00,2.012461179749810647e+00,2.012461179749810647e+00,4.472135954999579277e-01,4.472135954999579277e-01,1.565247584249852775e+00,6.708203932499369193e-01,1.788854381999831711e+00,8.944271909999158554e-01,1.118033988749894903e+00,3.130495168499705549e+00,2.459674775249768519e+00,3.354101966249684263e+00,2.236067977499789805e+00,3.354101966249684263e+00,2.459674775249768519e+00,2.236067977499789805e+00,2.236067977499789805e+00,1.341640786499873839e+00,6.708203932499369193e-01,8.944271909999158554e-01,2.683281572999747677e+00,3.354101966249684263e+00,1.565247584249852775e+00,1.341640786499873839e+00,8.944271909999158554e-01,0.000000000000000000e+00,1.565247584249852775e+00,1.565247584249852775e+00,2.236067977499789639e-01,6.708203932499369193e-01,3.354101966249684263e+00,2.236067977499789805e+00,4.472135954999579277e-01,0.000000000000000000e+00,1.341640786499873839e+00,8.944271909999158554e-01,1.341640786499873839e+00,1.341640786499873839e+00,1.788854381999831711e+00,1.788854381999831711e+00,1.788854381999831711e+00,-2.236067977499789639e-01,-8.944271909999158554e-01,-1.565247584249852775e+00,0.000000000000000000e+00,2.012461179749810647e+00,2.459674775249768519e+00,4.472135954999579277e-01,2.012461179749810647e+00,2.683281572999747677e+00,2.236067977499789805e+00,2.012461179749810647e+00,2.012461179749810647e+00,1.788854381999831711e+00,1.565247584249852775e+00,3.354101966249684263e+00,3.130495168499705549e+00,6.708203932499369193e-01,2.459674775249768519e+00,3.130495168499705549e+00,1.788854381999831711e+00,1.788854381999831711e+00,2.012461179749810647e+00,2.012461179749810647e+00,2.459674775249768519e+00,3.801315561749642136e+00,5.366563145999495354e+00,3.801315561749642136e+00,6.037383539249431941e+00,6.260990336999411099e+00,9.391485505499115760e+00,9.615092303249095806e+00,8.273451516749220858e+00,8.273451516749220858e+00,6.260990336999411099e+00,5.590169943749473624e+00,5.366563145999495354e+00,5.366563145999495354e+00,4.919349550499537038e+00,2.906888370749726391e+00,2.906888370749726391e+00,3.801315561749642136e+00,6.037383539249431941e+00,3.577708763999663422e+00,4.248529157249600452e+00,3.801315561749642136e+00,4.248529157249600452e+00,2.683281572999747677e+00,2.683281572999747677e+00,2.236067977499789805e+00,1.788854381999831711e+00,4.472135954999579610e+00,2.683281572999747677e+00,2.459674775249768519e+00,1.341640786499873839e+00,3.354101966249684263e+00,3.130495168499705549e+00,3.577708763999663422e+00,4.472135954999579610e+00,3.801315561749642136e+00,3.801315561749642136e+00,3.130495168499705549e+00,2.459674775249768519e+00,2.236067977499789805e+00,-2.236067977499789639e-01,0.000000000000000000e+00,8.944271909999158554e-01,2.683281572999747677e+00,8.944271909999158554e-01,2.236067977499789639e-01,-4.472135954999579277e-01,2.236067977499789639e-01,0.000000000000000000e+00,-6.708203932499369193e-01,-2.236067977499789639e-01,-1.118033988749894903e+00,-1.118033988749894903e+00,1.118033988749894903e+00,1.341640786499873839e+00,1.341640786499873839e+00,-2.236067977499789639e-01,-6.708203932499369193e-01,-6.708203932499369193e-01,6.708203932499369193e-01,1.341640786499873839e+00,4.472135954999579277e-01,1.118033988749894903e+00,1.341640786499873839e+00,4.248529157249600452e+00,6.708203932499368527e+00,4.472135954999579610e+00,5.366563145999495354e+00,4.695742752749557880e+00,5.142956348249516196e+00,3.130495168499705549e+00,3.130495168499705549e+00,0.000000000000000000e+00,-1.341640786499873839e+00,-2.683281572999747677e+00,-3.577708763999663422e+00,-3.354101966249684263e+00,-1.788854381999831711e+00,-2.012461179749810647e+00,-2.236067977499789639e-01,-4.472135954999579277e-01,-8.944271909999158554e-01,-6.708203932499369193e-01,-2.236067977499789639e-01,-2.459674775249768519e+00,-1.788854381999831711e+00,-1.788854381999831711e+00,-1.565247584249852775e+00,-2.236067977499789805e+00,-2.683281572999747677e+00,-3.801315561749642136e+00,-4.024922359499621294e+00,-3.801315561749642136e+00,-2.683281572999747677e+00,-1.788854381999831711e+00,-3.130495168499705549e+00,-2.683281572999747677e+00,-1.565247584249852775e+00,-4.024922359499621294e+00,-5.142956348249516196e+00,-5.590169943749473624e+00,-4.919349550499537038e+00,-5.142956348249516196e+00,-4.024922359499621294e+00,-2.683281572999747677e+00,-3.801315561749642136e+00,-3.354101966249684263e+00,-3.577708763999663422e+00,-4.472135954999579610e+00,-3.354101966249684263e+00,-3.354101966249684263e+00,-2.236067977499789805e+00,-1.118033988749894903e+00,-6.708203932499369193e-01,1.118033988749894903e+00,1.565247584249852775e+00,-2.236067977499789639e-01,-6.708203932499369193e-01,-1.118033988749894903e+00,-2.683281572999747677e+00,-2.459674775249768519e+00,-1.118033988749894903e+00,0.000000000000000000e+00,-2.012461179749810647e+00,2.236067977499789639e-01,2.236067977499789639e-01,-3.577708763999663422e+00,-3.130495168499705549e+00,-3.130495168499705549e+00,-4.248529157249600452e+00,-3.130495168499705549e+00,-3.130495168499705549e+00,-6.484597134749389369e+00,-3.354101966249684263e+00,-2.906888370749726391e+00,-4.024922359499621294e+00,-5.366563145999495354e+00,-4.695742752749557880e+00,-2.012461179749810647e+00,-2.012461179749810647e+00,-2.459674775249768519e+00,-3.130495168499705549e+00,-2.459674775249768519e+00,-2.236067977499789805e+00,-4.248529157249600452e+00,-2.683281572999747677e+00,-4.248529157249600452e+00,-2.683281572999747677e+00,-3.801315561749642136e+00,-3.801315561749642136e+00,-3.577708763999663422e+00,-5.142956348249516196e+00,-5.142956348249516196e+00,-3.354101966249684263e+00,-1.341640786499873839e+00,-6.708203932499369193e-01,0.000000000000000000e+00,8.944271909999158554e-01,2.236067977499789805e+00,1.118033988749894903e+00,6.708203932499369193e-01,-4.472135954999579277e-01,-1.118033988749894903e+00,-1.565247584249852775e+00,-6.708203932499369193e-01,-1.565247584249852775e+00,-2.459674775249768519e+00,-2.236067977499789639e-01,1.341640786499873839e+00,2.012461179749810647e+00,-2.236067977499789639e-01,1.341640786499873839e+00,1.341640786499873839e+00,0.000000000000000000e+00,-3.354101966249684263e+00,-3.801315561749642136e+00,-4.024922359499621294e+00,-4.472135954999579610e+00,-4.248529157249600452e+00,-4.695742752749557880e+00,-2.906888370749726391e+00,-2.459674775249768519e+00,-2.012461179749810647e+00,-8.944271909999158554e-01,-6.708203932499369193e-01,-1.788854381999831711e+00,-5.142956348249516196e+00,-5.813776741499452783e+00,-4.919349550499537038e+00,-4.248529157249600452e+00,-4.695742752749557880e+00,-6.037383539249431941e+00,-4.695742752749557880e+00,-5.366563145999495354e+00,-5.142956348249516196e+00,-6.037383539249431941e+00,-4.919349550499537038e+00,-4.472135954999579610e+00,-3.801315561749642136e+00,-3.577708763999663422e+00,-3.354101966249684263e+00,-2.683281572999747677e+00,2.236067977499789639e-01,1.788854381999831711e+00,2.236067977499789639e-01,-4.472135954999579277e-01,-6.708203932499369193e-01,-8.944271909999158554e-01,-2.459674775249768519e+00,2.236067977499789639e-01,-1.118033988749894903e+00,-1.341640786499873839e+00,-1.341640786499873839e+00,4.472135954999579277e-01,-6.708203932499369193e-01,-4.472135954999579277e-01,-4.472135954999579277e-01,1.118033988749894903e+00,6.708203932499369193e-01,1.118033988749894903e+00,4.472135954999579277e-01,1.565247584249852775e+00,1.118033988749894903e+00,8.944271909999158554e-01,4.472135954999579277e-01,1.341640786499873839e+00,4.472135954999579277e-01,6.708203932499369193e-01,-4.472135954999579277e-01,-1.788854381999831711e+00,-1.341640786499873839e+00,-2.012461179749810647e+00,-1.565247584249852775e+00,-2.012461179749810647e+00,-1.118033988749894903e+00,-8.944271909999158554e-01,-8.944271909999158554e-01,-2.236067977499789805e+00,-3.354101966249684263e+00,-1.341640786499873839e+00,-6.708203932499369193e-01,-1.341640786499873839e+00,-1.565247584249852775e+00,0.000000000000000000e+00,2.236067977499789639e-01,6.708203932499369193e-01,6.708203932499369193e-01,2.236067977499789639e-01,-8.944271909999158554e-01,6.708203932499369193e-01
-6.037383539249431941e+00,-4.919349550499537038e+00,-5.142956348249516196e+00,-4.695742752749557880e+00,-4.695742752749557880e+00,-3.801315561749642136e+00,-2.683281572999747677e+00,-3.354101966249684263e+00,-4.024922359499621294e+00,-4.695742752749557880e+00,-3.801315561749642136e+00,-3.577708763999663422e+00,-2.906888370749726391e+00,-3.801315561749642136e+00,-3.354101966249684263e+00,-4.024922359499621294e+00,-3.577708763999663422e+00,-3.577708763999663422e+00,-4.695742752749557880e+00,-2.906888370749726391e+00,-2.906888370749726391e+00,-2.683281572999747677e+00,-4.472135954999579610e+00,-3.577708763999663422e+00,-1.788854381999831711e+00,-1.341640786499873839e+00,-6.708203932499369193e-01,-2.459674775249768519e+00,-1.341640786499873839e+00,-1.788854381999831711e+00,-3.354101966249684263e+00,-2.683281572999747677e+00,-4.472135954999579277e-01,4.472135954999579277e-01,-6.708203932499369193e-01,6.708203932499369193e-01,-4.472135954999579277e-01,-1.565247584249852775e+00,-3.801315561749642136e+00,-1.788854381999831711e+00,-4.024922359499621294e+00,-5.813776741499452783e+00,-3.354101966249684263e+00,-2.236067977499789805e+00,-1.788854381999831711e+00,-1.118033988749894903e+00,-8.944271909999158554e-01,-8.944271909999158554e-01,-2.683281572999747677e+00,-3.130495168499705549e+00,-3.130495168499705549e+00,-2.236067977499789805e+00,-2.906888370749726391e+00,-2.012461179749810647e+00,-2.236067977499789805e+00,-8.944271909999158554e-01,0.000000000000000000e+00,2.236067977499789639e-01,-4.472135954999579277e-01,2.236067977499789639e-01,-2.236067977499789639e-01,-4.472135954999579277e-01,6.708203932499369193e-01,3.130495168499705549e+00,2.236067977499789805e+00,3.130495168499705549e+00,3.130495168499705549e+00,3.577708763999663422e+00,3.354101966249684263e+00,3.577708763999663422e+00,4.248529157249600452e+00,3.577708763999663422e+00,2.459674775249768519e+00,2.012461179749810647e+00,2.906888370749726391e+00,2.683281572999747677e+00,4.024922359499621294e+00,3.577708763999663422e+00,8.944271909999158554e-01,8.944271909999158554e-01,4.472135954999579277e-01,2.683281572999747677e+00,2.012461179749810647e+00,2.683281572999747677e+00,4.695742752749557880e+00,5.366563145999495354e+00,6.037383539249431941e+00,6.037383539249431941e+00,6.708203932499368527e+00,8.049844718999242588e+00,8.049844718999242588e+00,6.708203932499368527e+00,8.049844718999242588e+00,8.049844718999242588e+00,8.720665112249179174e+00,7.602631123499284271e+00,7.155417527999326843e+00,8.720665112249179174e+00,7.155417527999326843e+00,6.037383539249431941e+00,4.695742752749557880e+00,4.472135954999579610e+00,1.565247584249852775e+00,0.000000000000000000e+00,-4.472135954999579277e-01,-2.459674775249768519e+00,-2.906888370749726391e+00,-2.012461179749810647e+00,-2.906888370749726391e+00,-2.906888370749726391e+00,-2.906888370749726391e+00,-3.130495168499705549e+00,-2.683281572999747677e+00,-2.012461179749810647e+00,-1.118033988749894903e+00,-2.012461179749810647e+00,-4.472135954999579610e+00,-3.577708763999663422e+00,-2.906888370749726391e+00,-3.577708763999663422e+00,-6.708203932499368527e+00,-5.142956348249516196e+00,-5.366563145999495354e+00,-4.024922359499621294e+00,-3.354101966249684263e+00,-2.459674775249768519e+00,-1.788854381999831711e+00,-4.024922359499621294e+00,-4.695742752749557880e+00,-4.024922359499621294e+00,-4.919349550499537038e+00,-6.931810730249347685e+00,-5.142956348249516196e+00,-6.260990336999411099e+00,-5.366563145999495354e+00,-3.577708763999663422e+00,-3.801315561749642136e+00,-2.236067977499789805e+00,-1.118033988749894903e+00,-1.565247584249852775e+00,-3.801315561749642136e+00,-4.919349550499537038e+00,-4.248529157249600452e+00,-3.801315561749642136e+00,-1.565247584249852775e+00,-1.118033988749894903e+00,-8.944271909999158554e-01,-2.012461179749810647e+00,-3.354101966249684263e+00,-3.801315561749642136e+00,-1.341640786499873839e+00,-2.012461179749810647e+00,-4.472135954999579277e-01,-2.236067977499789639e-01,-1.341640786499873839e+00,8.944271909999158554e-01,1.118033988749894903e+00,4.024922359499621294e+00,2.683281572999747677e+00,3.130495168499705549e+00,3.354101966249684263e+00,2.459674775249768519e+00,2.236067977499789639e-01,0.000000000000000000e+00,4.472135954999579277e-01,1.341640786499873839e+00,3.354101966249684263e+00,3.354101966249684263e+00,3.577708763999663422e+00,4.024922359499621294e+00,3.577708763999663422e+00,1.565247584249852775e+00,8.944271909999158554e-01,2.459674775249768519e+00,1.565247584249852775e+00,1.788854381999831711e+00,2.236067977499789639e-01,0.000000000000000000e+00,2.236067977499789639e-01,4.472135954999579277e-01,4.472135954999579277e-01,1.341640786499873839e+00,-2.236067977499789639e-01,2.236067977499789639e-01,-1.565247584249852775e+00,4.472135954999579277e-01,-2.012461179749810647e+00,-1.118033988749894903e+00,-6.708203932499369193e-01,-4.472135954999579277e-01,-1.341640786499873839e+00,-2.683281572999747677e+00,-3.577708763999663422e+00,-4.919349550499537038e+00,-5.142956348249516196e+00,-3.801315561749642136e+00,-2.012461179749810647e+00,-1.118033988749894903e+00,-1.341640786499873839e+00,-2.236067977499789805e+00,-2.012461179749810647e+00,-2.012461179749810647e+00,-2.459674775249768519e+00,-8.944271909999158554e-01,2.236067977499789639e-01,-1.341640786499873839e+00,-1.118033988749894903e+00,-4.472135954999579277e-01,-6.708203932499369193e-01,-6.708203932499369193e-01,0.000000000000000000e+00,0.000000000000000000e+00,-4.472135954999579277e-01,4.472135954999579277e-01,0.000000000000000000e+00,2.236067977499789639e-01,1.118033988749894903e+00,1.788854381999831711e+00,2.236067977499789805e+00,2.683281572999747677e+00,3.577708763999663422e+00,8.944271909999158554e-01,6.708203932499369193e-01,1.341640786499873839e+00,2.683281572999747677e+00,2.683281572999747677e+00,8.944271909999158554e-01,0.000000000000000000e+00,8.944271909999158554e-01,-2.236067977499789639e-01,0.000000000000000000e+00,1.788854381999831711e+00,6.708203932499369193e-01,-6.708203932499369193e-01,-4.472135954999579277e-01,-1.788854381999831711e+00,-6.708203932499369193e-01,6.708203932499369193e-01,0.000000000000000000e+00,-2.012461179749810647e+00,-2.236067977499789639e-01,4.472135954999579277e-01,1.565247584249852775e+00,2.459674775249768519e+00,2.012461179749810647e+00,3.130495168499705549e+00,3.577708763999663422e+00,3.577708763999663422e+00,4.024922359499621294e+00,3.130495168499705549e+00,2.012461179749810647e+00,2.236067977499789805e+00,0.000000000000000000e+00,4.472135954999579277e-01,0.000000000000000000e+00,-8.944271909999158554e-01,-8.944271909999158554e-01,-1.565247584249852775e+00,-2.906888370749726391e+00,-3.354101966249684263e+00,-3.577708763999663422e+00,-2.236067977499789805e+00,-3.577708763999663422e+00,-4.024922359499621294e+00,-4.472135954999579610e+00,-4.695742752749557880e+00,-4.695742752749557880e+00,-4.024922359499621294e+00,-3.577708763999663422e+00,-2.906888370749726391e+00,-3.354101966249684263e+00,-4.248529157249600452e+00,-4.248529157249600452e+00,-3.354101966249684263e+00,-2.459674775249768519e+00,-2.459674775249768519e+00,0.000000000000000000e+00,4.472135954999579277e-01,1.118033988749894903e+00,3.801315561749642136e+00,5.142956348249516196e+00,6.037383539249431941e+00,3.130495168499705549e+00,1.341640786499873839e+00,2.236067977499789805e+00,4.248529157249600452e+00,3.801315561749642136e+00,3.130495168499705549e+00,3.577708763999663422e+00,3.577708763999663422e+00,2.683281572999747677e+00,2.012461179749810647e+00,2.236067977499789805e+00,1.341640786499873839e+00,1.341640786499873839e+00,8.944271909999158554e-01,-4.472135954999579277e-01,-8.944271909999158554e-01,-8.944271909999158554e-01,-1.565247584249852775e+00,-6.708203932499369193e-01,-6.708203932499369193e-01,-1.565247584249852775e+00,-1.118033988749894903e+00,-1.341640786499873839e+00,-2.906888370749726391e+00,-3.801315561749642136e+00,-2.683281572999747677e+00,-2.012461179749810647e+00,-8.944271909999158554e-01,-6.708203932499369193e-01,-8.944271909999158554e-01,-2.012461179749810647e+00,-2.906888370749726391e+00,-2.236067977499789805e+00,-2.459674775249768519e+00,-2.012461179749810647e+00,-2.459674775249768519e+00,-4.024922359499621294e+00,-4.472135954999579610e+00,-6.037383539249431941e+00,-6.931810730249347685e+00,-6.037383539249431941e+00,-5.366563145999495354e+00,-5.142956348249516196e+00,-5.813776741499452783e+00,-4.919349550499537038e+00,-4.024922359499621294e+00,-5.142956348249516196e+00,-4.919349550499537038e+00,-3.577708763999663422e+00,-3.354101966249684263e+00,-4.919349550499537038e+00,-3.354101966249684263e+00,-2.236067977499789805e+00,-1.118033988749894903e+00,2.236067977499789639e-01,-1.118033988749894903e+00,6.708203932499369193e-01,2.236067977499789639e-01,-1.565247584249852775e+00,-1.118033988749894903e+00,-1.118033988749894903e+00,-2.236067977499789639e-01,-1.118033988749894903e+00,0.000000000000000000e+00,-4.472135954999579277e-01,-2.236067977499789639e-01,-1.565247584249852775e+00,-1.565247584249852775e+00,4.472135954999579277e-01,-1.118033988749894903e+00,-2.012461179749810647e+00,-2.236067977499789805e+00,-2.236067977499789805e+00,-3.130495168499705549e+00,-4.024922359499621294e+00,-3.577708763999663422e+00,-6.708203932499369193e-01,-1.118033988749894903e+00,-2.012461179749810647e+00,-4.024922359499621294e+00,-3.130495168499705549e+00,-8.944271909999158554e-01,-8.944271909999158554e-01,-1.118033988749894903e+00,-1.118033988749894903e+00,-1.565247584249852775e+00,-1.118033988749894903e+00,-2.012461179749810647e+00,0.000000000000000000e+00,-2.012461179749810647e+00,2.236067977499789639e-01,6.708203932499369193e-01,0.000000000000000000e+00,0.000000000000000000e+00,-2.236067977499789639e-01,-8.944271909999158554e-01,1.565247584249852775e+00,8.944271909999158554e-01,2.236067977499789639e-01,-4.472135954999579277e-01,-4.472135954999579277e-01,-1.565247584249852775e+00,-8.944271909999158554e-01,-2.236067977499789639e-01,-6.708203932499369193e-01,-6.708203932499369193e-01,-2.236067977499789639e-01,-2.236067977499789639e-01,-2.459674775249768519e+00,-3.130495168499705549e+00,-1.788854381999831711e+00,-6.708203932499369193e-01,2.236067977499789639e-01,6.708203932499369193e-01,-4.472135954999579277e-01,-2.459674775249768519e+00,-2.683281572999747677e+00,-3.801315561749642136e+00,-1.565247584249852775e+00,0.000000000000000000e+00,-4.472135954999579277e-01,-1.565247584249852775e+00,-2.906888370749726391e+00,-1.341640786499873839e+00,8.944271909999158554e-01,0.000000000000000000e+00,6.708203932499369193e-01,3.130495168499705549e+00,2.683281572999747677e+00,3.130495168499705549e+00,2.683281572999747677e+00,2.236067977499789805e+00,1.341640786499873839e+00,1.118033988749894903e+00,2.012461179749810647e+00,3.354101966249684263e+00,1.788854381999831711e+00,1.565247584249852775e+00,2.236067977499789805e+00,8.944271909999158554e-01,1.788854381999831711e+00,8.944271909999158554e-01,2.012461179749810647e+00,2.236067977499789639e-01,3.130495168499705549e+00,3.354101966249684263e+00,4.024922359499621294e+00,4.695742752749557880e+00,3.801315561749642136e+00,4.248529157249600452e+00,5.142956348249516196e+00,4.695742752749557880e+00,4.472135954999579610e+00,5.366563145999495354e+00,3.801315561749642136e+00,1.118033988749894903e+00,1.788854381999831711e+00,1.565247584249852775e+00,1.788854381999831711e+00,1.565247584249852775e+00,1.118033988749894903e+00,1.565247584249852775e+00,2.906888370749726391e+00,2.236067977499789805e+00,3.801315561749642136e+00,3.801315561749642136e+00,3.577708763999663422e+00,3.801315561749642136e+00,3.577708763999663422e+00,4.248529157249600452e+00,3.130495168499705549e+00,3.130495168499705549e+00,2.906888370749726391e+00,4.024922359499621294e+00,6.260990336999411099e+00,5.813776741499452783e+00,5.142956348249516196e+00,5.813776741499452783e+00,5.590169943749473624e+00,4.472135954999579610e+00,4.919349550499537038e+00,3.577708763999663422e+00,3.577708763999663422e+00,3.577708763999663422e+00,2.012461179749810647e+00,2.683281572999747677e+00,2.459674775249768519e+00,1.118033988749894903e+00,2.906888370749726391e+00,3.577708763999663422e+00,4.919349550499537038e+00,1.788854381999831711e+00,8.944271909999158554e-01,6.708203932499369193e-01,1.118033988749894903e+00,6.708203932499369193e-01,8.944271909999158554e-01,8.944271909999158554e-01,2.683281572999747677e+00,1.118033988749894903e+00,-2.236067977499789639e-01,-1.565247584249852775e+00,-6.708203932499369193e-01,-2.459674775249768519e+00,-4.472135954999579277e-01,2.012461179749810647e+00,2.012461179749810647e+00,2.459674775249768519e+00,1.118033988749894903e+00,-6.708203932499369193e-01,-2.236067977499789639e-01,-2.236067977499789639e-01,-1.788854381999831711e+00,-8.944271909999158554e-01,-2.236067977499789805e+00,-2.012461179749810647e+00,-2.236067977499789639e-01,-4.472135954999579277e-01
3.801315561749642136e+00,3.130495168499705549e+00,1.788854381999831711e+00,1.788854381999831711e+00,2.236067977499789639e-01,1.118033988749894903e+00,2.236067977499789805e+00,2.236067977499789805e+00,3.801315561749642136e+00,3.577708763999663422e+00,2.236067977499789805e+00,6.708203932499369193e-01,-6.708203932499369193e-01,-4.472135954999579277e-01,-1.788854381999831711e+00,-1.565247584249852775e+00,-1.341640786499873839e+00,-2.012461179749810647e+00,-3.577708763999663422e+00,-4.919349550499537038e+00,-4.919349550499537038e+00,-4.919349550499537038e+00,-5.142956348249516196e+00,-5.813776741499452783e+00,-6.484597134749389369e+00,-6.484597134749389369e+00,-5.590169943749473624e+00,-3.130495168499705549e+00,-2.459674775249768519e+00,8.944271909999158554e-01,2.012461179749810647e+00,8.944271909999158554e-01,6.708203932499369193e-01,-6.708203932499369193e-01,-2.236067977499789639e-01,-6.708203932499369193e-01,-2.236067977499789639e-01,-4.472135954999579277e-01,-2.236067977499789639e-01,-1.118033988749894903e+00,-6.708203932499369193e-01,-6.708203932499369193e-01,-2.236067977499789639e-01,-2.906888370749726391e+00,-2.906888370749726391e+00,-1.341640786499873839e+00,-3.130495168499705549e+00,-3.354101966249684263e+00,-6.708203932499369193e-01,2.236067977499789639e-01,-8.944271909999158554e-01,0.000000000000000000e+00,0.000000000000000000e+00,-1.341640786499873839e+00,8.944271909999158554e-01,4.472135954999579277e-01,-1.118033988749894903e+00,-1.565247584249852775e+00,-1.118033988749894903e+00,-3.130495168499705549e+00,-3.801315561749642136e+00,-2.683281572999747677e+00,-1.118033988749894903e+00,4.472135954999579277e-01,2.236067977499789639e-01,8.944271909999158554e-01,3.130495168499705549e+00,3.577708763999663422e+00,3.577708763999663422e+00,3.801315561749642136e+00,4.695742752749557880e+00,5.590169943749473624e+00,4.472135954999579610e+00,5.590169943749473624e+00,6.260990336999411099e+00,5.813776741499452783e+00,6.037383539249431941e+00,5.590169943749473624e+00,7.155417527999326843e+00,7.379024325749306001e+00,8.049844718999242588e+00,8.049844718999242588e+00,5.813776741499452783e+00,6.708203932499368527e+00,5.590169943749473624e+00,6.260990336999411099e+00,6.037383539249431941e+00,6.484597134749389369e+00,4.919349550499537038e+00,5.590169943749473624e+00,5.366563145999495354e+00,6.931810730249347685e+00,7.826237921249263430e+00,5.142956348249516196e+00,5.813776741499452783e+00,6.037383539249431941e+00,5.590169943749473624e+00,7.379024325749306001e+00,6.260990336999411099e+00,5.366563145999495354e+00,5.590169943749473624e+00,4.024922359499621294e+00,3.577708763999663422e+00,2.683281572999747677e+00,3.354101966249684263e+00,4.024922359499621294e+00,4.024922359499621294e+00,5.142956348249516196e+00,4.919349550499537038e+00,3.130495168499705549e+00,4.024922359499621294e+00,3.130495168499705549e+00,1.341640786499873839e+00,-6.708203932499369193e-01,-2.459674775249768519e+00,-6.708203932499369193e-01,2.236067977499789639e-01,1.118033988749894903e+00,2.236067977499789805e+00,1.565247584249852775e+00,2.236067977499789639e-01,2.683281572999747677e+00,2.459674775249768519e+00,2.012461179749810647e+00,4.472135954999579277e-01,2.236067977499789639e-01,-1.118033988749894903e+00,-1.341640786499873839e+00,-3.801315561749642136e+00,-3.801315561749642136e+00,-5.813776741499452783e+00,-2.459674775249768519e+00,-2.683281572999747677e+00,-2.683281572999747677e+00,-3.130495168499705549e+00,-2.906888370749726391e+00,-3.577708763999663422e+00,-2.012461179749810647e+00,-4.472135954999579277e-01,-1.341640786499873839e+00,-2.236067977499789805e+00,-1.565247584249852775e+00,-2.236067977499789639e-01,-6.708203932499369193e-01,0.000000000000000000e+00,4.472135954999579277e-01,0.000000000000000000e+00,1.341640786499873839e+00,1.341640786499873839e+00,2.459674775249768519e+00,0.000000000000000000e+00,-2.236067977499789639e-01,4.472135954999579277e-01,-6.708203932499369193e-01,-8.944271909999158554e-01,-1.118033988749894903e+00,-2.236067977499789805e+00,-3.577708763999663422e+00,-4.024922359499621294e+00,-3.354101966249684263e+00,-1.341640786499873839e+00,-2.459674775249768519e+00,-3.130495168499705549e+00,-4.024922359499621294e+00,-2.459674775249768519e+00,-1.341640786499873839e+00,-1.565247584249852775e+00,-2.459674775249768519e+00,-1.565247584249852775e+00,-1.341640786499873839e+00,-2.459674775249768519e+00,0.000000000000000000e+00,4.472135954999579277e-01,8.944271909999158554e-01,6.708203932499369193e-01,-6.708203932499369193e-01,0.000000000000000000e+00,8.944271909999158554e-01,1.341640786499873839e+00,2.683281572999747677e+00,3.354101966249684263e+00,3.354101966249684263e+00,2.459674775249768519e+00,2.236067977499789805e+00,1.565247584249852775e+00,2.012461179749810647e+00,2.012461179749810647e+00,0.000000000000000000e+00,1.341640786499873839e+00,1.118033988749894903e+00,8.944271909999158554e-01,1.341640786499873839e+00,3.577708763999663422e+00,3.577708763999663422e+00,4.024922359499621294e+00,4.472135954999579610e+00,3.577708763999663422e+00,1.565247584249852775e+00,8.944271909999158554e-01,6.708203932499369193e-01,1.565247584249852775e+00,2.906888370749726391e+00,2.906888370749726391e+00,1.788854381999831711e+00,1.565247584249852775e+00,3.801315561749642136e+00,3.130495168499705549e+00,2.012461179749810647e+00,2.459674775249768519e+00,2.906888370749726391e+00,2.683281572999747677e+00,1.118033988749894903e+00,2.459674775249768519e+00,2.459674775249768519e+00,2.236067977499789805e+00,1.565247584249852775e+00,6.708203932499369193e-01,-1.565247584249852775e+00,-4.472135954999579277e-01,-1.565247584249852775e+00,-2.459674775249768519e+00,-2.012461179749810647e+00,-5.366563145999495354e+00,-4.695742752749557880e+00,-4.919349550499537038e+00,-2.683281572999747677e+00,-2.459674775249768519e+00,-8.944271909999158554e-01,-1.565247584249852775e+00,6.708203932499369193e-01,-2.459674775249768519e+00,-2.459674775249768519e+00,-8.944271909999158554e-01,-3.130495168499705549e+00,-3.130495168499705549e+00,-2.236067977499789805e+00,0.000000000000000000e+00,6.708203932499369193e-01,2.236067977499789805e+00,2.459674775249768519e+00,3.577708763999663422e+00,4.919349550499537038e+00,4.472135954999579610e+00,2.906888370749726391e+00,3.577708763999663422e+00,2.683281572999747677e+00,3.801315561749642136e+00,1.565247584249852775e+00,2.012461179749810647e+00,-2.236067977499789639e-01,-1.788854381999831711e+00,-4.472135954999579277e-01,2.906888370749726391e+00,3.577708763999663422e+00,2.236067977499789805e+00,1.565247584249852775e+00,2.906888370749726391e+00,3.801315561749642136e+00,2.459674775249768519e+00,3.801315561749642136e+00,3.354101966249684263e+00,2.459674775249768519e+00,3.577708763999663422e+00,1.788854381999831711e+00,2.236067977499789639e-01,2.236067977499789639e-01,4.472135954999579277e-01,1.341640786499873839e+00,2.236067977499789805e+00,-4.472135954999579277e-01,1.118033988749894903e+00,1.118033988749894903e+00,4.472135954999579277e-01,4.472135954999579277e-01,-1.118033988749894903e+00,-2.236067977499789639e-01,-1.118033988749894903e+00,-8.944271909999158554e-01,-2.236067977499789805e+00,-2.012461179749810647e+00,-1.788854381999831711e+00,-2.236067977499789805e+00,-2.236067977499789805e+00,-2.683281572999747677e+00,-3.577708763999663422e+00,-4.695742752749557880e+00,-4.472135954999579610e+00,-2.683281572999747677e+00,-2.906888370749726391e+00,-4.248529157249600452e+00,-5.590169943749473624e+00,-5.366563145999495354e+00,-4.472135954999579610e+00,-4.919349550499537038e+00,-3.577708763999663422e+00,-3.130495168499705549e+00,-3.130495168499705549e+00,-5.366563145999495354e+00,-5.142956348249516196e+00,-5.813776741499452783e+00,-2.906888370749726391e+00,-1.788854381999831711e+00,-1.118033988749894903e+00,-2.236067977499789639e-01,-2.236067977499789639e-01,1.118033988749894903e+00,1.341640786499873839e+00,-8.944271909999158554e-01,-1.788854381999831711e+00,-2.906888370749726391e+00,-3.801315561749642136e+00,-2.236067977499789805e+00,-2.012461179749810647e+00,-2.683281572999747677e+00,-4.472135954999579277e-01,2.236067977499789639e-01,0.000000000000000000e+00,8.944271909999158554e-01,1.788854381999831711e+00,1.118033988749894903e+00,2.683281572999747677e+00,2.236067977499789805e+00,2.459674775249768519e+00,3.801315561749642136e+00,3.801315561749642136e+00,3.577708763999663422e+00,1.118033988749894903e+00,-2.236067977499789639e-01,2.012461179749810647e+00,2.683281572999747677e+00,3.130495168499705549e+00,1.341640786499873839e+00,1.118033988749894903e+00,2.906888370749726391e+00,4.919349550499537038e+00,2.906888370749726391e+00,6.708203932499369193e-01,-1.118033988749894903e+00,-4.472135954999579277e-01,6.708203932499369193e-01,1.565247584249852775e+00,1.788854381999831711e+00,8.944271909999158554e-01,1.341640786499873839e+00,-4.472135954999579277e-01,8.944271909999158554e-01,2.906888370749726391e+00,2.906888370749726391e+00,1.341640786499873839e+00,1.565247584249852775e+00,2.459674775249768519e+00,2.236067977499789805e+00,2.012461179749810647e+00,1.118033988749894903e+00,4.472135954999579277e-01,1.788854381999831711e+00,2.012461179749810647e+00,1.565247584249852775e+00,1.118033988749894903e+00,1.118033988749894903e+00,2.012461179749810647e+00,2.236067977499789805e+00,2.683281572999747677e+00,2.459674775249768519e+00,2.236067977499789805e+00,2.012461179749810647e+00,3.801315561749642136e+00,2.906888370749726391e+00,5.142956348249516196e+00,4.919349550499537038e+00,4.024922359499621294e+00,3.354101966249684263e+00,1.788854381999831711e+00,2.012461179749810647e+00,6.708203932499369193e-01,-2.236067977499789639e-01,-2.236067977499789639e-01,-1.118033988749894903e+00,-2.012461179749810647e+00,-2.459674775249768519e+00,-1.788854381999831711e+00,-1.565247584249852775e+00,-1.788854381999831711e+00,-6.708203932499369193e-01,0.000000000000000000e+00,4.472135954999579277e-01,-4.472135954999579277e-01,-1.788854381999831711e+00,-2.236067977499789805e+00,-3.577708763999663422e+00,-4.248529157249600452e+00,-4.695742752749557880e+00,-4.248529157249600452e+00,-3.801315561749642136e+00,-2.906888370749726391e+00,-1.788854381999831711e+00,-1.565247584249852775e+00,-2.459674775249768519e+00,-1.788854381999831711e+00,-1.341640786499873839e+00,-1.565247584249852775e+00,6.708203932499369193e-01,-4.472135954999579277e-01,-2.236067977499789805e+00,-1.788854381999831711e+00,-1.341640786499873839e+00,-2.236067977499789805e+00,-3.801315561749642136e+00,-2.683281572999747677e+00,-8.944271909999158554e-01,-8.944271909999158554e-01,-1.788854381999831711e+00,-2.236067977499789805e+00,-2.459674775249768519e+00,-5.366563145999495354e+00,-4.695742752749557880e+00,-6.484597134749389369e+00,-6.260990336999411099e+00,-6.484597134749389369e+00,-6.484597134749389369e+00,-5.142956348249516196e+00,-4.472135954999579610e+00,-3.577708763999663422e+00,-3.577708763999663422e+00,-2.683281572999747677e+00,-2.012461179749810647e+00,1.565247584249852775e+00,2.012461179749810647e+00,3.801315561749642136e+00,4.695742752749557880e+00,3.354101966249684263e+00,2.459674775249768519e+00,3.130495168499705549e+00,3.801315561749642136e+00,3.130495168499705549e+00,3.801315561749642136e+00,1.788854381999831711e+00,3.354101966249684263e+00,1.118033988749894903e+00,2.459674775249768519e+00,2.236067977499789639e-01,-4.472135954999579277e-01,1.341640786499873839e+00,2.683281572999747677e+00,4.919349550499537038e+00,5.366563145999495354e+00,4.695742752749557880e+00,3.801315561749642136e+00,2.906888370749726391e+00,3.354101966249684263e+00,1.788854381999831711e+00,2.236067977499789805e+00,-2.236067977499789639e-01,-8.944271909999158554e-01,-3.354101966249684263e+00,-3.354101966249684263e+00,-2.906888370749726391e+00,-2.459674775249768519e+00,-2.236067977499789805e+00,-2.683281572999747677e+00,-2.683281572999747677e+00,-8.944271909999158554e-01,-2.236067977499789639e-01,4.472135954999579277e-01,6.708203932499369193e-01,1.341640786499873839e+00,4.472135954999579277e-01,2.683281572999747677e+00,2.459674775249768519e+00,2.012461179749810647e+00,8.944271909999158554e-01,2.236067977499789639e-01,-4.472135954999579277e-01,1.118033988749894903e+00,0.000000000000000000e+00,6.708203932499369193e-01,1.341640786499873839e+00,1.118033988749894903e+00,-2.236067977499789805e+00,-6.708203932499369193e-01,-6.708203932499369193e-01,-2.459674775249768519e+00,-2.459674775249768519e+00,-4.024922359499621294e+00,-1.565247584249852775e+00,-2.012461179749810647e+00,-1.565247584249852775e+00,-1.565247584249852775e+00,-1.341640786499873839e+00,-8.944271909999158554e-01,-2.459674775249768519e+00,-2.683281572999747677e+00,0.000000000000000000e+00,-1.565247584249852775e+00,-2.906888370749726391e+00,-3.130495168499705549e+00,-2.906888370749726391e+00,-1.788854381999831711e+00,-1.341640786499873839e+00,-1.341640786499873839e+00
7.155417527999326843e+00,6.037383539249431941e+00,3.130495168499705549e+00,4.695742752749557880e+00,4.695742752749557880e+00,3.801315561749642136e+00,4.472135954999579610e+00,2.459674775249768519e+00,8.944271909999158554e-01,-6.708203932499369193e-01,-1.341640786499873839e+00,0.000000000000000000e+00,8.944271909999158554e-01,3.130495168499705549e+00,5.813776741499452783e+00,4.919349550499537038e+00,5.813776741499452783e+00,5.590169943749473624e+00,4.472135954999579610e+00,4.695742752749557880e+00,2.906888370749726391e+00,4.248529157249600452e+00,5.813776741499452783e+00,4.919349550499537038e+00,3.801315561749642136e+00,2.906888370749726391e+00,3.801315561749642136e+00,1.565247584249852775e+00,2.012461179749810647e+00,2.236067977499789805e+00,1.788854381999831711e+00,1.118033988749894903e+00,3.354101966249684263e+00,2.012461179749810647e+00,2.683281572999747677e+00,2.906888370749726391e+00,3.801315561749642136e+00,3.130495168499705549e+00,3.801315561749642136e+00,2.459674775249768519e+00,2.012461179749810647e+00,2.012461179749810647e+00,1.118033988749894903e+00,4.472135954999579277e-01,-8.944271909999158554e-01,-6.708203932499369193e-01,1.118033988749894903e+00,2.236067977499789805e+00,1.118033988749894903e+00,-1.341640786499873839e+00,1.341640786499873839e+00,0.000000000000000000e+00,1.341640786499873839e+00,2.459674775249768519e+00,8.944271909999158554e-01,2.012461179749810647e+00,2.906888370749726391e+00,4.695742752749557880e+00,6.260990336999411099e+00,5.142956348249516196e+00,4.024922359499621294e+00,3.577708763999663422e+00,3.801315561749642136e+00,1.565247584249852775e+00,1.565247584249852775e+00,6.708203932499369193e-01,-2.236067977499789639e-01,0.000000000000000000e+00,1.565247584249852775e+00,4.472135954999579277e-01,-1.788854381999831711e+00,-2.236067977499789805e+00,-4.472135954999579277e-01,0.000000000000000000e+00,8.944271909999158554e-01,1.118033988749894903e+00,8.944271909999158554e-01,8.944271909999158554e-01,4.472135954999579277e-01,2.012461179749810647e+00,8.944271909999158554e-01,2.459674775249768519e+00,4.024922359499621294e+00,4.248529157249600452e+00,5.142956348249516196e+00,6.708203932499368527e+00,7.602631123499284271e+00,9.615092303249095806e+00,6.708203932499368527e+00,5.813776741499452783e+00,4.024922359499621294e+00,4.248529157249600452e+00,4.024922359499621294e+00,4.472135954999579610e+00,2.236067977499789805e+00,1.118033988749894903e+00,4.472135954999579277e-01,-2.236067977499789639e-01,-2.012461179749810647e+00,-2.459674775249768519e+00,-4.695742752749557880e+00,-3.801315561749642136e+00,-4.919349550499537038e+00,-2.012461179749810647e+00,-3.801315561749642136e+00,-5.590169943749473624e+00,-4.472135954999579610e+00,-5.813776741499452783e+00,-4.919349550499537038e+00,-3.354101966249684263e+00,-2.459674775249768519e+00,-1.565247584249852775e+00,-2.683281572999747677e+00,-4.248529157249600452e+00,-5.366563145999495354e+00,-4.695742752749557880e+00,-4.472135954999579610e+00,-6.484597134749389369e+00,-5.590169943749473624e+00,-5.813776741499452783e+00,-4.472135954999579610e+00,-3.801315561749642136e+00,-4.919349550499537038e+00,-4.919349550499537038e+00,-5.366563145999495354e+00,-5.590169943749473624e+00,-5.142956348249516196e+00,-4.919349550499537038e+00,-4.919349550499537038e+00,-5.366563145999495354e+00,-3.801315561749642136e+00,-2.906888370749726391e+00,-2.906888370749726391e+00,-3.577708763999663422e+00,-4.024922359499621294e+00,-4.472135954999579610e+00,-4.695742752749557880e+00,-4.695742752749557880e+00,-5.590169943749473624e+00,-7.155417527999326843e+00,-8.049844718999242588e+00,-5.590169943749473624e+00,-5.142956348249516196e+00,-4.472135954999579610e+00,-6.260990336999411099e+00,-4.472135954999579610e+00,-3.130495168499705549e+00,-4.024922359499621294e+00,-4.024922359499621294e+00,-2.683281572999747677e+00,-1.118033988749894903e+00,-4.472135954999579277e-01,-2.236067977499789639e-01,2.236067977499789639e-01,-8.944271909999158554e-01,-2.236067977499789639e-01,-2.236067977499789639e-01,-1.118033988749894903e+00,-1.565247584249852775e+00,-6.708203932499369193e-01,-4.472135954999579277e-01,-1.565247584249852775e+00,-1.565247584249852775e+00,-2.236067977499789805e+00,-2.459674775249768519e+00,-1.565247584249852775e+00,-1.341640786499873839e+00,-1.341640786499873839e+00,-6.708203932499369193e-01,8.944271909999158554e-01,-2.236067977499789639e-01,0.000000000000000000e+00,-1.341640786499873839e+00,1.341640786499873839e+00,4.472135954999579277e-01,2.683281572999747677e+00,2.459674775249768519e+00,1.788854381999831711e+00,1.341640786499873839e+00,2.012461179749810647e+00,2.906888370749726391e+00,3.577708763999663422e+00,1.341640786499873839e+00,-4.472135954999579277e-01,6.708203932499369193e-01,1.565247584249852775e+00,2.236067977499789805e+00,1.788854381999831711e+00,2.906888370749726391e+00,3.130495168499705549e+00,3.577708763999663422e+00,4.695742752749557880e+00,4.919349550499537038e+00,5.590169943749473624e+00,4.695742752749557880e+00,6.037383539249431941e+00,6.260990336999411099e+00,8.049844718999242588e+00,6.260990336999411099e+00,4.248529157249600452e+00,2.236067977499789805e+00,2.683281572999747677e+00,3.130495168499705549e+00,2.906888370749726391e+00,3.354101966249684263e+00,4.472135954999579610e+00,4.248529157249600452e+00,6.037383539249431941e+00,6.484597134749389369e+00,7.155417527999326843e+00,6.708203932499368527e+00,7.379024325749306001e+00,6.931810730249347685e+00,5.142956348249516196e+00,6.484597134749389369e+00,5.366563145999495354e+00,5.366563145999495354e+00,6.037383539249431941e+00,7.379024325749306001e+00,7.826237921249263430e+00,4.248529157249600452e+00,5.813776741499452783e+00,5.142956348249516196e+00,5.813776741499452783e+00,7.379024325749306001e+00,7.379024325749306001e+00,6.260990336999411099e+00,6.037383539249431941e+00,5.590169943749473624e+00,2.459674775249768519e+00,2.459674775249768519e+00,1.341640786499873839e+00,0.000000000000000000e+00,-2.012461179749810647e+00,-3.577708763999663422e+00,-3.801315561749642136e+00,-2.236067977499789639e-01,6.708203932499369193e-01,-2.236067977499789639e-01,-4.472135954999579277e-01,2.236067977499789639e-01,1.341640786499873839e+00,8.944271909999158554e-01,2.236067977499789639e-01,2.236067977499789639e-01,-3.354101966249684263e+00,-2.683281572999747677e+00,-3.130495168499705549e+00,-2.906888370749726391e+00,-3.130495168499705549e+00,-1.341640786499873839e+00,-2.236067977499789805e+00,-1.788854381999831711e+00,-1.565247584249852775e+00,-3.130495168499705549e+00,-2.012461179749810647e+00,-6.708203932499369193e-01,4.472135954999579277e-01,1.118033988749894903e+00,1.341640786499873839e+00,1.565247584249852775e+00,1.118033988749894903e+00,1.565247584249852775e+00,2.012461179749810647e+00,4.024922359499621294e+00,4.472135954999579610e+00,2.683281572999747677e+00,2.683281572999747677e+00,3.801315561749642136e+00,3.130495168499705549e+00,1.565247584249852775e+00,-1.118033988749894903e+00,-2.012461179749810647e+00,-3.130495168499705549e+00,-1.565247584249852775e+00,-6.708203932499369193e-01,0.000000000000000000e+00,-8.944271909999158554e-01,-2.236067977499789639e-01,-2.236067977499789639e-01,-2.236067977499789639e-01,1.565247584249852775e+00,6.708203932499369193e-01,4.472135954999579277e-01,1.341640786499873839e+00,2.012461179749810647e+00,2.459674775249768519e+00,3.577708763999663422e+00,2.236067977499789805e+00,1.118033988749894903e+00,2.012461179749810647e+00,3.801315561749642136e+00,2.906888370749726391e+00,1.788854381999831711e+00,1.788854381999831711e+00,2.012461179749810647e+00,1.118033988749894903e+00,2.012461179749810647e+00,1.341640786499873839e+00,2.236067977499789805e+00,4.248529157249600452e+00,5.142956348249516196e+00,6.931810730249347685e+00,5.813776741499452783e+00,5.142956348249516196e+00,6.037383539249431941e+00,6.260990336999411099e+00,5.813776741499452783e+00,2.236067977499789805e+00,3.577708763999663422e+00,4.472135954999579610e+00,4.695742752749557880e+00,6.037383539249431941e+00,5.590169943749473624e+00,5.366563145999495354e+00,4.919349550499537038e+00,4.248529157249600452e+00,5.813776741499452783e+00,5.813776741499452783e+00,5.590169943749473624e+00,5.813776741499452783e+00,6.037383539249431941e+00,4.695742752749557880e+00,3.130495168499705549e+00,6.708203932499369193e-01,8.944271909999158554e-01,2.012461179749810647e+00,2.236067977499789805e+00,4.024922359499621294e+00,4.024922359499621294e+00,2.459674775249768519e+00,-2.236067977499789639e-01,-1.341640786499873839e+00,-1.118033988749894903e+00,-1.341640786499873839e+00,1.118033988749894903e+00,8.944271909999158554e-01,4.472135954999579277e-01,1.788854381999831711e+00,2.683281572999747677e+00,3.577708763999663422e+00,3.577708763999663422e+00,2.683281572999747677e+00,2.236067977499789805e+00,1.341640786499873839e+00,2.459674775249768519e+00,1.565247584249852775e+00,2.683281572999747677e+00,3.577708763999663422e+00,2.236067977499789805e+00,6.708203932499369193e-01,-1.341640786499873839e+00,-1.565247584249852775e+00,-3.130495168499705549e+00,-3.801315561749642136e+00,-4.248529157249600452e+00,-6.708203932499368527e+00,-7.826237921249263430e+00,-9.838699100999074076e+00,-8.273451516749220858e+00,-6.484597134749389369e+00,-6.708203932499368527e+00,-5.142956348249516196e+00,-7.155417527999326843e+00,-7.379024325749306001e+00,-7.155417527999326843e+00,-5.813776741499452783e+00,-5.142956348249516196e+00,-4.695742752749557880e+00,-6.484597134749389369e+00,-5.590169943749473624e+00,-3.354101966249684263e+00,-3.801315561749642136e+00,-1.565247584249852775e+00,0.000000000000000000e+00,2.459674775249768519e+00,1.788854381999831711e+00,1.565247584249852775e+00,2.012461179749810647e+00,8.944271909999158554e-01,2.236067977499789805e+00,6.708203932499369193e-01,4.472135954999579277e-01,1.341640786499873839e+00,4.472135954999579277e-01,6.708203932499369193e-01,2.012461179749810647e+00,8.944271909999158554e-01,-8.944271909999158554e-01,-6.708203932499369193e-01,2.906888370749726391e+00,5.366563145999495354e+00,4.695742752749557880e+00,4.695742752749557880e+00,5.590169943749473624e+00,4.695742752749557880e+00,3.801315561749642136e+00,4.472135954999579610e+00,2.012461179749810647e+00,2.236067977499789805e+00,1.565247584249852775e+00,-1.118033988749894903e+00,-2.012461179749810647e+00,-4.472135954999579277e-01,2.236067977499789639e-01,3.130495168499705549e+00,2.906888370749726391e+00,2.236067977499789805e+00,8.944271909999158554e-01,2.236067977499789639e-01,-1.788854381999831711e+00,-2.906888370749726391e+00,-1.565247584249852775e+00,-1.788854381999831711e+00,-2.012461179749810647e+00,-2.683281572999747677e+00,-2.683281572999747677e+00,-2.236067977499789805e+00,-1.341640786499873839e+00,-2.236067977499789639e-01,6.708203932499369193e-01,8.944271909999158554e-01,1.118033988749894903e+00,-8.944271909999158554e-01,-1.118033988749894903e+00,-3.130495168499705549e+00,-2.906888370749726391e+00,-2.236067977499789805e+00,-2.012461179749810647e+00,-2.683281572999747677e+00,-3.801315561749642136e+00,-3.354101966249684263e+00,-1.565247584249852775e+00,-1.565247584249852775e+00,-2.906888370749726391e+00,-1.565247584249852775e+00,-2.459674775249768519e+00,-2.236067977499789805e+00,-2.683281572999747677e+00,-3.801315561749642136e+00,-3.801315561749642136e+00,-3.801315561749642136e+00,-5.142956348249516196e+00,-5.813776741499452783e+00,-5.142956348249516196e+00,-3.577708763999663422e+00,-3.130495168499705549e+00,-3.354101966249684263e+00,-1.341640786499873839e+00,-1.341640786499873839e+00,-1.341640786499873839e+00,8.944271909999158554e-01,1.788854381999831711e+00,2.459674775249768519e+00,4.024922359499621294e+00,2.012461179749810647e+00,1.788854381999831711e+00,2.236067977499789805e+00,3.801315561749642136e+00,1.788854381999831711e+00,2.236067977499789805e+00,2.459674775249768519e+00,6.708203932499369193e-01,-2.236067977499789805e+00,-4.024922359499621294e+00,-3.801315561749642136e+00,-4.024922359499621294e+00,-4.695742752749557880e+00,-6.037383539249431941e+00,-4.695742752749557880e+00,-5.590169943749473624e+00,-3.130495168499705549e+00,-3.354101966249684263e+00,-3.130495168499705549e+00,-3.130495168499705549e+00,-3.130495168499705549e+00,-1.788854381999831711e+00,-1.565247584249852775e+00,-2.236067977499789639e-01,-4.472135954999579277e-01,-4.472135954999579277e-01,2.236067977499789805e+00,1.788854381999831711e+00,1.565247584249852775e+00,4.472135954999579277e-01,1.788854381999831711e+00,4.248529157249600452e+00,3.577708763999663422e+00,4.024922359499621294e+00,2.236067977499789805e+00,3.577708763999663422e+00,3.354101966249684263e+00,8.944271909999158554e-01,2.683281572999747677e+00,4.919349550499537038e+00,4.695742752749557880e+00,3.354101966249684263e+00,4.248529157249600452e+00,2.012461179749810647e+00,1.118033988749894903e+00
1.341640786499873839e+00,4.024922359499621294e+00,2.459674775249768519e+00,2.683281572999747677e+00,1.118033988749894903e+00,2.236067977499789805e+00,4.248529157249600452e+00,6.037383539249431941e+00,5.366563145999495354e+00,6.708203932499368527e+00,4.919349550499537038e+00,4.695742752749557880e+00,2.906888370749726391e+00,4.472135954999579610e+00,4.695742752749557880e+00,1.788854381999831711e+00,1.341640786499873839e+00,1.565247584249852775e+00,2.459674775249768519e+00,3.577708763999663422e+00,3.801315561749642136e+00,3.801315561749642136e+00,3.801315561749642136e+00,3.130495168499705549e+00,5.590169943749473624e+00,5.590169943749473624e+00,6.931810730249347685e+00,6.260990336999411099e+00,6.260990336999411099e+00,5.590169943749473624e+00,6.484597134749389369e+00,5.366563145999495354e+00,4.695742752749557880e+00,4.919349550499537038e+00,3.354101966249684263e+00,3.577708763999663422e+00,3.130495168499705549e+00,3.801315561749642136e+00,2.459674775249768519e+00,1.788854381999831711e+00,1.118033988749894903e+00,-4.472135954999579277e-01,-1.788854381999831711e+00,-1.565247584249852775e+00,-2.236067977499789805e+00,-1.788854381999831711e+00,-2.012461179749810647e+00,-2.236067977499789805e+00,-2.012461179749810647e+00,-4.695742752749557880e+00,-3.801315561749642136e+00,-3.130495168499705549e+00,-3.577708763999663422e+00,-2.459674775249768519e+00,-8.944271909999158554e-01,-1.118033988749894903e+00,0.000000000000000000e+00,-1.341640786499873839e+00,-4.472135954999579277e-01,-2.236067977499789639e-01,6.708203932499369193e-01,8.944271909999158554e-01,-2.236067977499789639e-01,2.236067977499789639e-01,0.000000000000000000e+00,6.708203932499369193e-01,-1.118033988749894903e+00,-2.012461179749810647e+00,-1.788854381999831711e+00,-1.118033988749894903e+00,-2.012461179749810647e+00,-2.236067977499789805e+00,-4.472135954999579610e+00,-4.248529157249600452e+00,-4.248529157249600452e+00,-4.024922359499621294e+00,-4.472135954999579610e+00,-2.906888370749726391e+00,-2.459674775249768519e+00,-3.130495168499705549e+00,-1.788854381999831711e+00,-8.944271909999158554e-01,0.000000000000000000e+00,8.944271909999158554e-01,2.236067977499789639e-01,-1.118033988749894903e+00,2.236067977499789639e-01,6.708203932499369193e-01,1.118033988749894903e+00,1.565247584249852775e+00,1.341640786499873839e+00,0.000000000000000000e+00,-4.472135954999579277e-01,-1.341640786499873839e+00,-2.012461179749810647e+00,-1.788854381999831711e+00,-3.130495168499705549e+00,-2.683281572999747677e+00,-3.354101966249684263e+00,-4.248529157249600452e+00,-6.708203932499368527e+00,-6.037383539249431941e+00,-7.602631123499284271e+00,-1.028591269649903239e+01,-8.049844718999242588e+00,-8.944271909999159220e+00,-8.944271909999159220e+00,-8.049844718999242588e+00,-9.167878707749137490e+00,-7.826237921249263430e+00,-7.602631123499284271e+00,-5.590169943749473624e+00,-4.919349550499537038e+00,-5.590169943749473624e+00,-5.813776741499452783e+00,-5.590169943749473624e+00,-5.813776741499452783e+00,-5.142956348249516196e+00,-6.037383539249431941e+00,-4.472135954999579610e+00,-4.472135954999579610e+00,-4.919349550499537038e+00,-6.037383539249431941e+00,-4.024922359499621294e+00,-3.577708763999663422e+00,-2.906888370749726391e+00,-3.577708763999663422e+00,-2.906888370749726391e+00,-2.459674775249768519e+00,-4.472135954999579277e-01,0.000000000000000000e+00,4.472135954999579277e-01,2.906888370749726391e+00,3.130495168499705549e+00,2.236067977499789805e+00,4.472135954999579610e+00,4.472135954999579610e+00,4.248529157249600452e+00,3.577708763999663422e+00,2.459674775249768519e+00,2.459674775249768519e+00,2.236067977499789805e+00,3.801315561749642136e+00,3.354101966249684263e+00,3.130495168499705549e+00,3.130495168499705549e+00,1.118033988749894903e+00,1.788854381999831711e+00,8.944271909999158554e-01,1.341640786499873839e+00,1.341640786499873839e+00,1.788854381999831711e+00,1.118033988749894903e+00,-6.708203932499369193e-01,-1.118033988749894903e+00,-2.012461179749810647e+00,-2.012461179749810647e+00,-2.683281572999747677e+00,-2.012461179749810647e+00,-2.012461179749810647e+00,-2.236067977499789805e+00,-1.565247584249852775e+00,-8.944271909999158554e-01,0.000000000000000000e+00,-1.118033988749894903e+00,-4.472135954999579277e-01,-2.012461179749810647e+00,-2.683281572999747677e+00,-6.708203932499369193e-01,2.236067977499789639e-01,1.341640786499873839e+00,4.472135954999579277e-01,-6.708203932499369193e-01,0.000000000000000000e+00,4.472135954999579277e-01,-1.118033988749894903e+00,-1.565247584249852775e+00,-1.788854381999831711e+00,-6.708203932499369193e-01,-1.118033988749894903e+00,-8.944271909999158554e-01,-1.565247584249852775e+00,-2.236067977499789805e+00,-1.341640786499873839e+00,-2.012461179749810647e+00,-4.024922359499621294e+00,-3.130495168499705549e+00,-1.341640786499873839e+00,8.944271909999158554e-01,2.236067977499789639e-01,2.012461179749810647e+00,6.708203932499369193e-01,0.000000000000000000e+00,-1.788854381999831711e+00,-1.341640786499873839e+00,-1.341640786499873839e+00,6.708203932499369193e-01,-1.341640786499873839e+00,-3.577708763999663422e+00,-4.919349550499537038e+00,-3.577708763999663422e+00,-4.024922359499621294e+00,-2.906888370749726391e+00,-2.459674775249768519e+00,-4.248529157249600452e+00,-4.695742752749557880e+00,-3.130495168499705549e+00,-2.906888370749726391e+00,-3.577708763999663422e+00,-1.565247584249852775e+00,0.000000000000000000e+00,-2.236067977499789639e-01,1.788854381999831711e+00,1.341640786499873839e+00,-4.472135954999579277e-01,-4.472135954999579277e-01,-4.472135954999579277e-01,-4.472135954999579277e-01,1.788854381999831711e+00,2.012461179749810647e+00,6.708203932499369193e-01,-6.708203932499369193e-01,-2.236067977499789805e+00,-2.906888370749726391e+00,-3.801315561749642136e+00,-3.577708763999663422e+00,-3.354101966249684263e+00,-3.130495168499705549e+00,-2.683281572999747677e+00,-4.695742752749557880e+00,-4.472135954999579610e+00,-2.236067977499789805e+00,-2.236067977499789639e-01,-1.788854381999831711e+00,2.236067977499789639e-01,6.708203932499369193e-01,1.565247584249852775e+00,-1.118033988749894903e+00,-2.683281572999747677e+00,-2.683281572999747677e+00,-3.354101966249684263e+00,-1.341640786499873839e+00,-6.708203932499369193e-01,-2.236067977499789639e-01,1.788854381999831711e+00,2.236067977499789805e+00,2.236067977499789805e+00,-6.708203932499369193e-01,-1.788854381999831711e+00,-1.788854381999831711e+00,-3.577708763999663422e+00,-4.695742752749557880e+00,-6.037383539249431941e+00,-4.919349550499537038e+00,-2.683281572999747677e+00,-3.130495168499705549e+00,-2.012461179749810647e+00,-2.683281572999747677e+00,-3.130495168499705549e+00,-2.012461179749810647e+00,-8.944271909999158554e-01,-1.788854381999831711e+00,-4.248529157249600452e+00,-2.236067977499789805e+00,-1.788854381999831711e+00,4.472135954999579277e-01,-4.472135954999579277e-01,-2.236067977499789639e-01,1.565247584249852775e+00,2.236067977499789639e-01,2.683281572999747677e+00,4.695742752749557880e+00,4.248529157249600452e+00,5.366563145999495354e+00,7.379024325749306001e+00,7.379024325749306001e+00,6.484597134749389369e+00,6.260990336999411099e+00,5.590169943749473624e+00,5.366563145999495354e+00,3.577708763999663422e+00,2.236067977499789805e+00,2.236067977499789805e+00,1.565247584249852775e+00,-4.472135954999579277e-01,-6.708203932499369193e-01,-2.012461179749810647e+00,-4.695742752749557880e+00,-4.919349550499537038e+00,-6.708203932499368527e+00,-5.590169943749473624e+00,-5.142956348249516196e+00,-3.801315561749642136e+00,-4.248529157249600452e+00,-3.577708763999663422e+00,-2.906888370749726391e+00,-2.459674775249768519e+00,-3.577708763999663422e+00,-3.577708763999663422e+00,-3.801315561749642136e+00,-3.130495168499705549e+00,-2.683281572999747677e+00,-3.354101966249684263e+00,-8.944271909999158554e-01,1.341640786499873839e+00,2.683281572999747677e+00,3.801315561749642136e+00,1.565247584249852775e+00,-8.944271909999158554e-01,8.944271909999158554e-01,6.708203932499369193e-01,-1.341640786499873839e+00,-2.012461179749810647e+00,-1.565247584249852775e+00,-2.459674775249768519e+00,-3.130495168499705549e+00,-2.906888370749726391e+00,-2.683281572999747677e+00,-1.788854381999831711e+00,-1.565247584249852775e+00,-3.130495168499705549e+00,-2.459674775249768519e+00,-2.459674775249768519e+00,-2.236067977499789805e+00,-2.012461179749810647e+00,-4.472135954999579277e-01,6.708203932499369193e-01,2.236067977499789639e-01,2.236067977499789639e-01,-2.236067977499789805e+00,-2.236067977499789805e+00,-2.012461179749810647e+00,-2.012461179749810647e+00,-1.788854381999831711e+00,-6.708203932499369193e-01,0.000000000000000000e+00,6.708203932499369193e-01,-8.944271909999158554e-01,-2.906888370749726391e+00,-4.024922359499621294e+00,-2.459674775249768519e+00,-3.354101966249684263e+00,-5.590169943749473624e+00,-4.248529157249600452e+00,-4.248529157249600452e+00,-3.354101966249684263e+00,-3.801315561749642136e+00,-4.024922359499621294e+00,-3.354101966249684263e+00,-3.130495168499705549e+00,-2.906888370749726391e+00,-1.341640786499873839e+00,-1.341640786499873839e+00,-1.788854381999831711e+00,-1.118033988749894903e+00,-6.708203932499369193e-01,4.472135954999579277e-01,8.944271909999158554e-01,-4.472135954999579277e-01,-1.118033988749894903e+00,-1.565247584249852775e+00,-1.118033988749894903e+00,-1.341640786499873839e+00,-2.683281572999747677e+00,-1.341640786499873839e+00,-2.459674775249768519e+00,-8.944271909999158554e-01,-1.118033988749894903e+00,2.236067977499789639e-01,2.236067977499789639e-01,-2.236067977499789639e-01,-2.236067977499789805e+00,-1.788854381999831711e+00,-2.683281572999747677e+00,-1.565247584249852775e+00,-4.472135954999579277e-01,-4.472135954999579277e-01,8.944271909999158554e-01,8.944271909999158554e-01,1.118033988749894903e+00,2.012461179749810647e+00,2.012461179749810647e+00,4.248529157249600452e+00,3.130495168499705549e+00,1.565247584249852775e+00,-6.708203932499369193e-01,-8.944271909999158554e-01,1.341640786499873839e+00,3.577708763999663422e+00,2.236067977499789805e+00,1.341640786499873839e+00,1.341640786499873839e+00,-6.708203932499369193e-01,-2.236067977499789639e-01,4.472135954999579277e-01,-4.472135954999579277e-01,-1.788854381999831711e+00,-2.683281572999747677e+00,-3.801315561749642136e+00,-2.906888370749726391e+00,-1.341640786499873839e+00,-2.012461179749810647e+00,-2.906888370749726391e+00,-2.012461179749810647e+00,-2.906888370749726391e+00,-2.459674775249768519e+00,0.000000000000000000e+00,1.565247584249852775e+00,2.236067977499789639e-01,0.000000000000000000e+00,-4.472135954999579277e-01,-1.341640786499873839e+00,-3.130495168499705549e+00,-2.683281572999747677e+00,-1.118033988749894903e+00,-1.788854381999831711e+00,-2.906888370749726391e+00,-2.459674775249768519e+00,-4.024922359499621294e+00,-3.577708763999663422e+00,-1.788854381999831711e+00,4.472135954999579277e-01,1.118033988749894903e+00,3.130495168499705549e+00,1.341640786499873839e+00,-4.472135954999579277e-01,2.459674775249768519e+00,1.118033988749894903e+00,1.565247584249852775e+00,1.565247584249852775e+00,0.000000000000000000e+00,-2.236067977499789639e-01,-8.944271909999158554e-01,-2.236067977499789805e+00,-3.354101966249684263e+00,-5.813776741499452783e+00,-3.801315561749642136e+00,-2.683281572999747677e+00,-2.012461179749810647e+00,-2.906888370749726391e+00,-1.565247584249852775e+00,-1.565247584249852775e+00,-3.130495168499705549e+00,-2.459674775249768519e+00,-2.012461179749810647e+00,-2.683281572999747677e+00,-4.248529157249600452e+00,-3.801315561749642136e+00,-3.354101966249684263e+00,-2.236067977499789805e+00,-8.944271909999158554e-01,6.708203932499369193e-01,0.000000000000000000e+00,-6.708203932499369193e-01,-2.906888370749726391e+00,-5.142956348249516196e+00,-6.037383539249431941e+00,-5.142956348249516196e+00,-3.354101966249684263e+00,-3.354101966249684263e+00,-5.366563145999495354e+00,-4.472135954999579610e+00,-4.695742752749557880e+00,-4.024922359499621294e+00,-4.472135954999579610e+00,-4.248529157249600452e+00,-5.142956348249516196e+00,-5.590169943749473624e+00,-6.037383539249431941e+00,-5.142956348249516196e+00,-3.354101966249684263e+00,-4.248529157249600452e+00,-3.354101966249684263e+00,-2.459674775249768519e+00,-2.236067977499789805e+00,-8.944271909999158554e-01,-6.708203932499369193e-01,-8.944271909999158554e-01,-8.944271909999158554e-01,-2.236067977499789639e-01,1.565247584249852775e+00,2.683281572999747677e+00,1.788854381999831711e+00,8.944271909999158554e-01,2.012461179749810647e+00,1.788854381999831711e+00,-4.472135954999579277e-01,-2.236067977499789639e-01,-2.236067977499789805e+00,-3.130495168499705549e+00,-1.118033988749894903e+00,4.472135954999579277e-01,-1.118033988749894903e+00,-8.944271909999158554e-01,-6.708203932499369193e-01,-6.708203932499369193e-01,8.944271909999158554e-01,0.000000000000000000e+00,1.118033988749894903e+00,6.708203932499369193e-01
-2.459674775249768519e+00,-2.012461179749810647e+00,-2.236067977499789639e-01,2.236067977499789805e+00,1.341640786499873839e+00,8.944271909999158554e-01,6.708203932499369193e-01,2.683281572999747677e+00,3.801315561749642136e+00,3.577708763999663422e+00,4.472135954999579610e+00,4.695742752749557880e+00,5.142956348249516196e+00,2.906888370749726391e+00,3.354101966249684263e+00,4.472135954999579610e+00,4.695742752749557880e+00,3.130495168499705549e+00,-4.472135954999579277e-01,4.472135954999579277e-01,4.472135954999579277e-01,0.000000000000000000e+00,1.118033988749894903e+00,1.118033988749894903e+00,1.341640786499873839e+00,1.565247584249852775e+00,4.472135954999579277e-01,1.118033988749894903e+00,1.788854381999831711e+00,2.012461179749810647e+00,2.012461179749810647e+00,8.944271909999158554e-01,1.565247584249852775e+00,-6.708203932499369193e-01,-1.341640786499873839e+00,-2.236067977499789805e+00,-1.118033988749894903e+00,-6.708203932499369193e-01,4.472135954999579277e-01,8.944271909999158554e-01,6.708203932499369193e-01,0.000000000000000000e+00,0.000000000000000000e+00,0.000000000000000000e+00,-1.118033988749894903e+00,-8.944271909999158554e-01,-1.565247584249852775e+00,-1.118033988749894903e+00,8.944271909999158554e-01,6.708203932499369193e-01,-6.708203932499369193e-01,1.341640786499873839e+00,0.000000000000000000e+00,6.708203932499369193e-01,1.788854381999831711e+00,1.341640786499873839e+00,-4.472135954999579277e-01,-2.012461179749810647e+00,-3.130495168499705549e+00,-2.906888370749726391e+00,-4.472135954999579610e+00,-3.354101966249684263e+00,-2.012461179749810647e+00,-2.683281572999747677e+00,-4.472135954999579277e-01,-2.236067977499789639e-01,6.708203932499369193e-01,4.472135954999579277e-01,8.944271909999158554e-01,8.944271909999158554e-01,-6.708203932499369193e-01,-1.565247584249852775e+00,-2.236067977499789805e+00,-1.565247584249852775e+00,-1.341640786499873839e+00,-2.906888370749726391e+00,-4.024922359499621294e+00,-2.236067977499789805e+00,-2.236067977499789639e-01,-2.683281572999747677e+00,-2.459674775249768519e+00,-1.118033988749894903e+00,6.708203932499369193e-01,4.472135954999579277e-01,1.565247584249852775e+00,1.118033988749894903e+00,2.683281572999747677e+00,2.683281572999747677e+00,1.118033988749894903e+00,3.801315561749642136e+00,3.801315561749642136e+00,2.012461179749810647e+00,6.708203932499369193e-01,-2.236067977499789639e-01,4.472135954999579277e-01,-2.906888370749726391e+00,-1.788854381999831711e+00,1.341640786499873839e+00,-6.708203932499369193e-01,6.708203932499369193e-01,-4.472135954999579277e-01,1.341640786499873839e+00,2.012461179749810647e+00,1.565247584249852775e+00,4.472135954999579277e-01,2.906888370749726391e+00,2.459674775249768519e+00,3.130495168499705549e+00,2.683281572999747677e+00,3.354101966249684263e+00,2.906888370749726391e+00,5.366563145999495354e+00,6.260990336999411099e+00,4.695742752749557880e+00,3.354101966249684263e+00,5.590169943749473624e+00,2.012461179749810647e+00,0.000000000000000000e+00,1.118033988749894903e+00,-2.236067977499789639e-01,-2.236067977499789639e-01,2.236067977499789639e-01,2.683281572999747677e+00,4.472135954999579277e-01,1.341640786499873839e+00,8.944271909999158554e-01,2.236067977499789805e+00,3.130495168499705549e+00,3.130495168499705549e+00,3.130495168499705549e+00,3.354101966249684263e+00,3.130495168499705549e+00,4.919349550499537038e+00,6.260990336999411099e+00,7.155417527999326843e+00,6.931810730249347685e+00,6.931810730249347685e+00,6.484597134749389369e+00,5.813776741499452783e+00,4.472135954999579610e+00,4.472135954999579610e+00,3.577708763999663422e+00,2.906888370749726391e+00,2.459674775249768519e+00,2.906888370749726391e+00,1.341640786499873839e+00,2.012461179749810647e+00,5.142956348249516196e+00,5.366563145999495354e+00,7.602631123499284271e+00,7.826237921249263430e+00,7.379024325749306001e+00,4.472135954999579610e+00,3.130495168499705549e+00,2.236067977499789639e-01,1.341640786499873839e+00,2.459674775249768519e+00,1.341640786499873839e+00,1.341640786499873839e+00,2.012461179749810647e+00,2.906888370749726391e+00,2.236067977499789805e+00,-8.944271909999158554e-01,-2.906888370749726391e+00,-3.354101966249684263e+00,-2.459674775249768519e+00,-2.906888370749726391e+00,-4.919349550499537038e+00,-2.236067977499789805e+00,-2.683281572999747677e+00,-1.118033988749894903e+00,-4.472135954999579277e-01,0.000000000000000000e+00,-2.012461179749810647e+00,-2.906888370749726391e+00,-1.341640786499873839e+00,2.236067977499789639e-01,4.472135954999579277e-01,8.944271909999158554e-01,-4.472135954999579277e-01,8.944271909999158554e-01,0.000000000000000000e+00,2.012461179749810647e+00,2.683281572999747677e+00,2.459674775249768519e+00,2.236067977499789805e+00,2.459674775249768519e+00,2.459674775249768519e+00,2.012461179749810647e+00,3.801315561749642136e+00,4.695742752749557880e+00,5.142956348249516196e+00,5.366563145999495354e+00,5.366563145999495354e+00,4.024922359499621294e+00,2.683281572999747677e+00,2.459674775249768519e+00,1.565247584249852775e+00,-2.236067977499789639e-01,1.341640786499873839e+00,1.118033988749894903e+00,1.565247584249852775e+00,1.118033988749894903e+00,1.565247584249852775e+00,4.024922359499621294e+00,3.354101966249684263e+00,5.590169943749473624e+00,3.354101966249684263e+00,4.472135954999579610e+00,3.577708763999663422e+00,3.801315561749642136e+00,2.012461179749810647e+00,2.906888370749726391e+00,3.354101966249684263e+00,1.118033988749894903e+00,1.118033988749894903e+00,6.708203932499369193e-01,2.236067977499789805e+00,2.236067977499789805e+00,4.472135954999579277e-01,1.565247584249852775e+00,1.118033988749894903e+00,2.683281572999747677e+00,1.788854381999831711e+00,-4.472135954999579277e-01,-2.236067977499789639e-01,-4.472135954999579277e-01,-1.118033988749894903e+00,-1.341640786499873839e+00,-2.236067977499789805e+00,-3.130495168499705549e+00,-3.801315561749642136e+00,-3.577708763999663422e+00,-3.130495168499705549e+00,-3.801315561749642136e+00,-2.683281572999747677e+00,-2.683281572999747677e+00,-3.577708763999663422e+00,-2.236067977499789805e+00,-2.012461179749810647e+00,-2.236067977499789805e+00,-1.341640786499873839e+00,-2.683281572999747677e+00,-2.459674775249768519e+00,-2.906888370749726391e+00,-1.565247584249852775e+00,0.000000000000000000e+00,2.236067977499789639e-01,-2.236067977499789639e-01,-2.236067977499789639e-01,-2.236067977499789639e-01,-2.459674775249768519e+00,-3.801315561749642136e+00,-3.577708763999663422e+00,-1.788854381999831711e+00,-2.236067977499789639e-01,-1.118033988749894903e+00,-6.708203932499369193e-01,-6.708203932499369193e-01,-2.459674775249768519e+00,-2.012461179749810647e+00,-1.341640786499873839e+00,-8.944271909999158554e-01,4.472135954999579277e-01,3.354101966249684263e+00,1.565247584249852775e+00,3.130495168499705549e+00,3.354101966249684263e+00,4.695742752749557880e+00,4.024922359499621294e+00,2.459674775249768519e+00,4.472135954999579610e+00,4.248529157249600452e+00,2.459674775249768519e+00,2.012461179749810647e+00,1.788854381999831711e+00,2.012461179749810647e+00,2.459674775249768519e+00,8.944271909999158554e-01,1.341640786499873839e+00,1.341640786499873839e+00,8.944271909999158554e-01,1.788854381999831711e+00,3.577708763999663422e+00,2.683281572999747677e+00,3.801315561749642136e+00,4.024922359499621294e+00,2.683281572999747677e+00,3.354101966249684263e+00,4.024922359499621294e+00,4.024922359499621294e+00,4.024922359499621294e+00,3.577708763999663422e+00,1.341640786499873839e+00,8.944271909999158554e-01,-1.341640786499873839e+00,-2.012461179749810647e+00,-2.906888370749726391e+00,-2.459674775249768519e+00,-1.341640786499873839e+00,-2.012461179749810647e+00,-1.788854381999831711e+00,-2.683281572999747677e+00,-2.459674775249768519e+00,-1.565247584249852775e+00,-2.012461179749810647e+00,-1.118033988749894903e+00,0.000000000000000000e+00,2.236067977499789639e-01,2.906888370749726391e+00,1.788854381999831711e+00,2.459674775249768519e+00,3.577708763999663422e+00,2.012461179749810647e+00,3.577708763999663422e+00,1.565247584249852775e+00,-2.236067977499789639e-01,-2.683281572999747677e+00,-3.130495168499705549e+00,-4.472135954999579277e-01,-1.118033988749894903e+00,-2.012461179749810647e+00,-2.012461179749810647e+00,-3.354101966249684263e+00,-3.801315561749642136e+00,-5.142956348249516196e+00,-4.024922359499621294e+00,-4.472135954999579610e+00,-4.919349550499537038e+00,-3.354101966249684263e+00,-4.919349550499537038e+00,-4.695742752749557880e+00,-3.801315561749642136e+00,-1.788854381999831711e+00,-1.788854381999831711e+00,-2.459674775249768519e+00,-1.118033988749894903e+00,-2.459674775249768519e+00,-1.118033988749894903e+00,-4.472135954999579277e-01,-1.118033988749894903e+00,0.000000000000000000e+00,-6.708203932499369193e-01,-1.565247584249852775e+00,-3.801315561749642136e+00,-3.130495168499705549e+00,-1.788854381999831711e+00,-8.944271909999158554e-01,-1.341640786499873839e+00,-8.944271909999158554e-01,-1.118033988749894903e+00,-6.708203932499369193e-01,-2.236067977499789805e+00,-4.472135954999579277e-01,0.000000000000000000e+00,1.118033988749894903e+00,1.341640786499873839e+00,2.012461179749810647e+00,2.906888370749726391e+00,4.248529157249600452e+00,5.366563145999495354e+00,8.273451516749220858e+00,6.484597134749389369e+00,5.590169943749473624e+00,6.260990336999411099e+00,4.695742752749557880e+00,3.130495168499705549e+00,0.000000000000000000e+00,-2.236067977499789639e-01,-6.708203932499369193e-01,-1.341640786499873839e+00,-1.118033988749894903e+00,2.236067977499789639e-01,-2.236067977499789639e-01,8.944271909999158554e-01,6.708203932499369193e-01,1.118033988749894903e+00,0.000000000000000000e+00,2.236067977499789639e-01,-2.236067977499789639e-01,2.236067977499789639e-01,1.565247584249852775e+00,2.236067977499789805e+00,6.708203932499369193e-01,2.683281572999747677e+00,3.577708763999663422e+00,3.577708763999663422e+00,1.788854381999831711e+00,3.577708763999663422e+00,4.472135954999579610e+00,2.906888370749726391e+00,3.130495168499705549e+00,2.236067977499789639e-01,6.708203932499369193e-01,4.472135954999579277e-01,0.000000000000000000e+00,-2.236067977499789639e-01,-8.944271909999158554e-01,-6.708203932499369193e-01,-2.459674775249768519e+00,-2.683281572999747677e+00,-3.354101966249684263e+00,0.000000000000000000e+00,-1.118033988749894903e+00,-1.788854381999831711e+00,-1.788854381999831711e+00,-2.683281572999747677e+00,-4.248529157249600452e+00,-4.472135954999579610e+00,-4.248529157249600452e+00,-3.130495168499705549e+00,-2.012461179749810647e+00,-2.906888370749726391e+00,-4.024922359499621294e+00,-4.024922359499621294e+00,-2.459674775249768519e+00,-2.906888370749726391e+00,-1.565247584249852775e+00,-1.341640786499873839e+00,-1.788854381999831711e+00,-3.577708763999663422e+00,-3.354101966249684263e+00,-4.919349550499537038e+00,-4.024922359499621294e+00,-3.801315561749642136e+00,-2.683281572999747677e+00,-1.788854381999831711e+00,-1.118033988749894903e+00,-2.683281572999747677e+00,-2.012461179749810647e+00,-8.944271909999158554e-01,-2.459674775249768519e+00,-1.788854381999831711e+00,-1.341640786499873839e+00,-8.944271909999158554e-01,-8.944271909999158554e-01,8.944271909999158554e-01,8.944271909999158554e-01,-1.565247584249852775e+00,-2.236067977499789639e-01,2.236067977499789805e+00,1.788854381999831711e+00,2.012461179749810647e+00,2.906888370749726391e+00,2.459674775249768519e+00,-2.236067977499789639e-01,0.000000000000000000e+00,3.577708763999663422e+00,2.906888370749726391e+00,2.906888370749726391e+00,2.906888370749726391e+00,3.577708763999663422e+00,2.459674775249768519e+00,1.788854381999831711e+00,2.906888370749726391e+00,1.788854381999831711e+00,2.236067977499789805e+00,2.683281572999747677e+00,4.248529157249600452e+00,1.788854381999831711e+00,1.118033988749894903e+00,0.000000000000000000e+00,-2.236067977499789639e-01,-1.565247584249852775e+00,-8.944271909999158554e-01,-1.565247584249852775e+00,-1.118033988749894903e+00,-2.459674775249768519e+00,-2.683281572999747677e+00,-2.683281572999747677e+00,-2.459674775249768519e+00,-1.341640786499873839e+00,-3.801315561749642136e+00,-3.577708763999663422e+00,-4.695742752749557880e+00,-4.695742752749557880e+00,-4.248529157249600452e+00,-4.024922359499621294e+00,-2.906888370749726391e+00,-2.236067977499789805e+00,-2.459674775249768519e+00,-3.577708763999663422e+00,-4.248529157249600452e+00,-4.024922359499621294e+00,-5.142956348249516196e+00,-4.472135954999579610e+00,-4.472135954999579610e+00,-4.472135954999579610e+00,-4.024922359499621294e+00,-3.577708763999663422e+00,-4.695742752749557880e+00,-4.248529157249600452e+00,-2.683281572999747677e+00,-1.565247584249852775e+00,-1.341640786499873839e+00,-8.944271909999158554e-01,4.472135954999579277e-01,-1.341640786499873839e+00,0.000000000000000000e+00,0.000000000000000000e+00
1.565247584249852775e+00,1.565247584249852775e+00,1.118033988749894903e+00,4.472135954999579277e-01,-8.944271909999158554e-01,-2.012461179749810647e+00,-2.683281572999747677e+00,-4.024922359499621294e+00,-4.472135954999579610e+00,-5.813776741499452783e+00,-4.695742752749557880e+00,-3.801315561749642136e+00,-4.024922359499621294e+00,-3.354101966249684263e+00,-1.341640786499873839e+00,-2.236067977499789639e-01,-4.472135954999579277e-01,1.341640786499873839e+00,1.788854381999831711e+00,-1.118033988749894903e+00,-6.708203932499369193e-01,-1.788854381999831711e+00,-2.459674775249768519e+00,-2.683281572999747677e+00,-1.565247584249852775e+00,-2.683281572999747677e+00,0.000000000000000000e+00,4.472135954999579277e-01,0.000000000000000000e+00,4.472135954999579277e-01,-8.944271909999158554e-01,-8.944271909999158554e-01,-2.906888370749726391e+00,-3.354101966249684263e+00,-5.590169943749473624e+00,-6.037383539249431941e+00,-4.472135954999579610e+00,-4.919349550499537038e+00,-5.142956348249516196e+00,-4.695742752749557880e+00,-4.695742752749557880e+00,-4.695742752749557880e+00,-1.341640786499873839e+00,-1.341640786499873839e+00,4.472135954999579277e-01,2.459674775249768519e+00,3.130495168499705549e+00,4.919349550499537038e+00,3.801315561749642136e+00,2.906888370749726391e+00,3.577708763999663422e+00,5.813776741499452783e+00,6.931810730249347685e+00,6.708203932499368527e+00,4.919349550499537038e+00,3.130495168499705549e+00,2.012461179749810647e+00,2.236067977499789639e-01,2.012461179749810647e+00,1.788854381999831711e+00,2.236067977499789805e+00,3.577708763999663422e+00,2.906888370749726391e+00,4.472135954999579610e+00,4.024922359499621294e+00,4.919349550499537038e+00,5.813776741499452783e+00,7.602631123499284271e+00,8.497058314499200904e+00,9.391485505499115760e+00,8.497058314499200904e+00,9.167878707749137490e+00,8.273451516749220858e+00,5.590169943749473624e+00,4.919349550499537038e+00,6.037383539249431941e+00,6.037383539249431941e+00,5.590169943749473624e+00,4.695742752749557880e+00,2.683281572999747677e+00,8.944271909999158554e-01,2.459674775249768519e+00,3.577708763999663422e+00,3.354101966249684263e+00,3.130495168499705549e+00,6.708203932499369193e-01,2.236067977499789639e-01,-6.708203932499369193e-01,-2.236067977499789639e-01,-4.472135954999579277e-01,4.472135954999579277e-01,0.000000000000000000e+00,-6.708203932499369193e-01,-1.341640786499873839e+00,-2.236067977499789805e+00,-3.577708763999663422e+00,-4.472135954999579610e+00,-3.130495168499705549e+00,-4.024922359499621294e+00,-3.577708763999663422e+00,-2.683281572999747677e+00,-2.906888370749726391e+00,-4.472135954999579610e+00,-2.683281572999747677e+00,-4.248529157249600452e+00,-4.024922359499621294e+00,-2.906888370749726391e+00,-2.236067977499789805e+00,-1.341640786499873839e+00,-2.459674775249768519e+00,-2.459674775249768519e+00,-8.944271909999158554e-01,-1.341640786499873839e+00,-2.012461179749810647e+00,-2.012461179749810647e+00,-1.788854381999831711e+00,-2.236067977499789639e-01,-4.472135954999579277e-01,4.472135954999579277e-01,-6.708203932499369193e-01,-1.341640786499873839e+00,-2.906888370749726391e+00,-1.341640786499873839e+00,1.788854381999831711e+00,3.801315561749642136e+00,2.236067977499789805e+00,1.341640786499873839e+00,1.341640786499873839e+00,8.944271909999158554e-01,2.236067977499789805e+00,3.354101966249684263e+00,4.248529157249600452e+00,3.577708763999663422e+00,4.919349550499537038e+00,5.590169943749473624e+00,4.472135954999579610e+00,2.236067977499789805e+00,3.577708763999663422e+00,2.683281572999747677e+00,2.906888370749726391e+00,1.118033988749894903e+00,1.788854381999831711e+00,1.565247584249852775e+00,2.236067977499789639e-01,0.000000000000000000e+00,-8.944271909999158554e-01,-2.236067977499789639e-01,2.906888370749726391e+00,3.354101966249684263e+00,1.565247584249852775e+00,1.565247584249852775e+00,2.012461179749810647e+00,1.788854381999831711e+00,3.130495168499705549e+00,2.683281572999747677e+00,2.906888370749726391e+00,4.472135954999579610e+00,3.354101966249684263e+00,4.024922359499621294e+00,5.366563145999495354e+00,4.472135954999579610e+00,2.683281572999747677e+00,1.565247584249852775e+00,6.708203932499369193e-01,1.565247584249852775e+00,2.683281572999747677e+00,5.813776741499452783e+00,5.590169943749473624e+00,8.944271909999159220e+00,8.944271909999159220e+00,9.838699100999074076e+00,9.838699100999074076e+00,9.167878707749137490e+00,8.720665112249179174e+00,8.497058314499200904e+00,7.602631123499284271e+00,6.484597134749389369e+00,4.919349550499537038e+00,5.590169943749473624e+00,6.931810730249347685e+00,6.484597134749389369e+00,4.695742752749557880e+00,4.919349550499537038e+00,7.155417527999326843e+00,4.024922359499621294e+00,1.565247584249852775e+00,-2.236067977499789639e-01,-1.788854381999831711e+00,-8.944271909999158554e-01,-1.118033988749894903e+00,-4.472135954999579277e-01,-2.236067977499789805e+00,-1.565247584249852775e+00,-3.130495168499705549e+00,-8.944271909999158554e-01,-2.459674775249768519e+00,-3.130495168499705549e+00,-4.024922359499621294e+00,-5.142956348249516196e+00,-4.695742752749557880e+00,-2.683281572999747677e+00,-3.577708763999663422e+00,-2.236067977499789805e+00,-4.472135954999579277e-01,-1.788854381999831711e+00,-2.236067977499789639e-01,6.708203932499369193e-01,-1.341640786499873839e+00,-1.341640786499873839e+00,-1.118033988749894903e+00,-8.944271909999158554e-01,-6.708203932499369193e-01,2.683281572999747677e+00,0.000000000000000000e+00,-2.236067977499789805e+00,-3.130495168499705549e+00,-4.695742752749557880e+00,-4.695742752749557880e+00,-6.708203932499368527e+00,-7.379024325749306001e+00,-6.931810730249347685e+00,-4.248529157249600452e+00,-3.801315561749642136e+00,-4.024922359499621294e+00,-3.130495168499705549e+00,-3.801315561749642136e+00,-2.236067977499789805e+00,-3.577708763999663422e+00,-3.354101966249684263e+00,-1.565247584249852775e+00,-4.472135954999579277e-01,-2.236067977499789639e-01,-2.236067977499789639e-01,-3.354101966249684263e+00,-3.130495168499705549e+00,-1.788854381999831711e+00,-4.472135954999579277e-01,-2.012461179749810647e+00,-2.459674775249768519e+00,-2.236067977499789805e+00,-3.130495168499705549e+00,-6.708203932499369193e-01,-4.472135954999579277e-01,1.565247584249852775e+00,2.236067977499789639e-01,-2.236067977499789805e+00,-2.459674775249768519e+00,-2.012461179749810647e+00,-2.012461179749810647e+00,-1.788854381999831711e+00,-8.944271909999158554e-01,-2.236067977499789805e+00,-1.118033988749894903e+00,-2.236067977499789805e+00,-3.354101966249684263e+00,-2.906888370749726391e+00,-2.683281572999747677e+00,-2.012461179749810647e+00,-1.341640786499873839e+00,-1.565247584249852775e+00,-1.118033988749894903e+00,-1.118033988749894903e+00,-2.012461179749810647e+00,-2.236067977499789805e+00,8.944271909999158554e-01,2.236067977499789639e-01,1.341640786499873839e+00,1.118033988749894903e+00,3.130495168499705549e+00,3.354101966249684263e+00,3.354101966249684263e+00,4.024922359499621294e+00,3.354101966249684263e+00,3.801315561749642136e+00,6.037383539249431941e+00,6.931810730249347685e+00,8.273451516749220858e+00,7.379024325749306001e+00,5.142956348249516196e+00,6.484597134749389369e+00,4.695742752749557880e+00,4.248529157249600452e+00,1.788854381999831711e+00,-6.708203932499369193e-01,-1.341640786499873839e+00,-2.459674775249768519e+00,-2.012461179749810647e+00,-1.788854381999831711e+00,-2.012461179749810647e+00,-3.577708763999663422e+00,-2.906888370749726391e+00,-6.708203932499369193e-01,6.708203932499369193e-01,2.236067977499789639e-01,2.459674775249768519e+00,2.459674775249768519e+00,2.459674775249768519e+00,2.012461179749810647e+00,-1.118033988749894903e+00,-2.236067977499789639e-01,6.708203932499369193e-01,-2.236067977499789639e-01,1.565247584249852775e+00,-2.236067977499789639e-01,1.341640786499873839e+00,6.708203932499369193e-01,1.565247584249852775e+00,0.000000000000000000e+00,1.565247584249852775e+00,-4.472135954999579277e-01,6.708203932499369193e-01,2.012461179749810647e+00,1.788854381999831711e+00,5.366563145999495354e+00,5.590169943749473624e+00,6.037383539249431941e+00,2.906888370749726391e+00,3.801315561749642136e+00,2.236067977499789805e+00,2.459674775249768519e+00,2.012461179749810647e+00,8.944271909999158554e-01,3.130495168499705549e+00,1.788854381999831711e+00,1.788854381999831711e+00,2.236067977499789805e+00,1.341640786499873839e+00,6.708203932499369193e-01,2.683281572999747677e+00,2.236067977499789805e+00,2.012461179749810647e+00,1.118033988749894903e+00,2.683281572999747677e+00,1.118033988749894903e+00,-8.944271909999158554e-01,-2.683281572999747677e+00,-2.683281572999747677e+00,-2.236067977499789805e+00,-3.130495168499705549e+00,-1.565247584249852775e+00,-6.708203932499369193e-01,-2.906888370749726391e+00,-3.801315561749642136e+00,-2.459674775249768519e+00,-1.565247584249852775e+00,-3.354101966249684263e+00,-1.565247584249852775e+00,-4.472135954999579277e-01,-4.472135954999579277e-01,-1.341640786499873839e+00,-2.236067977499789639e-01,-2.236067977499789639e-01,-6.708203932499369193e-01,-1.565247584249852775e+00,-2.012461179749810647e+00,-8.944271909999158554e-01,-1.788854381999831711e+00,-2.236067977499789805e+00,-3.354101966249684263e+00,-3.801315561749642136e+00,-4.024922359499621294e+00,-5.142956348249516196e+00,-5.142956348249516196e+00,-4.024922359499621294e+00,-4.024922359499621294e+00,-5.142956348249516196e+00,-4.024922359499621294e+00,-4.472135954999579610e+00,-4.248529157249600452e+00,-5.590169943749473624e+00,-4.248529157249600452e+00,-6.037383539249431941e+00,-6.260990336999411099e+00,-6.931810730249347685e+00,-7.379024325749306001e+00,-5.366563145999495354e+00,-5.366563145999495354e+00,-6.260990336999411099e+00,-7.155417527999326843e+00,-4.695742752749557880e+00,-3.354101966249684263e+00,-2.236067977499789805e+00,-8.944271909999158554e-01,-8.944271909999158554e-01,-1.341640786499873839e+00,2.236067977499789639e-01,0.000000000000000000e+00,-4.472135954999579277e-01,-2.236067977499789639e-01,2.236067977499789639e-01,2.236067977499789805e+00,8.944271909999158554e-01,-6.708203932499369193e-01,-2.683281572999747677e+00,-4.248529157249600452e+00,-3.130495168499705549e+00,-2.236067977499789805e+00,-2.012461179749810647e+00,-2.012461179749810647e+00,-2.236067977499789805e+00,-2.459674775249768519e+00,-2.236067977499789805e+00,-2.459674775249768519e+00,-4.472135954999579610e+00,-3.577708763999663422e+00,-1.118033988749894903e+00,-2.236067977499789639e-01,-2.906888370749726391e+00,-2.236067977499789805e+00,-2.012461179749810647e+00,-1.341640786499873839e+00,-8.944271909999158554e-01,1.118033988749894903e+00,2.906888370749726391e+00,2.683281572999747677e+00,3.801315561749642136e+00,4.024922359499621294e+00,3.130495168499705549e+00,2.459674775249768519e+00,6.708203932499369193e-01,0.000000000000000000e+00,2.906888370749726391e+00,1.565247584249852775e+00,2.236067977499789639e-01,-1.565247584249852775e+00,2.236067977499789639e-01,1.788854381999831711e+00,1.341640786499873839e+00,2.236067977499789805e+00,2.683281572999747677e+00,1.565247584249852775e+00,2.906888370749726391e+00,2.683281572999747677e+00,1.565247584249852775e+00,2.236067977499789639e-01,0.000000000000000000e+00,2.236067977499789639e-01,0.000000000000000000e+00,0.000000000000000000e+00,1.788854381999831711e+00,3.130495168499705549e+00,2.683281572999747677e+00,1.118033988749894903e+00,-1.341640786499873839e+00,-2.683281572999747677e+00,-2.906888370749726391e+00,-3.801315561749642136e+00,-3.801315561749642136e+00,-4.024922359499621294e+00,-2.459674775249768519e+00,-3.577708763999663422e+00,-2.236067977499789805e+00,-2.459674775249768519e+00,-6.708203932499369193e-01,-1.788854381999831711e+00,-2.012461179749810647e+00,-1.788854381999831711e+00,-6.708203932499369193e-01,1.341640786499873839e+00,1.565247584249852775e+00,3.130495168499705549e+00,3.801315561749642136e+00,2.236067977499789805e+00,0.000000000000000000e+00,-1.341640786499873839e+00,0.000000000000000000e+00,1.565247584249852775e+00,3.801315561749642136e+00,2.683281572999747677e+00,3.354101966249684263e+00,4.248529157249600452e+00,2.012461179749810647e+00,3.801315561749642136e+00,3.577708763999663422e+00,3.354101966249684263e+00,3.130495168499705549e+00,2.459674775249768519e+00,2.906888370749726391e+00,3.801315561749642136e+00,2.683281572999747677e+00,2.012461179749810647e+00,0.000000000000000000e+00,-6.708203932499369193e-01,-3.801315561749642136e+00,-3.130495168499705549e+00,-2.906888370749726391e+00,-1.788854381999831711e+00,-3.577708763999663422e+00,-4.919349550499537038e+00,-5.366563145999495354e+00,-5.590169943749473624e+00,-5.366563145999495354e+00,-4.472135954999579610e+00,-3.801315561749642136e+00,-4.695742752749557880e+00,-2.906888370749726391e+00,-2.459674775249768519e+00,0.000000000000000000e+00,4.472135954999579277e-01,6.708203932499369193e-01
-2.236067977499789805e+00,-3.577708763999663422e+00,-2.459674775249768519e+00,-1.118033988749894903e+00,-2.906888370749726391e+00,-3.577708763999663422e+00,-3.801315561749642136e+00,-4.248529157249600452e+00,-5.142956348249516196e+00,-3.801315561749642136e+00,-2.906888370749726391e+00,-2.906888370749726391e+00,-2.459674775249768519e+00,-3.130495168499705549e+00,-2.236067977499789639e-01,-8.944271909999158554e-01,-1.565247584249852775e+00,-2.459674775249768519e+00,-2.459674775249768519e+00,-3.801315561749642136e+00,-3.801315561749642136e+00,-3.354101966249684263e+00,-2.012461179749810647e+00,-2.236067977499789805e+00,-3.130495168499705549e+00,-2.683281572999747677e+00,-2.012461179749810647e+00,-2.012461179749810647e+00,-8.944271909999158554e-01,-8.944271909999158554e-01,-8.944271909999158554e-01,2.236067977499789639e-01,6.708203932499369193e-01,0.000000000000000000e+00,1.118033988749894903e+00,-1.341640786499873839e+00,-8.944271909999158554e-01,-6.708203932499369193e-01,1.118033988749894903e+00,1.565247584249852775e+00,2.012461179749810647e+00,1.788854381999831711e+00,6.708203932499369193e-01,2.236067977499789805e+00,3.577708763999663422e+00,4.024922359499621294e+00,3.130495168499705549e+00,3.130495168499705549e+00,3.354101966249684263e+00,2.906888370749726391e+00,4.919349550499537038e+00,3.801315561749642136e+00,3.130495168499705549e+00,4.024922359499621294e+00,2.683281572999747677e+00,1.118033988749894903e+00,1.118033988749894903e+00,1.118033988749894903e+00,0.000000000000000000e+00,-1.788854381999831711e+00,-4.472135954999579277e-01,-1.565247584249852775e+00,-1.565247584249852775e+00,6.708203932499369193e-01,0.000000000000000000e+00,-1.341640786499873839e+00,2.683281572999747677e+00,3.130495168499705549e+00,3.577708763999663422e+00,2.012461179749810647e+00,4.248529157249600452e+00,2.459674775249768519e+00,4.248529157249600452e+00,3.354101966249684263e+00,4.472135954999579610e+00,4.248529157249600452e+00,3.354101966249684263e+00,4.024922359499621294e+00,3.577708763999663422e+00,2.906888370749726391e+00,2.683281572999747677e+00,1.788854381999831711e+00,2.236067977499789639e-01,8.944271909999158554e-01,2.012461179749810647e+00,8.944271909999158554e-01,2.236067977499789639e-01,6.708203932499369193e-01,2.459674775249768519e+00,4.472135954999579610e+00,4.472135954999579610e+00,5.142956348249516196e+00,6.484597134749389369e+00,5.813776741499452783e+00,6.931810730249347685e+00,5.366563145999495354e+00,5.142956348249516196e+00,5.813776741499452783e+00,5.366563145999495354e+00,3.577708763999663422e+00,6.931810730249347685e+00,7.155417527999326843e+00,7.155417527999326843e+00,6.484597134749389369e+00,5.813776741499452783e+00,6.708203932499368527e+00,7.826237921249263430e+00,6.708203932499368527e+00,6.037383539249431941e+00,7.826237921249263430e+00,7.602631123499284271e+00,5.813776741499452783e+00,3.354101966249684263e+00,1.118033988749894903e+00,4.472135954999579277e-01,1.788854381999831711e+00,2.012461179749810647e+00,2.683281572999747677e+00,2.906888370749726391e+00,2.906888370749726391e+00,1.341640786499873839e+00,2.683281572999747677e+00,4.472135954999579610e+00,4.472135954999579610e+00,5.142956348249516196e+00,6.708203932499368527e+00,6.484597134749389369e+00,5.366563145999495354e+00,4.695742752749557880e+00,4.919349550499537038e+00,4.024922359499621294e+00,5.366563145999495354e+00,3.130495168499705549e+00,4.024922359499621294e+00,2.012461179749810647e+00,2.012461179749810647e+00,1.118033988749894903e+00,2.236067977499789639e-01,0.000000000000000000e+00,4.472135954999579277e-01,-2.236067977499789805e+00,-6.708203932499369193e-01,2.236067977499789639e-01,4.472135954999579277e-01,-1.341640786499873839e+00,-2.236067977499789639e-01,-1.118033988749894903e+00,-6.708203932499369193e-01,2.012461179749810647e+00,3.354101966249684263e+00,3.801315561749642136e+00,5.142956348249516196e+00,5.813776741499452783e+00,3.801315561749642136e+00,4.024922359499621294e+00,4.248529157249600452e+00,4.024922359499621294e+00,4.248529157249600452e+00,4.472135954999579610e+00,3.577708763999663422e+00,4.024922359499621294e+00,2.683281572999747677e+00,8.944271909999158554e-01,-2.236067977499789639e-01,4.472135954999579277e-01,1.118033988749894903e+00,1.565247584249852775e+00,-4.472135954999579277e-01,4.472135954999579277e-01,2.459674775249768519e+00,1.118033988749894903e+00,8.944271909999158554e-01,-6.708203932499369193e-01,-2.236067977499789639e-01,-6.708203932499369193e-01,0.000000000000000000e+00,8.944271909999158554e-01,1.341640786499873839e+00,2.012461179749810647e+00,2.012461179749810647e+00,6.708203932499369193e-01,-4.472135954999579277e-01,0.000000000000000000e+00,-1.788854381999831711e+00,-6.708203932499369193e-01,-1.118033988749894903e+00,6.708203932499369193e-01,2.236067977499789639e-01,1.118033988749894903e+00,-6.708203932499369193e-01,-1.565247584249852775e+00,-2.683281572999747677e+00,-2.012461179749810647e+00,-1.788854381999831711e+00,-2.012461179749810647e+00,-4.024922359499621294e+00,-6.931810730249347685e+00,-4.248529157249600452e+00,-4.024922359499621294e+00,-5.142956348249516196e+00,-2.459674775249768519e+00,-1.788854381999831711e+00,-3.130495168499705549e+00,-2.906888370749726391e+00,-4.248529157249600452e+00,-5.366563145999495354e+00,-4.695742752749557880e+00,-3.354101966249684263e+00,-2.459674775249768519e+00,-1.565247584249852775e+00,-1.565247584249852775e+00,-2.906888370749726391e+00,-3.354101966249684263e+00,-4.695742752749557880e+00,-5.590169943749473624e+00,-5.142956348249516196e+00,-4.248529157249600452e+00,-3.801315561749642136e+00,-4.919349550499537038e+00,-5.142956348249516196e+00,-5.142956348249516196e+00,-3.354101966249684263e+00,-4.472135954999579610e+00,-4.919349550499537038e+00,-5.590169943749473624e+00,-5.590169943749473624e+00,-5.590169943749473624e+00,-6.484597134749389369e+00,-6.484597134749389369e+00,-3.577708763999663422e+00,-5.813776741499452783e+00,-4.472135954999579610e+00,-4.919349550499537038e+00,-7.602631123499284271e+00,-6.931810730249347685e+00,-8.273451516749220858e+00,-9.167878707749137490e+00,-1.006230589874905235e+01,-1.118033988749894725e+01,-1.162755348299890557e+01,-8.497058314499200904e+00,-5.813776741499452783e+00,-6.708203932499368527e+00,-5.142956348249516196e+00,-5.366563145999495354e+00,-4.248529157249600452e+00,-4.695742752749557880e+00,-4.024922359499621294e+00,-2.459674775249768519e+00,-3.130495168499705549e+00,-2.459674775249768519e+00,-8.944271909999158554e-01,-2.236067977499789639e-01,6.708203932499369193e-01,0.000000000000000000e+00,-1.118033988749894903e+00,-8.944271909999158554e-01,-6.708203932499369193e-01,2.236067977499789639e-01,-4.472135954999579277e-01,-2.236067977499789639e-01,-2.012461179749810647e+00,-2.459674775249768519e+00,-2.459674775249768519e+00,2.236067977499789639e-01,4.472135954999579277e-01,1.118033988749894903e+00,-2.012461179749810647e+00,-1.565247584249852775e+00,-1.341640786499873839e+00,-3.354101966249684263e+00,-3.354101966249684263e+00,-3.801315561749642136e+00,-3.577708763999663422e+00,-4.248529157249600452e+00,-5.590169943749473624e+00,-3.577708763999663422e+00,-1.341640786499873839e+00,4.472135954999579277e-01,4.472135954999579277e-01,2.012461179749810647e+00,1.118033988749894903e+00,8.944271909999158554e-01,1.341640786499873839e+00,0.000000000000000000e+00,-6.708203932499369193e-01,-8.944271909999158554e-01,2.236067977499789639e-01,2.683281572999747677e+00,2.012461179749810647e+00,3.130495168499705549e+00,3.130495168499705549e+00,4.024922359499621294e+00,5.590169943749473624e+00,4.919349550499537038e+00,3.577708763999663422e+00,2.906888370749726391e+00,4.248529157249600452e+00,4.919349550499537038e+00,6.484597134749389369e+00,5.142956348249516196e+00,3.801315561749642136e+00,2.012461179749810647e+00,1.565247584249852775e+00,3.354101966249684263e+00,2.683281572999747677e+00,2.236067977499789805e+00,2.683281572999747677e+00,1.118033988749894903e+00,0.000000000000000000e+00,6.708203932499369193e-01,0.000000000000000000e+00,0.000000000000000000e+00,-8.944271909999158554e-01,-2.236067977499789639e-01,0.000000000000000000e+00,0.000000000000000000e+00,1.118033988749894903e+00,6.708203932499369193e-01,2.236067977499789805e+00,2.906888370749726391e+00,3.354101966249684263e+00,2.012461179749810647e+00,2.459674775249768519e+00,3.354101966249684263e+00,3.354101966249684263e+00,4.024922359499621294e+00,4.248529157249600452e+00,5.142956348249516196e+00,4.024922359499621294e+00,5.366563145999495354e+00,4.024922359499621294e+00,2.683281572999747677e+00,2.459674775249768519e+00,2.012461179749810647e+00,2.236067977499789639e-01,-6.708203932499369193e-01,-1.118033988749894903e+00,-2.236067977499789639e-01,2.236067977499789639e-01,2.236067977499789639e-01,-8.944271909999158554e-01,-8.944271909999158554e-01,-1.788854381999831711e+00,-1.565247584249852775e+00,-2.236067977499789639e-01,-2.236067977499789805e+00,-1.788854381999831711e+00,-1.788854381999831711e+00,-2.012461179749810647e+00,-1.788854381999831711e+00,-1.341640786499873839e+00,-6.708203932499369193e-01,-4.472135954999579277e-01,2.012461179749810647e+00,3.801315561749642136e+00,4.695742752749557880e+00,4.919349550499537038e+00,5.142956348249516196e+00,4.695742752749557880e+00,4.024922359499621294e+00,3.354101966249684263e+00,2.683281572999747677e+00,4.248529157249600452e+00,2.906888370749726391e+00,2.459674775249768519e+00,3.130495168499705549e+00,4.472135954999579610e+00,3.577708763999663422e+00,2.459674775249768519e+00,2.683281572999747677e+00,3.130495168499705549e+00,1.788854381999831711e+00,1.118033988749894903e+00,6.708203932499369193e-01,-2.236067977499789639e-01,-8.944271909999158554e-01,-2.236067977499789639e-01,-6.708203932499369193e-01,-6.708203932499369193e-01,-6.708203932499369193e-01,-6.708203932499369193e-01,2.236067977499789639e-01,-2.236067977499789639e-01,2.236067977499789639e-01,2.236067977499789639e-01,4.472135954999579277e-01,3.577708763999663422e+00,2.236067977499789805e+00,3.577708763999663422e+00,2.906888370749726391e+00,4.248529157249600452e+00,3.801315561749642136e+00,3.801315561749642136e+00,3.354101966249684263e+00,4.024922359499621294e+00,4.919349550499537038e+00,6.484597134749389369e+00,7.155417527999326843e+00,5.813776741499452783e+00,7.155417527999326843e+00,5.590169943749473624e+00,7.379024325749306001e+00,7.155417527999326843e+00,6.037383539249431941e+00,7.379024325749306001e+00,6.260990336999411099e+00,6.484597134749389369e+00,6.260990336999411099e+00,4.024922359499621294e+00,3.130495168499705549e+00,2.012461179749810647e+00,1.341640786499873839e+00,2.012461179749810647e+00,3.130495168499705549e+00,2.236067977499789805e+00,3.130495168499705549e+00,4.695742752749557880e+00,5.590169943749473624e+00,4.472135954999579610e+00,3.354101966249684263e+00,1.565247584249852775e+00,4.472135954999579277e-01,2.012461179749810647e+00,-1.118033988749894903e+00,-6.708203932499369193e-01,8.944271909999158554e-01,6.708203932499369193e-01,2.012461179749810647e+00,8.944271909999158554e-01,1.788854381999831711e+00,2.683281572999747677e+00,2.236067977499789805e+00,1.788854381999831711e+00,-4.472135954999579277e-01,-8.944271909999158554e-01,4.472135954999579277e-01,-2.236067977499789639e-01,-6.708203932499369193e-01,8.944271909999158554e-01,1.565247584249852775e+00,0.000000000000000000e+00,-1.118033988749894903e+00,-4.695742752749557880e+00,-5.366563145999495354e+00,-4.695742752749557880e+00,-3.130495168499705549e+00,-2.683281572999747677e+00,-1.118033988749894903e+00,0.000000000000000000e+00,-2.012461179749810647e+00,-2.012461179749810647e+00,1.341640786499873839e+00,3.354101966249684263e+00,4.695742752749557880e+00,4.695742752749557880e+00,3.801315561749642136e+00,3.130495168499705549e+00,4.695742752749557880e+00,5.366563145999495354e+00,4.695742752749557880e+00,3.130495168499705549e+00,2.683281572999747677e+00,3.577708763999663422e+00,2.012461179749810647e+00,2.459674775249768519e+00,3.354101966249684263e+00,1.341640786499873839e+00,1.341640786499873839e+00,2.236067977499789639e-01,1.118033988749894903e+00,4.472135954999579277e-01,8.944271909999158554e-01,-2.236067977499789639e-01,2.012461179749810647e+00,2.236067977499789805e+00,1.565247584249852775e+00,8.944271909999158554e-01,-1.341640786499873839e+00,-4.024922359499621294e+00,-4.695742752749557880e+00,-3.577708763999663422e+00,-4.919349550499537038e+00,-4.248529157249600452e+00,-4.472135954999579610e+00,-4.919349550499537038e+00,-4.248529157249600452e+00,-5.813776741499452783e+00,-5.590169943749473624e+00,-4.248529157249600452e+00,-3.354101966249684263e+00,-3.577708763999663422e+00,-2.906888370749726391e+00,-2.459674775249768519e+00,-1.788854381999831711e+00,-3.130495168499705549e+00,-2.459674775249768519e+00,-2.012461179749810647e+00,-4.472135954999579610e+00,-2.459674775249768519e+00
-1.341640786499873839e+00,0.000000000000000000e+00,-1.118033988749894903e+00,4.472135954999579277e-01,0.000000000000000000e+00,1.118033988749894903e+00,4.472135954999579277e-01,4.472135954999579277e-01,2.683281572999747677e+00,6.708203932499369193e-01,8.944271909999158554e-01,1.118033988749894903e+00,1.118033988749894903e+00,1.341640786499873839e+00,1.565247584249852775e+00,1.118033988749894903e+00,2.236067977499789639e-01,0.000000000000000000e+00,0.000000000000000000e+00,2.459674775249768519e+00,1.118033988749894903e+00,-8.944271909999158554e-01,-8.944271909999158554e-01,-2.012461179749810647e+00,-8.944271909999158554e-01,6.708203932499369193e-01,1.118033988749894903e+00,2.236067977499789639e-01,1.118033988749894903e+00,2.012461179749810647e+00,2.012461179749810647e+00,3.577708763999663422e+00,4.472135954999579610e+00,2.906888370749726391e+00,1.118033988749894903e+00,1.118033988749894903e+00,-4.472135954999579277e-01,-2.459674775249768519e+00,-2.236067977499789805e+00,-3.577708763999663422e+00,-3.354101966249684263e+00,-3.130495168499705549e+00,-4.024922359499621294e+00,-4.472135954999579610e+00,-4.024922359499621294e+00,-3.130495168499705549e+00,-1.341640786499873839e+00,-2.236067977499789639e-01,1.341640786499873839e+00,1.341640786499873839e+00,2.459674775249768519e+00,2.236067977499789805e+00,8.944271909999158554e-01,-6.708203932499369193e-01,-2.236067977499789805e+00,-1.788854381999831711e+00,-1.565247584249852775e+00,0.000000000000000000e+00,-1.341640786499873839e+00,-2.012461179749810647e+00,-2.683281572999747677e+00,-1.565247584249852775e+00,-1.565247584249852775e+00,-2.012461179749810647e+00,-1.788854381999831711e+00,-4.024922359499621294e+00,-8.944271909999158554e-01,-2.236067977499789639e-01,-4.472135954999579277e-01,-4.472135954999579277e-01,1.788854381999831711e+00,2.012461179749810647e+00,2.236067977499789805e+00,4.248529157249600452e+00,3.577708763999663422e+00,4.472135954999579610e+00,4.472135954999579610e+00,2.906888370749726391e+00,2.906888370749726391e+00,4.024922359499621294e+00,5.590169943749473624e+00,3.130495168499705549e+00,3.354101966249684263e+00,3.354101966249684263e+00,3.130495168499705549e+00,2.906888370749726391e+00,4.472135954999579610e+00,4.248529157249600452e+00,4.248529157249600452e+00,4.919349550499537038e+00,6.708203932499368527e+00,5.813776741499452783e+00,3.577708763999663422e+00,4.472135954999579610e+00,3.577708763999663422e+00,4.248529157249600452e+00,3.130495168499705549e+00,4.695742752749557880e+00,4.695742752749557880e+00,2.683281572999747677e+00,2.683281572999747677e+00,1.118033988749894903e+00,1.341640786499873839e+00,0.000000000000000000e+00,8.944271909999158554e-01,1.565247584249852775e+00,1.118033988749894903e+00,1.341640786499873839e+00,2.459674775249768519e+00,3.577708763999663422e+00,3.130495168499705549e+00,2.012461179749810647e+00,2.683281572999747677e+00,2.459674775249768519e+00,1.118033988749894903e+00,-2.236067977499789639e-01,-4.472135954999579277e-01,-1.341640786499873839e+00,-6.708203932499369193e-01,-4.472135954999579277e-01,8.944271909999158554e-01,1.118033988749894903e+00,4.472135954999579610e+00,2.683281572999747677e+00,2.683281572999747677e+00,2.906888370749726391e+00,2.236067977499789805e+00,3.354101966249684263e+00,2.683281572999747677e+00,2.683281572999747677e+00,2.906888370749726391e+00,2.459674775249768519e+00,3.354101966249684263e+00,3.130495168499705549e+00,3.801315561749642136e+00,3.801315561749642136e+00,3.577708763999663422e+00,4.472135954999579610e+00,4.472135954999579610e+00,4.024922359499621294e+00,2.906888370749726391e+00,2.012461179749810647e+00,1.565247584249852775e+00,6.037383539249431941e+00,5.590169943749473624e+00,6.484597134749389369e+00,5.366563145999495354e+00,4.919349550499537038e+00,3.801315561749642136e+00,2.012461179749810647e+00,2.236067977499789805e+00,1.565247584249852775e+00,2.683281572999747677e+00,1.118033988749894903e+00,8.944271909999158554e-01,-1.118033988749894903e+00,-1.788854381999831711e+00,-2.459674775249768519e+00,-3.801315561749642136e+00,-2.236067977499789805e+00,-3.577708763999663422e+00,-5.813776741499452783e+00,-4.695742752749557880e+00,-4.248529157249600452e+00,-1.565247584249852775e+00,-6.708203932499369193e-01,0.000000000000000000e+00,6.708203932499369193e-01,0.000000000000000000e+00,1.341640786499873839e+00,3.354101966249684263e+00,2.906888370749726391e+00,2.012461179749810647e+00,2.683281572999747677e+00,6.708203932499369193e-01,2.236067977499789639e-01,3.577708763999663422e+00,1.118033988749894903e+00,6.708203932499369193e-01,4.472135954999579277e-01,0.000000000000000000e+00,0.000000000000000000e+00,1.565247584249852775e+00,2.012461179749810647e+00,6.708203932499369193e-01,6.708203932499369193e-01,6.708203932499369193e-01,6.708203932499369193e-01,2.236067977499789639e-01,1.118033988749894903e+00,2.236067977499789639e-01,-1.341640786499873839e+00,-1.118033988749894903e+00,0.000000000000000000e+00,1.341640786499873839e+00,2.236067977499789805e+00,1.118033988749894903e+00,-6.708203932499369193e-01,1.341640786499873839e+00,1.565247584249852775e+00,3.130495168499705549e+00,3.577708763999663422e+00,2.459674775249768519e+00,2.459674775249768519e+00,2.012461179749810647e+00,4.024922359499621294e+00,2.459674775249768519e+00,2.459674775249768519e+00,1.118033988749894903e+00,3.130495168499705549e+00,2.683281572999747677e+00,4.472135954999579610e+00,4.695742752749557880e+00,3.354101966249684263e+00,2.906888370749726391e+00,1.788854381999831711e+00,1.118033988749894903e+00,-6.708203932499369193e-01,-8.944271909999158554e-01,-1.341640786499873839e+00,0.000000000000000000e+00,-2.012461179749810647e+00,-2.683281572999747677e+00,-2.459674775249768519e+00,-3.801315561749642136e+00,-1.118033988749894903e+00,-2.236067977499789805e+00,-3.801315561749642136e+00,-3.577708763999663422e+00,-3.354101966249684263e+00,-3.354101966249684263e+00,0.000000000000000000e+00,-1.341640786499873839e+00,-2.459674775249768519e+00,-1.788854381999831711e+00,-2.236067977499789805e+00,-2.012461179749810647e+00,-1.118033988749894903e+00,-8.944271909999158554e-01,-2.236067977499789639e-01,6.708203932499369193e-01,2.459674775249768519e+00,2.906888370749726391e+00,2.012461179749810647e+00,1.788854381999831711e+00,2.236067977499789805e+00,1.565247584249852775e+00,2.459674775249768519e+00,2.012461179749810647e+00,2.906888370749726391e+00,3.130495168499705549e+00,3.354101966249684263e+00,3.801315561749642136e+00,4.919349550499537038e+00,3.577708763999663422e+00,3.354101966249684263e+00,3.801315561749642136e+00,4.472135954999579610e+00,3.577708763999663422e+00,2.906888370749726391e+00,4.024922359499621294e+00,4.024922359499621294e+00,4.248529157249600452e+00,2.236067977499789805e+00,1.118033988749894903e+00,6.708203932499369193e-01,1.118033988749894903e+00,1.788854381999831711e+00,1.565247584249852775e+00,2.236067977499789805e+00,4.472135954999579277e-01,2.012461179749810647e+00,1.788854381999831711e+00,4.695742752749557880e+00,2.459674775249768519e+00,2.236067977499789805e+00,4.024922359499621294e+00,3.130495168499705549e+00,4.024922359499621294e+00,4.919349550499537038e+00,4.024922359499621294e+00,4.919349550499537038e+00,3.801315561749642136e+00,2.236067977499789805e+00,2.683281572999747677e+00,3.354101966249684263e+00,2.012461179749810647e+00,1.788854381999831711e+00,1.341640786499873839e+00,2.236067977499789639e-01,0.000000000000000000e+00,0.000000000000000000e+00,1.788854381999831711e+00,1.118033988749894903e+00,8.944271909999158554e-01,0.000000000000000000e+00,-2.236067977499789639e-01,-1.565247584249852775e+00,-4.472135954999579277e-01,0.000000000000000000e+00,-2.236067977499789639e-01,-1.788854381999831711e+00,-3.354101966249684263e+00,-5.142956348249516196e+00,-5.590169943749473624e+00,-5.366563145999495354e+00,-4.695742752749557880e+00,-3.801315561749642136e+00,-5.590169943749473624e+00,-6.260990336999411099e+00,-6.260990336999411099e+00,-5.366563145999495354e+00,-6.931810730249347685e+00,-5.590169943749473624e+00,-5.142956348249516196e+00,-7.379024325749306001e+00,-6.260990336999411099e+00,-6.037383539249431941e+00,-4.695742752749557880e+00,-3.801315561749642136e+00,-2.906888370749726391e+00,-4.024922359499621294e+00,-4.695742752749557880e+00,-5.590169943749473624e+00,-5.813776741499452783e+00,-4.248529157249600452e+00,-2.459674775249768519e+00,-2.683281572999747677e+00,-2.459674775249768519e+00,-4.472135954999579277e-01,-6.708203932499369193e-01,-8.944271909999158554e-01,-2.012461179749810647e+00,-1.118033988749894903e+00,-2.012461179749810647e+00,-1.788854381999831711e+00,-1.565247584249852775e+00,-2.906888370749726391e+00,-1.788854381999831711e+00,-1.788854381999831711e+00,-1.341640786499873839e+00,0.000000000000000000e+00,-6.708203932499369193e-01,-1.118033988749894903e+00,-1.788854381999831711e+00,-1.788854381999831711e+00,-1.788854381999831711e+00,4.472135954999579277e-01,1.788854381999831711e+00,4.248529157249600452e+00,1.341640786499873839e+00,2.236067977499789639e-01,-1.341640786499873839e+00,-1.341640786499873839e+00,-6.708203932499369193e-01,-1.118033988749894903e+00,2.236067977499789639e-01,1.788854381999831711e+00,1.118033988749894903e+00,2.236067977499789805e+00,6.708203932499369193e-01,-4.472135954999579277e-01,-1.788854381999831711e+00,-2.459674775249768519e+00,-2.236067977499789805e+00,-2.459674775249768519e+00,2.236067977499789639e-01,2.236067977499789639e-01,1.788854381999831711e+00,2.012461179749810647e+00,0.000000000000000000e+00,-2.459674775249768519e+00,-2.236067977499789805e+00,-2.459674775249768519e+00,-2.683281572999747677e+00,-4.472135954999579610e+00,-4.024922359499621294e+00,-4.248529157249600452e+00,-5.142956348249516196e+00,-3.577708763999663422e+00,-4.024922359499621294e+00,-1.788854381999831711e+00,2.236067977499789805e+00,4.472135954999579277e-01,6.708203932499369193e-01,2.236067977499789639e-01,8.944271909999158554e-01,8.944271909999158554e-01,1.341640786499873839e+00,2.459674775249768519e+00,3.577708763999663422e+00,2.683281572999747677e+00,1.341640786499873839e+00,-1.341640786499873839e+00,-3.354101966249684263e+00,-3.130495168499705549e+00,-2.236067977499789805e+00,-1.118033988749894903e+00,-4.472135954999579277e-01,-1.118033988749894903e+00,-1.341640786499873839e+00,1.118033988749894903e+00,6.708203932499369193e-01,2.236067977499789639e-01,1.341640786499873839e+00,2.012461179749810647e+00,2.236067977499789805e+00,3.130495168499705549e+00,2.459674775249768519e+00,2.683281572999747677e+00,1.788854381999831711e+00,1.565247584249852775e+00,6.708203932499369193e-01,-4.472135954999579277e-01,-1.341640786499873839e+00,-2.012461179749810647e+00,-1.341640786499873839e+00,-8.944271909999158554e-01,4.472135954999579277e-01,2.236067977499789805e+00,1.341640786499873839e+00,1.565247584249852775e+00,1.565247584249852775e+00,3.130495168499705549e+00,3.130495168499705549e+00,2.459674775249768519e+00,2.683281572999747677e+00,3.130495168499705549e+00,4.248529157249600452e+00,5.366563145999495354e+00,4.695742752749557880e+00,5.142956348249516196e+00,6.037383539249431941e+00,5.366563145999495354e+00,4.695742752749557880e+00,3.577708763999663422e+00,1.788854381999831711e+00,1.565247584249852775e+00,1.341640786499873839e+00,1.565247584249852775e+00,0.000000000000000000e+00,-1.341640786499873839e+00,-1.118033988749894903e+00,1.118033988749894903e+00,2.012461179749810647e+00,2.683281572999747677e+00,4.919349550499537038e+00,4.919349550499537038e+00,5.366563145999495354e+00,6.708203932499368527e+00,5.813776741499452783e+00,6.037383539249431941e+00,3.801315561749642136e+00,3.130495168499705549e+00,3.130495168499705549e+00,1.788854381999831711e+00,0.000000000000000000e+00,-2.236067977499789805e+00,-2.906888370749726391e+00,-4.024922359499621294e+00,-4.695742752749557880e+00,-4.695742752749557880e+00,-2.906888370749726391e+00,-2.012461179749810647e+00,-4.024922359499621294e+00,-3.130495168499705549e+00,-2.459674775249768519e+00,-2.236067977499789805e+00,-2.012461179749810647e+00,-1.341640786499873839e+00,-8.944271909999158554e-01,-4.472135954999579277e-01,0.000000000000000000e+00,1.118033988749894903e+00,-4.472135954999579277e-01,-2.236067977499789639e-01,-1.118033988749894903e+00,-2.459674775249768519e+00,-8.944271909999158554e-01,1.118033988749894903e+00,1.788854381999831711e+00,3.577708763999663422e+00,1.565247584249852775e+00,3.577708763999663422e+00,2.236067977499789805e+00,6.708203932499369193e-01,1.118033988749894903e+00,1.565247584249852775e+00,1.788854381999831711e+00,2.906888370749726391e+00,2.012461179749810647e+00,1.118033988749894903e+00,1.565247584249852775e+00,3.577708763999663422e+00,2.906888370749726391e+00,2.906888370749726391e+00,-8.944271909999158554e-01,-2.012461179749810647e+00,-6.708203932499369193e-01,-2.236067977499789639e-01
-1.341640786499873839e+00,-1.788854381999831711e+00,-1.565247584249852775e+00,-1.788854381999831711e+00,2.012461179749810647e+00,1.788854381999831711e+00,3.130495168499705549e+00,1.341640786499873839e+00,1.341640786499873839e+00,3.130495168499705549e+00,2.012461179749810647e+00,1.118033988749894903e+00,1.788854381999831711e+00,8.944271909999158554e-01,8.944271909999158554e-01,-8.944271909999158554e-01,0.000000000000000000e+00,4.472135954999579277e-01,-8.944271909999158554e-01,-2.236067977499789639e-01,-1.118033988749894903e+00,0.000000000000000000e+00,-2.236067977499789805e+00,-4.024922359499621294e+00,-2.683281572999747677e+00,-4.024922359499621294e+00,-2.683281572999747677e+00,-2.459674775249768519e+00,-1.341640786499873839e+00,4.472135954999579277e-01,8.944271909999158554e-01,1.565247584249852775e+00,2.459674775249768519e+00,2.012461179749810647e+00,2.906888370749726391e+00,3.130495168499705549e+00,8.944271909999158554e-01,1.341640786499873839e+00,6.708203932499369193e-01,-4.472135954999579277e-01,1.118033988749894903e+00,8.944271909999158554e-01,1.118033988749894903e+00,2.012461179749810647e+00,2.236067977499789805e+00,2.012461179749810647e+00,2.236067977499789805e+00,1.341640786499873839e+00,1.118033988749894903e+00,-4.472135954999579277e-01,-1.341640786499873839e+00,-6.708203932499369193e-01,4.472135954999579277e-01,-2.236067977499789639e-01,0.000000000000000000e+00,-6.708203932499369193e-01,-1.118033988749894903e+00,-6.708203932499369193e-01,-2.236067977499789639e-01,-1.341640786499873839e+00,-2.459674775249768519e+00,-3.354101966249684263e+00,-2.012461179749810647e+00,-1.341640786499873839e+00,-2.459674775249768519e+00,-2.012461179749810647e+00,-8.944271909999158554e-01,-6.708203932499369193e-01,-1.118033988749894903e+00,-1.341640786499873839e+00,-8.944271909999158554e-01,-1.341640786499873839e+00,-8.944271909999158554e-01,-6.708203932499369193e-01,-4.472135954999579277e-01,0.000000000000000000e+00,8.944271909999158554e-01,1.788854381999831711e+00,8.944271909999158554e-01,2.012461179749810647e+00,2.236067977499789639e-01,-1.788854381999831711e+00,-1.341640786499873839e+00,-1.341640786499873839e+00,-2.012461179749810647e+00,-2.236067977499789639e-01,1.118033988749894903e+00,3.577708763999663422e+00,3.130495168499705549e+00,2.012461179749810647e+00,8.944271909999158554e-01,1.118033988749894903e+00,2.012461179749810647e+00,1.118033988749894903e+00,-8.944271909999158554e-01,1.341640786499873839e+00,-1.341640786499873839e+00,-1.565247584249852775e+00,-1.565247584249852775e+00,-2.236067977499789805e+00,-1.565247584249852775e+00,-2.012461179749810647e+00,-2.459674775249768519e+00,-2.012461179749810647e+00,-2.459674775249768519e+00,-1.788854381999831711e+00,-1.118033988749894903e+00,-1.565247584249852775e+00,-2.459674775249768519e+00,-2.236067977499789805e+00,-2.012461179749810647e+00,-1.565247584249852775e+00,-1.118033988749894903e+00,4.472135954999579277e-01,-2.236067977499789639e-01,-6.708203932499369193e-01,2.012461179749810647e+00,2.236067977499789805e+00,2.459674775249768519e+00,2.012461179749810647e+00,2.236067977499789805e+00,1.118033988749894903e+00,6.708203932499369193e-01,4.472135954999579277e-01,8.944271909999158554e-01,2.236067977499789805e+00,4.472135954999579277e-01,1.341640786499873839e+00,2.012461179749810647e+00,2.012461179749810647e+00,1.788854381999831711e+00,3.130495168499705549e+00,4.248529157249600452e+00,3.577708763999663422e+00,4.919349550499537038e+00,4.024922359499621294e+00,4.248529157249600452e+00,4.248529157249600452e+00,4.024922359499621294e+00,2.683281572999747677e+00,2.012461179749810647e+00,1.341640786499873839e+00,2.683281572999747677e+00,1.788854381999831711e+00,2.459674775249768519e+00,3.354101966249684263e+00,3.577708763999663422e+00,4.695742752749557880e+00,6.260990336999411099e+00,5.366563145999495354e+00,4.472135954999579610e+00,1.341640786499873839e+00,2.906888370749726391e+00,3.354101966249684263e+00,1.788854381999831711e+00,2.236067977499789805e+00,1.341640786499873839e+00,2.236067977499789639e-01,-1.118033988749894903e+00,-8.944271909999158554e-01,-1.788854381999831711e+00,-3.354101966249684263e+00,-1.341640786499873839e+00,-6.708203932499369193e-01,-1.118033988749894903e+00,0.000000000000000000e+00,2.236067977499789639e-01,-6.708203932499369193e-01,-2.236067977499789639e-01,0.000000000000000000e+00,1.341640786499873839e+00,3.130495168499705549e+00,2.683281572999747677e+00,2.236067977499789805e+00,8.944271909999158554e-01,1.565247584249852775e+00,2.906888370749726391e+00,3.354101966249684263e+00,4.919349550499537038e+00,6.037383539249431941e+00,5.813776741499452783e+00,5.813776741499452783e+00,2.683281572999747677e+00,1.788854381999831711e+00,6.708203932499369193e-01,1.341640786499873839e+00,2.012461179749810647e+00,4.472135954999579610e+00,2.012461179749810647e+00,8.944271909999158554e-01,1.118033988749894903e+00,1.118033988749894903e+00,2.906888370749726391e+00,1.565247584249852775e+00,2.236067977499789639e-01,4.472135954999579277e-01,1.565247584249852775e+00,-4.472135954999579277e-01,2.236067977499789639e-01,-6.708203932499369193e-01,-1.341640786499873839e+00,-1.341640786499873839e+00,-1.341640786499873839e+00,6.708203932499369193e-01,-8.944271909999158554e-01,2.236067977499789639e-01,6.708203932499369193e-01,2.236067977499789639e-01,6.708203932499369193e-01,2.236067977499789805e+00,1.788854381999831711e+00,2.012461179749810647e+00,1.341640786499873839e+00,8.944271909999158554e-01,6.708203932499369193e-01,1.788854381999831711e+00,1.565247584249852775e+00,1.341640786499873839e+00,6.708203932499369193e-01,2.906888370749726391e+00,4.024922359499621294e+00,2.459674775249768519e+00,2.683281572999747677e+00,2.236067977499789805e+00,2.459674775249768519e+00,2.906888370749726391e+00,1.788854381999831711e+00,1.565247584249852775e+00,1.788854381999831711e+00,1.341640786499873839e+00,8.944271909999158554e-01,2.236067977499789805e+00,1.118033988749894903e+00,1.788854381999831711e+00,1.341640786499873839e+00,8.944271909999158554e-01,1.341640786499873839e+00,-1.341640786499873839e+00,-4.472135954999579277e-01,-1.565247584249852775e+00,-2.236067977499789639e-01,-1.341640786499873839e+00,-4.472135954999579277e-01,1.565247584249852775e+00,3.577708763999663422e+00,2.459674775249768519e+00,2.012461179749810647e+00,0.000000000000000000e+00,-1.565247584249852775e+00,-2.683281572999747677e+00,-3.354101966249684263e+00,-3.801315561749642136e+00,-2.236067977499789805e+00,-2.012461179749810647e+00,-2.906888370749726391e+00,-4.248529157249600452e+00,-4.024922359499621294e+00,-3.354101966249684263e+00,-3.577708763999663422e+00,-4.472135954999579610e+00,-4.472135954999579610e+00,-3.354101966249684263e+00,-2.906888370749726391e+00,-1.341640786499873839e+00,-2.236067977499789805e+00,-2.683281572999747677e+00,-2.906888370749726391e+00,-2.459674775249768519e+00,-1.788854381999831711e+00,-2.683281572999747677e+00,-4.024922359499621294e+00,-3.577708763999663422e+00,-4.024922359499621294e+00,-1.341640786499873839e+00,0.000000000000000000e+00,1.341640786499873839e+00,2.236067977499789805e+00,3.354101966249684263e+00,3.801315561749642136e+00,3.801315561749642136e+00,3.801315561749642136e+00,2.459674775249768519e+00,4.695742752749557880e+00,5.590169943749473624e+00,5.590169943749473624e+00,5.590169943749473624e+00,3.801315561749642136e+00,3.354101966249684263e+00,2.236067977499789805e+00,2.012461179749810647e+00,1.118033988749894903e+00,-1.341640786499873839e+00,-2.459674775249768519e+00,-2.459674775249768519e+00,-3.577708763999663422e+00,-2.236067977499789805e+00,-2.236067977499789805e+00,-1.788854381999831711e+00,-4.024922359499621294e+00,-3.577708763999663422e+00,-3.801315561749642136e+00,-1.788854381999831711e+00,-1.341640786499873839e+00,0.000000000000000000e+00,-4.472135954999579277e-01,1.341640786499873839e+00,2.236067977499789639e-01,-6.708203932499369193e-01,-2.236067977499789639e-01,-2.683281572999747677e+00,-2.459674775249768519e+00,-1.565247584249852775e+00,2.236067977499789639e-01,1.341640786499873839e+00,-1.341640786499873839e+00,-8.944271909999158554e-01,-1.341640786499873839e+00,-2.459674775249768519e+00,-2.236067977499789805e+00,-1.341640786499873839e+00,1.118033988749894903e+00,3.130495168499705549e+00,2.459674775249768519e+00,3.577708763999663422e+00,2.236067977499789805e+00,1.118033988749894903e+00,1.118033988749894903e+00,8.944271909999158554e-01,-4.472135954999579277e-01,-1.341640786499873839e+00,4.472135954999579277e-01,2.236067977499789805e+00,1.788854381999831711e+00,8.944271909999158554e-01,1.341640786499873839e+00,2.012461179749810647e+00,1.788854381999831711e+00,2.236067977499789805e+00,2.236067977499789805e+00,2.683281572999747677e+00,3.354101966249684263e+00,4.695742752749557880e+00,5.142956348249516196e+00,3.801315561749642136e+00,2.906888370749726391e+00,4.695742752749557880e+00,3.801315561749642136e+00,4.248529157249600452e+00,4.472135954999579610e+00,4.024922359499621294e+00,4.472135954999579610e+00,4.695742752749557880e+00,4.248529157249600452e+00,2.906888370749726391e+00,1.565247584249852775e+00,2.012461179749810647e+00,1.565247584249852775e+00,2.236067977499789639e-01,4.472135954999579277e-01,2.906888370749726391e+00,4.472135954999579610e+00,2.012461179749810647e+00,1.565247584249852775e+00,2.459674775249768519e+00,2.012461179749810647e+00,3.130495168499705549e+00,2.459674775249768519e+00,1.788854381999831711e+00,1.788854381999831711e+00,1.341640786499873839e+00,2.012461179749810647e+00,4.248529157249600452e+00,4.472135954999579610e+00,6.708203932499369193e-01,1.118033988749894903e+00,6.708203932499369193e-01,-6.708203932499369193e-01,-8.944271909999158554e-01,1.565247584249852775e+00,2.683281572999747677e+00,1.565247584249852775e+00,3.354101966249684263e+00,2.459674775249768519e+00,8.944271909999158554e-01,6.708203932499369193e-01,1.341640786499873839e+00,2.906888370749726391e+00,3.801315561749642136e+00,1.788854381999831711e+00,1.118033988749894903e+00,2.236067977499789805e+00,2.906888370749726391e+00,2.012461179749810647e+00,2.236067977499789805e+00,1.565247584249852775e+00,3.130495168499705549e+00,1.118033988749894903e+00,8.944271909999158554e-01,-2.236067977499789639e-01,1.565247584249852775e+00,-6.708203932499369193e-01,0.000000000000000000e+00,-8.944271909999158554e-01,2.012461179749810647e+00,3.354101966249684263e+00,1.788854381999831711e+00,6.708203932499369193e-01,8.944271909999158554e-01,2.236067977499789805e+00,1.341640786499873839e+00,2.236067977499789639e-01,0.000000000000000000e+00,-8.944271909999158554e-01,-1.565247584249852775e+00,-6.708203932499369193e-01,-2.683281572999747677e+00,-4.024922359499621294e+00,-3.354101966249684263e+00,-2.906888370749726391e+00,-3.354101966249684263e+00,-2.236067977499789805e+00,-2.459674775249768519e+00,-2.459674775249768519e+00,-4.695742752749557880e+00,-2.906888370749726391e+00,-8.944271909999158554e-01,2.236067977499789639e-01,-2.236067977499789639e-01,2.236067977499789639e-01,-4.472135954999579277e-01,0.000000000000000000e+00,-1.118033988749894903e+00,-1.788854381999831711e+00,-6.708203932499369193e-01,-4.472135954999579277e-01,8.944271909999158554e-01,6.708203932499369193e-01,1.341640786499873839e+00,2.236067977499789805e+00,6.708203932499369193e-01,6.708203932499369193e-01,-2.236067977499789639e-01,-1.565247584249852775e+00,-2.236067977499789805e+00,-1.118033988749894903e+00,-2.236067977499789639e-01,-1.565247584249852775e+00,-1.118033988749894903e+00,-6.708203932499369193e-01,-2.236067977499789805e+00,-2.236067977499789639e-01,2.236067977499789805e+00,2.012461179749810647e+00,2.236067977499789805e+00,3.130495168499705549e+00,3.577708763999663422e+00,4.472135954999579610e+00,2.906888370749726391e+00,2.459674775249768519e+00,2.236067977499789805e+00,2.236067977499789805e+00,2.906888370749726391e+00,2.236067977499789805e+00,3.130495168499705549e+00,1.565247584249852775e+00,1.788854381999831711e+00,2.236067977499789639e-01,-2.012461179749810647e+00,-2.459674775249768519e+00,-1.565247584249852775e+00,-1.788854381999831711e+00,-2.683281572999747677e+00,-2.683281572999747677e+00,-3.130495168499705549e+00,-2.012461179749810647e+00,-1.788854381999831711e+00,1.341640786499873839e+00,1.118033988749894903e+00,-6.708203932499369193e-01,-6.708203932499369193e-01,-1.341640786499873839e+00,-2.683281572999747677e+00,-2.906888370749726391e+00,-2.906888370749726391e+00,-1.565247584249852775e+00,-6.708203932499369193e-01,6.708203932499369193e-01,-6.708203932499369193e-01,-4.248529157249600452e+00,-3.801315561749642136e+00,-4.919349550499537038e+00,-2.906888370749726391e+00,-1.565247584249852775e+00,-2.012461179749810647e+00,-3.130495168499705549e+00,-4.248529157249600452e+00,-4.024922359499621294e+00,-2.906888370749726391e+00,-3.354101966249684263e+00,-4.919349550499537038e+00
-1.788854381999831711e+00,-6.708203932499369193e-01,-1.341640786499873839e+00,-1.341640786499873839e+00,-2.012461179749810647e+00,-2.906888370749726391e+00,-3.577708763999663422e+00,-2.459674775249768519e+00,-2.012461179749810647e+00,-2.906888370749726391e+00,-1.565247584249852775e+00,-2.906888370749726391e+00,-3.801315561749642136e+00,-2.236067977499789805e+00,-1.118033988749894903e+00,2.236067977499789639e-01,8.944271909999158554e-01,4.472135954999579277e-01,4.472135954999579277e-01,-1.118033988749894903e+00,-2.012461179749810647e+00,-1.788854381999831711e+00,-1.341640786499873839e+00,-1.118033988749894903e+00,-1.118033988749894903e+00,2.236067977499789639e-01,-8.944271909999158554e-01,-1.565247584249852775e+00,-3.130495168499705549e+00,-2.459674775249768519e+00,-2.906888370749726391e+00,-1.118033988749894903e+00,-2.012461179749810647e+00,-4.472135954999579277e-01,6.708203932499369193e-01,1.341640786499873839e+00,1.341640786499873839e+00,1.565247584249852775e+00,1.788854381999831711e+00,6.708203932499369193e-01,8.944271909999158554e-01,4.472135954999579277e-01,6.708203932499369193e-01,2.012461179749810647e+00,2.236067977499789805e+00,2.012461179749810647e+00,1.565247584249852775e+00,2.012461179749810647e+00,2.236067977499789805e+00,2.012461179749810647e+00,1.118033988749894903e+00,-4.472135954999579277e-01,0.000000000000000000e+00,-1.788854381999831711e+00,0.000000000000000000e+00,1.341640786499873839e+00,2.683281572999747677e+00,3.577708763999663422e+00,2.236067977499789805e+00,1.118033988749894903e+00,2.236067977499789639e-01,-2.236067977499789639e-01,-1.788854381999831711e+00,-6.708203932499369193e-01,-2.012461179749810647e+00,-8.944271909999158554e-01,-2.683281572999747677e+00,-8.944271909999158554e-01,4.472135954999579277e-01,-6.708203932499369193e-01,2.236067977499789805e+00,1.565247584249852775e+00,2.236067977499789639e-01,6.708203932499369193e-01,-8.944271909999158554e-01,-1.341640786499873839e+00,-1.341640786499873839e+00,-4.472135954999579277e-01,0.000000000000000000e+00,2.236067977499789639e-01,2.236067977499789639e-01,1.565247584249852775e+00,2.236067977499789639e-01,1.118033988749894903e+00,5.590169943749473624e+00,7.155417527999326843e+00,6.708203932499368527e+00,6.708203932499368527e+00,8.049844718999242588e+00,5.590169943749473624e+00,5.813776741499452783e+00,5.590169943749473624e+00,5.142956348249516196e+00,4.248529157249600452e+00,3.577708763999663422e+00,6.708203932499369193e-01,2.236067977499789639e-01,0.000000000000000000e+00,1.118033988749894903e+00,4.472135954999579277e-01,-8.944271909999158554e-01,-2.012461179749810647e+00,-1.565247584249852775e+00,0.000000000000000000e+00,2.236067977499789639e-01,6.708203932499369193e-01,4.472135954999579277e-01,1.341640786499873839e+00,1.118033988749894903e+00,3.130495168499705549e+00,2.459674775249768519e+00,1.788854381999831711e+00,8.944271909999158554e-01,2.012461179749810647e+00,4.024922359499621294e+00,5.142956348249516196e+00,4.472135954999579610e+00,5.142956348249516196e+00,5.813776741499452783e+00,4.695742752749557880e+00,1.565247584249852775e+00,1.565247584249852775e+00,8.944271909999158554e-01,4.472135954999579277e-01,-1.118033988749894903e+00,-1.788854381999831711e+00,-2.459674775249768519e+00,-2.236067977499789805e+00,-1.788854381999831711e+00,-2.906888370749726391e+00,-2.459674775249768519e+00,-2.683281572999747677e+00,-3.354101966249684263e+00,-4.248529157249600452e+00,-4.248529157249600452e+00,-3.354101966249684263e+00,-3.354101966249684263e+00,-2.236067977499789805e+00,-2.236067977499789805e+00,-3.130495168499705549e+00,-4.472135954999579610e+00,-5.142956348249516196e+00,-6.037383539249431941e+00,-6.484597134749389369e+00,-8.273451516749220858e+00,-8.049844718999242588e+00,-8.944271909999159220e+00,-8.049844718999242588e+00,-6.931810730249347685e+00,-2.906888370749726391e+00,-3.130495168499705549e+00,-3.130495168499705549e+00,-4.472135954999579610e+00,-2.459674775249768519e+00,-3.130495168499705549e+00,-5.590169943749473624e+00,-6.708203932499368527e+00,-5.590169943749473624e+00,-4.024922359499621294e+00,-4.919349550499537038e+00,-2.906888370749726391e+00,-3.354101966249684263e+00,-5.366563145999495354e+00,-5.590169943749473624e+00,-5.590169943749473624e+00,-5.590169943749473624e+00,-5.813776741499452783e+00,-4.472135954999579610e+00,-4.472135954999579610e+00,-2.683281572999747677e+00,-1.788854381999831711e+00,-1.118033988749894903e+00,-6.708203932499369193e-01,-3.354101966249684263e+00,-2.683281572999747677e+00,-2.906888370749726391e+00,-1.565247584249852775e+00,2.236067977499789639e-01,6.708203932499369193e-01,2.683281572999747677e+00,2.012461179749810647e+00,1.788854381999831711e+00,2.236067977499789805e+00,3.354101966249684263e+00,2.236067977499789805e+00,2.459674775249768519e+00,1.788854381999831711e+00,1.341640786499873839e+00,0.000000000000000000e+00,1.118033988749894903e+00,0.000000000000000000e+00,2.236067977499789639e-01,4.472135954999579277e-01,1.118033988749894903e+00,-6.708203932499369193e-01,-2.012461179749810647e+00,-1.341640786499873839e+00,-8.944271909999158554e-01,4.472135954999579277e-01,2.236067977499789639e-01,-1.341640786499873839e+00,-6.708203932499369193e-01,-2.236067977499789639e-01,1.341640786499873839e+00,1.118033988749894903e+00,-4.472135954999579277e-01,0.000000000000000000e+00,1.118033988749894903e+00,8.944271909999158554e-01,4.472135954999579277e-01,2.236067977499789805e+00,2.012461179749810647e+00,3.130495168499705549e+00,2.906888370749726391e+00,3.577708763999663422e+00,5.813776741499452783e+00,5.142956348249516196e+00,4.695742752749557880e+00,5.142956348249516196e+00,6.260990336999411099e+00,7.379024325749306001e+00,8.497058314499200904e+00,8.049844718999242588e+00,7.379024325749306001e+00,6.708203932499368527e+00,5.142956348249516196e+00,2.906888370749726391e+00,4.695742752749557880e+00,4.024922359499621294e+00,3.130495168499705549e+00,3.801315561749642136e+00,4.695742752749557880e+00,2.236067977499789805e+00,2.683281572999747677e+00,3.130495168499705549e+00,1.565247584249852775e+00,1.565247584249852775e+00,3.130495168499705549e+00,3.130495168499705549e+00,2.459674775249768519e+00,0.000000000000000000e+00,1.118033988749894903e+00,2.236067977499789639e-01,1.565247584249852775e+00,0.000000000000000000e+00,-6.708203932499369193e-01,-1.118033988749894903e+00,-1.788854381999831711e+00,-2.012461179749810647e+00,-2.012461179749810647e+00,-2.459674775249768519e+00,-1.118033988749894903e+00,-4.472135954999579277e-01,8.944271909999158554e-01,-8.944271909999158554e-01,-4.472135954999579277e-01,-1.788854381999831711e+00,0.000000000000000000e+00,-3.130495168499705549e+00,-2.012461179749810647e+00,-3.577708763999663422e+00,-4.695742752749557880e+00,-3.577708763999663422e+00,-2.459674775249768519e+00,-1.341640786499873839e+00,2.236067977499789639e-01,-1.118033988749894903e+00,-2.683281572999747677e+00,-1.788854381999831711e+00,-2.459674775249768519e+00,-3.577708763999663422e+00,-5.142956348249516196e+00,-7.155417527999326843e+00,-8.944271909999159220e+00,-7.155417527999326843e+00,-5.590169943749473624e+00,-6.037383539249431941e+00,-5.366563145999495354e+00,-5.590169943749473624e+00,-5.366563145999495354e+00,-3.577708763999663422e+00,-2.236067977499789805e+00,-4.472135954999579277e-01,-8.944271909999158554e-01,-1.565247584249852775e+00,-3.130495168499705549e+00,-1.341640786499873839e+00,-6.708203932499369193e-01,0.000000000000000000e+00,-8.944271909999158554e-01,-1.788854381999831711e+00,-1.118033988749894903e+00,6.708203932499369193e-01,8.944271909999158554e-01,8.944271909999158554e-01,6.708203932499369193e-01,6.708203932499369193e-01,1.788854381999831711e+00,3.354101966249684263e+00,2.906888370749726391e+00,2.012461179749810647e+00,2.683281572999747677e+00,2.906888370749726391e+00,3.577708763999663422e+00,3.354101966249684263e+00,3.130495168499705549e+00,4.024922359499621294e+00,3.801315561749642136e+00,6.931810730249347685e+00,7.379024325749306001e+00,6.484597134749389369e+00,6.037383539249431941e+00,8.049844718999242588e+00,6.484597134749389369e+00,6.484597134749389369e+00,4.248529157249600452e+00,3.577708763999663422e+00,3.354101966249684263e+00,3.130495168499705549e+00,2.012461179749810647e+00,6.708203932499369193e-01,1.341640786499873839e+00,1.341640786499873839e+00,1.118033988749894903e+00,1.118033988749894903e+00,1.341640786499873839e+00,2.236067977499789805e+00,3.130495168499705549e+00,2.012461179749810647e+00,3.577708763999663422e+00,4.024922359499621294e+00,5.590169943749473624e+00,7.155417527999326843e+00,5.813776741499452783e+00,4.919349550499537038e+00,6.708203932499368527e+00,7.826237921249263430e+00,8.497058314499200904e+00,9.167878707749137490e+00,9.391485505499115760e+00,8.720665112249179174e+00,9.838699100999074076e+00,1.118033988749894725e+01,1.095673308974896898e+01,9.391485505499115760e+00,9.167878707749137490e+00,9.615092303249095806e+00,8.720665112249179174e+00,7.379024325749306001e+00,6.708203932499368527e+00,7.602631123499284271e+00,6.931810730249347685e+00,7.155417527999326843e+00,7.379024325749306001e+00,3.801315561749642136e+00,3.801315561749642136e+00,3.801315561749642136e+00,2.459674775249768519e+00,4.248529157249600452e+00,4.024922359499621294e+00,3.801315561749642136e+00,5.813776741499452783e+00,5.590169943749473624e+00,3.577708763999663422e+00,2.236067977499789805e+00,2.459674775249768519e+00,1.565247584249852775e+00,4.472135954999579277e-01,-1.788854381999831711e+00,-8.944271909999158554e-01,-2.236067977499789805e+00,-2.459674775249768519e+00,-1.341640786499873839e+00,-2.236067977499789639e-01,2.012461179749810647e+00,2.459674775249768519e+00,2.236067977499789805e+00,2.906888370749726391e+00,2.683281572999747677e+00,1.118033988749894903e+00,8.944271909999158554e-01,1.341640786499873839e+00,1.341640786499873839e+00,6.708203932499369193e-01,2.459674775249768519e+00,3.801315561749642136e+00,5.142956348249516196e+00,6.037383539249431941e+00,3.354101966249684263e+00,5.142956348249516196e+00,3.801315561749642136e+00,4.472135954999579610e+00,6.260990336999411099e+00,6.260990336999411099e+00,5.366563145999495354e+00,4.472135954999579610e+00,2.012461179749810647e+00,-2.236067977499789639e-01,8.944271909999158554e-01,4.472135954999579277e-01,-4.472135954999579277e-01,1.118033988749894903e+00,1.118033988749894903e+00,8.944271909999158554e-01,2.236067977499789805e+00,2.906888370749726391e+00,3.354101966249684263e+00,3.801315561749642136e+00,6.037383539249431941e+00,5.813776741499452783e+00,5.142956348249516196e+00,6.037383539249431941e+00,7.379024325749306001e+00,8.720665112249179174e+00,9.391485505499115760e+00,1.006230589874905235e+01,8.720665112249179174e+00,1.073312629199899071e+01,1.073312629199899071e+01,1.050951949424901066e+01,9.391485505499115760e+00,9.838699100999074076e+00,1.050951949424901066e+01,1.118033988749894725e+01,1.207476707849886388e+01,1.050951949424901066e+01,9.838699100999074076e+00,7.155417527999326843e+00,7.379024325749306001e+00,6.708203932499368527e+00,5.142956348249516196e+00,6.931810730249347685e+00,7.602631123499284271e+00,7.379024325749306001e+00,8.049844718999242588e+00,7.155417527999326843e+00,6.260990336999411099e+00,5.590169943749473624e+00,4.472135954999579610e+00,4.472135954999579610e+00,6.260990336999411099e+00,4.919349550499537038e+00,4.248529157249600452e+00,3.130495168499705549e+00,3.354101966249684263e+00,2.906888370749726391e+00,1.788854381999831711e+00,-6.708203932499369193e-01,-1.341640786499873839e+00,-1.788854381999831711e+00,-1.788854381999831711e+00,-1.341640786499873839e+00,-1.788854381999831711e+00,-1.788854381999831711e+00,-1.565247584249852775e+00,-8.944271909999158554e-01,-2.236067977499789639e-01,-2.012461179749810647e+00,-1.788854381999831711e+00,-1.565247584249852775e+00,-3.577708763999663422e+00,-3.354101966249684263e+00,-2.683281572999747677e+00,-2.236067977499789805e+00,-4.472135954999579277e-01,6.708203932499369193e-01,1.118033988749894903e+00,8.944271909999158554e-01,-6.708203932499369193e-01,-4.472135954999579277e-01,2.236067977499789639e-01,-1.118033988749894903e+00,-2.236067977499789639e-01,2.236067977499789639e-01,6.708203932499369193e-01,2.236067977499789639e-01,1.565247584249852775e+00,2.012461179749810647e+00,8.944271909999158554e-01,2.236067977499789639e-01,8.944271909999158554e-01,1.565247584249852775e+00,-1.341640786499873839e+00,-2.236067977499789805e+00,-2.012461179749810647e+00,-1.788854381999831711e+00,-1.788854381999831711e+00,-1.788854381999831711e+00,-2.459674775249768519e+00,-1.565247584249852775e+00,-2.459674775249768519e+00,-2.459674775249768519e+00,-1.118033988749894903e+00,-1.565247584249852775e+00,-1.341640786499873839e+00,-1.118033988749894903e+00,-2.683281572999747677e+00,-6.708203932499369193e-01,-6.708203932499369193e-01,0.000000000000000000e+00
-6.260990336999411099e+00,-5.813776741499452783e+00,-6.037383539249431941e+00,-4.695742752749557880e+00,-3.577708763999663422e+00,-2.683281572999747677e+00,-3.130495168499705549e+00,-2.906888370749726391e+00,-1.341640786499873839e+00,-1.788854381999831711e+00,-2.012461179749810647e+00,-1.788854381999831711e+00,-2.012461179749810647e+00,-6.708203932499369193e-01,1.341640786499873839e+00,3.354101966249684263e+00,3.354101966249684263e+00,2.459674775249768519e+00,2.906888370749726391e+00,2.683281572999747677e+00,3.577708763999663422e+00,2.236067977499789805e+00,2.012461179749810647e+00,3.354101966249684263e+00,3.577708763999663422e+00,4.024922359499621294e+00,3.577708763999663422e+00,2.459674775249768519e+00,2.012461179749810647e+00,6.708203932499369193e-01,1.788854381999831711e+00,6.708203932499369193e-01,2.236067977499789639e-01,1.118033988749894903e+00,4.472135954999579277e-01,4.472135954999579277e-01,2.012461179749810647e+00,4.472135954999579277e-01,0.000000000000000000e+00,-8.944271909999158554e-01,-1.118033988749894903e+00,-2.236067977499789639e-01,-4.472135954999579277e-01,-4.472135954999579277e-01,-2.236067977499789639e-01,-8.944271909999158554e-01,-1.565247584249852775e+00,4.472135954999579277e-01,-2.236067977499789805e+00,-1.788854381999831711e+00,-1.788854381999831711e+00,-2.459674775249768519e+00,-2.236067977499789805e+00,-3.130495168499705549e+00,-1.565247584249852775e+00,-2.236067977499789805e+00,-3.801315561749642136e+00,-5.366563145999495354e+00,-5.142956348249516196e+00,-5.142956348249516196e+00,-6.260990336999411099e+00,-7.602631123499284271e+00,-7.155417527999326843e+00,-8.273451516749220858e+00,-6.931810730249347685e+00,-6.484597134749389369e+00,-4.919349550499537038e+00,-3.577708763999663422e+00,-2.012461179749810647e+00,-2.459674775249768519e+00,-5.142956348249516196e+00,-7.155417527999326843e+00,-7.379024325749306001e+00,-7.155417527999326843e+00,-8.049844718999242588e+00,-7.826237921249263430e+00,-6.260990336999411099e+00,-4.024922359499621294e+00,-3.577708763999663422e+00,-4.472135954999579610e+00,-3.130495168499705549e+00,-2.236067977499789805e+00,-2.236067977499789639e-01,-1.788854381999831711e+00,-2.459674775249768519e+00,-2.683281572999747677e+00,-3.801315561749642136e+00,-2.683281572999747677e+00,-4.472135954999579277e-01,-4.472135954999579277e-01,2.236067977499789639e-01,8.944271909999158554e-01,4.472135954999579277e-01,1.118033988749894903e+00,4.472135954999579610e+00,4.024922359499621294e+00,5.142956348249516196e+00,3.801315561749642136e+00,3.130495168499705549e+00,2.236067977499789805e+00,2.459674775249768519e+00,3.801315561749642136e+00,2.906888370749726391e+00,8.944271909999158554e-01,4.472135954999579277e-01,-4.472135954999579277e-01,-4.024922359499621294e+00,-6.260990336999411099e+00,-4.024922359499621294e+00,-3.801315561749642136e+00,-2.012461179749810647e+00,-2.459674775249768519e+00,-4.248529157249600452e+00,-5.813776741499452783e+00,-4.472135954999579610e+00,-2.683281572999747677e+00,-2.459674775249768519e+00,-2.906888370749726391e+00,-2.906888370749726391e+00,-4.919349550499537038e+00,-3.354101966249684263e+00,-1.788854381999831711e+00,-1.341640786499873839e+00,-3.577708763999663422e+00,-4.024922359499621294e+00,-2.906888370749726391e+00,-3.577708763999663422e+00,-1.118033988749894903e+00,-8.944271909999158554e-01,-2.236067977499789805e+00,-2.906888370749726391e+00,-1.565247584249852775e+00,-4.472135954999579277e-01,-8.944271909999158554e-01,-8.944271909999158554e-01,4.472135954999579277e-01,4.472135954999579277e-01,2.012461179749810647e+00,2.906888370749726391e+00,2.012461179749810647e+00,2.012461179749810647e+00,1.118033988749894903e+00,2.236067977499789639e-01,-1.788854381999831711e+00,-2.236067977499789805e+00,-2.683281572999747677e+00,-3.577708763999663422e+00,-4.472135954999579610e+00,-4.024922359499621294e+00,-2.683281572999747677e+00,-2.236067977499789805e+00,-3.354101966249684263e+00,-2.906888370749726391e+00,-1.788854381999831711e+00,-3.130495168499705549e+00,-3.354101966249684263e+00,-2.906888370749726391e+00,-3.130495168499705549e+00,-4.919349550499537038e+00,-5.813776741499452783e+00,-6.484597134749389369e+00,-6.708203932499368527e+00,-4.248529157249600452e+00,-6.484597134749389369e+00,-7.602631123499284271e+00,-7.602631123499284271e+00,-9.167878707749137490e+00,-9.615092303249095806e+00,-9.615092303249095806e+00,-8.720665112249179174e+00,-6.931810730249347685e+00,-5.590169943749473624e+00,-4.024922359499621294e+00,-4.024922359499621294e+00,-3.354101966249684263e+00,-2.906888370749726391e+00,-4.248529157249600452e+00,-4.919349550499537038e+00,-4.919349550499537038e+00,-5.813776741499452783e+00,-6.037383539249431941e+00,-4.695742752749557880e+00,-2.012461179749810647e+00,-2.236067977499789805e+00,-3.130495168499705549e+00,-2.236067977499789805e+00,-1.565247584249852775e+00,-1.341640786499873839e+00,-1.565247584249852775e+00,-4.024922359499621294e+00,-2.236067977499789805e+00,-6.708203932499369193e-01,1.341640786499873839e+00,-8.944271909999158554e-01,-1.341640786499873839e+00,-2.236067977499789639e-01,-4.472135954999579277e-01,-2.236067977499789805e+00,-8.944271909999158554e-01,0.000000000000000000e+00,8.944271909999158554e-01,1.788854381999831711e+00,2.906888370749726391e+00,3.354101966249684263e+00,3.354101966249684263e+00,2.236067977499789805e+00,2.683281572999747677e+00,2.906888370749726391e+00,4.472135954999579610e+00,3.354101966249684263e+00,2.236067977499789805e+00,2.459674775249768519e+00,2.236067977499789805e+00,1.788854381999831711e+00,4.024922359499621294e+00,4.695742752749557880e+00,3.354101966249684263e+00,3.354101966249684263e+00,4.472135954999579610e+00,3.577708763999663422e+00,3.801315561749642136e+00,4.695742752749557880e+00,5.366563145999495354e+00,4.695742752749557880e+00,2.906888370749726391e+00,1.565247584249852775e+00,1.788854381999831711e+00,6.708203932499369193e-01,1.788854381999831711e+00,8.944271909999158554e-01,0.000000000000000000e+00,1.118033988749894903e+00,1.565247584249852775e+00,2.012461179749810647e+00,6.708203932499369193e-01,1.118033988749894903e+00,-2.236067977499789639e-01,-4.472135954999579277e-01,-3.130495168499705549e+00,-2.459674775249768519e+00,-2.906888370749726391e+00,-2.459674775249768519e+00,-2.236067977499789805e+00,-2.906888370749726391e+00,-6.708203932499369193e-01,0.000000000000000000e+00,1.565247584249852775e+00,4.472135954999579277e-01,8.944271909999158554e-01,8.944271909999158554e-01,-6.708203932499369193e-01,6.708203932499369193e-01,-4.472135954999579277e-01,-2.236067977499789639e-01,-1.118033988749894903e+00,-6.708203932499369193e-01,-4.472135954999579277e-01,4.472135954999579277e-01,1.118033988749894903e+00,0.000000000000000000e+00,1.118033988749894903e+00,6.708203932499369193e-01,1.118033988749894903e+00,2.236067977499789805e+00,4.472135954999579277e-01,2.012461179749810647e+00,3.130495168499705549e+00,6.708203932499369193e-01,8.944271909999158554e-01,2.236067977499789805e+00,2.236067977499789639e-01,1.341640786499873839e+00,1.788854381999831711e+00,1.118033988749894903e+00,8.944271909999158554e-01,-1.341640786499873839e+00,-1.565247584249852775e+00,-1.341640786499873839e+00,-2.012461179749810647e+00,-8.944271909999158554e-01,0.000000000000000000e+00,0.000000000000000000e+00,-3.801315561749642136e+00,-4.024922359499621294e+00,-4.024922359499621294e+00,-3.801315561749642136e+00,-3.577708763999663422e+00,-2.906888370749726391e+00,-8.944271909999158554e-01,-1.341640786499873839e+00,-6.708203932499369193e-01,-6.708203932499369193e-01,-3.130495168499705549e+00,-2.906888370749726391e+00,-1.565247584249852775e+00,-2.236067977499789805e+00,-2.906888370749726391e+00,-2.683281572999747677e+00,-4.248529157249600452e+00,-3.354101966249684263e+00,-2.012461179749810647e+00,-2.459674775249768519e+00,-2.683281572999747677e+00,-1.118033988749894903e+00,-1.565247584249852775e+00,-3.130495168499705549e+00,-4.024922359499621294e+00,-4.024922359499621294e+00,-3.801315561749642136e+00,-2.906888370749726391e+00,-2.012461179749810647e+00,-2.459674775249768519e+00,-2.012461179749810647e+00,2.236067977499789639e-01,1.118033988749894903e+00,4.472135954999579277e-01,1.341640786499873839e+00,-6.708203932499369193e-01,2.236067977499789639e-01,6.708203932499369193e-01,8.944271909999158554e-01,4.472135954999579277e-01,1.341640786499873839e+00,1.788854381999831711e+00,1.341640786499873839e+00,2.236067977499789639e-01,6.708203932499369193e-01,1.788854381999831711e+00,2.906888370749726391e+00,3.577708763999663422e+00,2.236067977499789805e+00,2.683281572999747677e+00,1.341640786499873839e+00,-2.236067977499789639e-01,-2.236067977499789639e-01,1.565247584249852775e+00,1.565247584249852775e+00,2.012461179749810647e+00,1.788854381999831711e+00,2.236067977499789805e+00,2.459674775249768519e+00,2.459674775249768519e+00,1.341640786499873839e+00,1.118033988749894903e+00,3.354101966249684263e+00,1.565247584249852775e+00,2.236067977499789639e-01,2.236067977499789639e-01,1.118033988749894903e+00,-1.118033988749894903e+00,0.000000000000000000e+00,0.000000000000000000e+00,1.118033988749894903e+00,4.472135954999579277e-01,8.944271909999158554e-01,2.236067977499789805e+00,2.906888370749726391e+00,1.565247584249852775e+00,-1.118033988749894903e+00,-6.708203932499369193e-01,4.472135954999579277e-01,2.012461179749810647e+00,2.236067977499789805e+00,1.788854381999831711e+00,6.708203932499369193e-01,6.708203932499369193e-01,6.708203932499369193e-01,-4.472135954999579277e-01,-4.472135954999579277e-01,-2.459674775249768519e+00,-3.354101966249684263e+00,-3.801315561749642136e+00,-4.024922359499621294e+00,-2.906888370749726391e+00,-2.906888370749726391e+00,-4.472135954999579277e-01,2.236067977499789639e-01,1.341640786499873839e+00,2.236067977499789805e+00,2.683281572999747677e+00,2.459674775249768519e+00,3.801315561749642136e+00,4.248529157249600452e+00,3.801315561749642136e+00,3.354101966249684263e+00,3.130495168499705549e+00,2.906888370749726391e+00,2.236067977499789805e+00,2.236067977499789805e+00,8.944271909999158554e-01,1.118033988749894903e+00,2.236067977499789805e+00,1.118033988749894903e+00,1.118033988749894903e+00,1.118033988749894903e+00,1.565247584249852775e+00,4.472135954999579277e-01,-2.236067977499789639e-01,4.472135954999579277e-01,-6.708203932499369193e-01,-2.236067977499789639e-01,-6.708203932499369193e-01,2.236067977499789639e-01,4.472135954999579277e-01,-2.236067977499789639e-01,-1.788854381999831711e+00,2.236067977499789805e+00,2.683281572999747677e+00,2.459674775249768519e+00,3.130495168499705549e+00,3.354101966249684263e+00,4.024922359499621294e+00,2.683281572999747677e+00,4.919349550499537038e+00,4.919349550499537038e+00,4.695742752749557880e+00,5.366563145999495354e+00,3.130495168499705549e+00,2.459674775249768519e+00,2.683281572999747677e+00,2.906888370749726391e+00,3.577708763999663422e+00,4.695742752749557880e+00,4.919349550499537038e+00,5.590169943749473624e+00,7.602631123499284271e+00,7.826237921249263430e+00,7.602631123499284271e+00,7.379024325749306001e+00,6.484597134749389369e+00,6.484597134749389369e+00,4.024922359499621294e+00,2.683281572999747677e+00,3.801315561749642136e+00,1.788854381999831711e+00,4.472135954999579277e-01,2.236067977499789639e-01,8.944271909999158554e-01,2.236067977499789805e+00,3.577708763999663422e+00,3.130495168499705549e+00,3.577708763999663422e+00,5.142956348249516196e+00,6.260990336999411099e+00,6.484597134749389369e+00,4.695742752749557880e+00,5.142956348249516196e+00,5.366563145999495354e+00,3.577708763999663422e+00,4.024922359499621294e+00,6.037383539249431941e+00,7.155417527999326843e+00,6.708203932499368527e+00,6.260990336999411099e+00,5.813776741499452783e+00,6.708203932499368527e+00,4.472135954999579610e+00,2.906888370749726391e+00,2.906888370749726391e+00,2.236067977499789639e-01,6.708203932499369193e-01,-4.472135954999579277e-01,2.236067977499789639e-01,-8.944271909999158554e-01,-1.341640786499873839e+00,4.472135954999579277e-01,2.236067977499789805e+00,0.000000000000000000e+00,-6.708203932499369193e-01,-8.944271909999158554e-01,-1.565247584249852775e+00,-1.788854381999831711e+00,-1.565247584249852775e+00,-4.472135954999579277e-01,-4.472135954999579277e-01,-4.472135954999579277e-01,-1.565247584249852775e+00,-1.341640786499873839e+00,-3.130495168499705549e+00,-4.248529157249600452e+00,-4.695742752749557880e+00,-5.590169943749473624e+00,-6.931810730249347685e+00,-6.260990336999411099e+00,-6.484597134749389369e+00,-7.379024325749306001e+00,-7.155417527999326843e+00,-5.142956348249516196e+00,-5.813776741499452783e+00,-4.695742752749557880e+00,-6.260990336999411099e+00,-5.366563145999495354e+00,-4.024922359499621294e+00,-5.366563145999495354e+00,-4.695742752749557880e+00,-4.919349550499537038e+00,-6.260990336999411099e+00,-6.708203932499368527e+00,-7.155417527999326843e+00,-5.590169943749473624e+00
2.459674775249768519e+00,4.024922359499621294e+00,3.801315561749642136e+00,2.236067977499789805e+00,2.906888370749726391e+00,3.354101966249684263e+00,2.683281572999747677e+00,2.906888370749726391e+00,2.236067977499789805e+00,2.236067977499789805e+00,2.012461179749810647e+00,1.565247584249852775e+00,1.118033988749894903e+00,8.944271909999158554e-01,0.000000000000000000e+00,0.000000000000000000e+00,3.577708763999663422e+00,4.024922359499621294e+00,4.024922359499621294e+00,1.788854381999831711e+00,6.708203932499369193e-01,2.459674775249768519e+00,3.801315561749642136e+00,3.130495168499705549e+00,3.354101966249684263e+00,4.024922359499621294e+00,8.944271909999158554e-01,-4.472135954999579277e-01,2.236067977499789805e+00,1.118033988749894903e+00,0.000000000000000000e+00,-4.472135954999579277e-01,1.118033988749894903e+00,6.708203932499369193e-01,-2.012461179749810647e+00,-6.708203932499369193e-01,-2.459674775249768519e+00,-2.906888370749726391e+00,-2.906888370749726391e+00,-1.565247584249852775e+00,-2.683281572999747677e+00,-2.012461179749810647e+00,-2.236067977499789805e+00,-2.012461179749810647e+00,-2.236067977499789805e+00,-1.341640786499873839e+00,-8.944271909999158554e-01,2.236067977499789639e-01,-2.236067977499789639e-01,0.000000000000000000e+00,1.341640786499873839e+00,3.354101966249684263e+00,3.130495168499705549e+00,2.012461179749810647e+00,1.341640786499873839e+00,3.577708763999663422e+00,4.248529157249600452e+00,4.024922359499621294e+00,4.024922359499621294e+00,5.366563145999495354e+00,4.695742752749557880e+00,5.142956348249516196e+00,4.024922359499621294e+00,4.919349550499537038e+00,6.708203932499368527e+00,1.006230589874905235e+01,9.167878707749137490e+00,8.049844718999242588e+00,8.273451516749220858e+00,5.142956348249516196e+00,4.695742752749557880e+00,2.459674775249768519e+00,3.577708763999663422e+00,2.459674775249768519e+00,2.906888370749726391e+00,4.248529157249600452e+00,4.919349550499537038e+00,3.577708763999663422e+00,4.024922359499621294e+00,3.354101966249684263e+00,3.577708763999663422e+00,2.906888370749726391e+00,2.906888370749726391e+00,3.130495168499705549e+00,4.695742752749557880e+00,4.919349550499537038e+00,3.577708763999663422e+00,2.906888370749726391e+00,2.683281572999747677e+00,-8.944271909999158554e-01,2.459674775249768519e+00,6.708203932499369193e-01,1.118033988749894903e+00,2.236067977499789639e-01,1.788854381999831711e+00,1.788854381999831711e+00,1.565247584249852775e+00,2.012461179749810647e+00,2.459674775249768519e+00,2.236067977499789805e+00,2.236067977499789805e+00,3.577708763999663422e+00,3.354101966249684263e+00,2.012461179749810647e+00,1.565247584249852775e+00,2.906888370749726391e+00,2.236067977499789805e+00,2.459674775249768519e+00,3.130495168499705549e+00,2.236067977499789805e+00,2.236067977499789805e+00,2.012461179749810647e+00,2.236067977499789639e-01,6.708203932499369193e-01,-8.944271909999158554e-01,-1.118033988749894903e+00,-1.341640786499873839e+00,-4.472135954999579277e-01,-1.118033988749894903e+00,-6.708203932499369193e-01,-1.118033988749894903e+00,-1.788854381999831711e+00,-4.024922359499621294e+00,-5.366563145999495354e+00,-5.142956348249516196e+00,-3.801315561749642136e+00,-2.012461179749810647e+00,-1.118033988749894903e+00,-2.236067977499789639e-01,-1.788854381999831711e+00,-1.788854381999831711e+00,-1.118033988749894903e+00,-8.944271909999158554e-01,0.000000000000000000e+00,-8.944271909999158554e-01,-6.708203932499369193e-01,-1.341640786499873839e+00,-4.472135954999579277e-01,-2.012461179749810647e+00,-2.459674775249768519e+00,-4.024922359499621294e+00,-4.919349550499537038e+00,-4.919349550499537038e+00,-4.695742752749557880e+00,-5.366563145999495354e+00,-4.695742752749557880e+00,-3.130495168499705549e+00,-1.788854381999831711e+00,-2.683281572999747677e+00,-2.459674775249768519e+00,-2.012461179749810647e+00,-4.472135954999579277e-01,-4.472135954999579277e-01,-1.788854381999831711e+00,-1.341640786499873839e+00,-1.118033988749894903e+00,-6.708203932499369193e-01,2.236067977499789639e-01,1.118033988749894903e+00,1.118033988749894903e+00,2.459674775249768519e+00,3.130495168499705549e+00,2.236067977499789805e+00,3.354101966249684263e+00,4.024922359499621294e+00,3.577708763999663422e+00,1.341640786499873839e+00,1.341640786499873839e+00,2.906888370749726391e+00,1.565247584249852775e+00,1.341640786499873839e+00,8.944271909999158554e-01,2.236067977499789805e+00,1.565247584249852775e+00,8.944271909999158554e-01,-4.472135954999579277e-01,-1.341640786499873839e+00,-1.118033988749894903e+00,-1.788854381999831711e+00,-3.801315561749642136e+00,-3.354101966249684263e+00,-6.708203932499368527e+00,-6.931810730249347685e+00,-6.484597134749389369e+00,-6.260990336999411099e+00,-6.484597134749389369e+00,-6.037383539249431941e+00,-7.155417527999326843e+00,-6.708203932499368527e+00,-4.695742752749557880e+00,-5.813776741499452783e+00,-6.260990336999411099e+00,-6.037383539249431941e+00,-6.931810730249347685e+00,-6.260990336999411099e+00,-4.472135954999579610e+00,-5.590169943749473624e+00,-6.708203932499368527e+00,-8.049844718999242588e+00,-8.049844718999242588e+00,-6.708203932499368527e+00,-4.472135954999579610e+00,-4.472135954999579610e+00,-5.590169943749473624e+00,-4.695742752749557880e+00,-4.695742752749557880e+00,-4.472135954999579610e+00,-4.248529157249600452e+00,-2.683281572999747677e+00,-1.118033988749894903e+00,-1.341640786499873839e+00,-1.565247584249852775e+00,-2.236067977499789639e-01,4.472135954999579277e-01,2.012461179749810647e+00,3.801315561749642136e+00,3.577708763999663422e+00,2.012461179749810647e+00,0.000000000000000000e+00,0.000000000000000000e+00,-1.118033988749894903e+00,-2.236067977499789639e-01,-2.236067977499789639e-01,-1.341640786499873839e+00,-1.341640786499873839e+00,-3.801315561749642136e+00,-3.130495168499705549e+00,-2.683281572999747677e+00,-2.906888370749726391e+00,-2.012461179749810647e+00,-1.341640786499873839e+00,-4.472135954999579277e-01,6.708203932499369193e-01,0.000000000000000000e+00,1.565247584249852775e+00,-6.708203932499369193e-01,4.472135954999579277e-01,-1.565247584249852775e+00,-2.236067977499789639e-01,1.788854381999831711e+00,3.130495168499705549e+00,3.130495168499705549e+00,8.944271909999158554e-01,3.130495168499705549e+00,2.012461179749810647e+00,4.472135954999579277e-01,1.788854381999831711e+00,6.708203932499369193e-01,2.012461179749810647e+00,2.236067977499789639e-01,2.459674775249768519e+00,1.788854381999831711e+00,-6.708203932499369193e-01,-2.236067977499789639e-01,-2.459674775249768519e+00,-1.341640786499873839e+00,-2.459674775249768519e+00,-1.341640786499873839e+00,-2.236067977499789639e-01,-4.472135954999579277e-01,-2.236067977499789639e-01,4.472135954999579277e-01,-2.236067977499789639e-01,1.341640786499873839e+00,8.944271909999158554e-01,1.788854381999831711e+00,1.565247584249852775e+00,2.906888370749726391e+00,1.788854381999831711e+00,1.341640786499873839e+00,1.118033988749894903e+00,2.683281572999747677e+00,2.012461179749810647e+00,1.565247584249852775e+00,1.565247584249852775e+00,8.944271909999158554e-01,4.472135954999579277e-01,-1.788854381999831711e+00,-2.683281572999747677e+00,-3.354101966249684263e+00,-1.565247584249852775e+00,-2.012461179749810647e+00,-3.130495168499705549e+00,-2.906888370749726391e+00,-3.801315561749642136e+00,-3.354101966249684263e+00,-4.472135954999579277e-01,-8.944271909999158554e-01,-2.236067977499789639e-01,8.944271909999158554e-01,1.118033988749894903e+00,2.236067977499789639e-01,1.788854381999831711e+00,1.118033988749894903e+00,1.788854381999831711e+00,4.248529157249600452e+00,4.472135954999579610e+00,3.130495168499705549e+00,3.577708763999663422e+00,1.788854381999831711e+00,1.341640786499873839e+00,2.459674775249768519e+00,5.142956348249516196e+00,3.130495168499705549e+00,2.683281572999747677e+00,3.577708763999663422e+00,3.130495168499705549e+00,3.801315561749642136e+00,2.236067977499789805e+00,8.944271909999158554e-01,-2.236067977499789639e-01,6.708203932499369193e-01,6.708203932499369193e-01,2.459674775249768519e+00,2.236067977499789805e+00,3.130495168499705549e+00,4.919349550499537038e+00,2.683281572999747677e+00,3.354101966249684263e+00,3.801315561749642136e+00,2.459674775249768519e+00,2.906888370749726391e+00,4.024922359499621294e+00,3.354101966249684263e+00,4.024922359499621294e+00,2.012461179749810647e+00,1.565247584249852775e+00,8.944271909999158554e-01,-1.788854381999831711e+00,-1.788854381999831711e+00,-1.118033988749894903e+00,-1.118033988749894903e+00,0.000000000000000000e+00,0.000000000000000000e+00,4.472135954999579277e-01,-1.341640786499873839e+00,-1.788854381999831711e+00,-3.577708763999663422e+00,-2.012461179749810647e+00,-1.565247584249852775e+00,1.118033988749894903e+00,2.236067977499789639e-01,0.000000000000000000e+00,8.944271909999158554e-01,1.341640786499873839e+00,3.354101966249684263e+00,2.683281572999747677e+00,2.236067977499789805e+00,8.944271909999158554e-01,1.341640786499873839e+00,2.683281572999747677e+00,3.354101966249684263e+00,3.130495168499705549e+00,2.683281572999747677e+00,1.118033988749894903e+00,1.341640786499873839e+00,1.118033988749894903e+00,8.944271909999158554e-01,-1.565247584249852775e+00,-2.012461179749810647e+00,-2.236067977499789639e-01,-8.944271909999158554e-01,-2.236067977499789805e+00,-2.236067977499789805e+00,-2.236067977499789805e+00,-3.130495168499705549e+00,-3.577708763999663422e+00,-1.565247584249852775e+00,-2.236067977499789805e+00,-1.118033988749894903e+00,-8.944271909999158554e-01,-8.944271909999158554e-01,2.236067977499789639e-01,-8.944271909999158554e-01,-2.236067977499789639e-01,8.944271909999158554e-01,1.341640786499873839e+00,1.565247584249852775e+00,8.944271909999158554e-01,1.118033988749894903e+00,0.000000000000000000e+00,-1.788854381999831711e+00,-1.565247584249852775e+00,0.000000000000000000e+00,-6.708203932499369193e-01,-1.118033988749894903e+00,-2.459674775249768519e+00,-2.906888370749726391e+00,-3.577708763999663422e+00,-4.248529157249600452e+00,-3.354101966249684263e+00,-4.472135954999579610e+00,-4.248529157249600452e+00,-3.354101966249684263e+00,-3.354101966249684263e+00,-3.801315561749642136e+00,-4.248529157249600452e+00,-3.354101966249684263e+00,-8.944271909999158554e-01,6.708203932499369193e-01,2.236067977499789639e-01,8.944271909999158554e-01,-2.012461179749810647e+00,-2.236067977499789805e+00,-2.012461179749810647e+00,-2.012461179749810647e+00,-6.708203932499369193e-01,-1.341640786499873839e+00,-2.459674775249768519e+00,-2.906888370749726391e+00,-4.248529157249600452e+00,-4.024922359499621294e+00,-2.906888370749726391e+00,-2.906888370749726391e+00,-3.130495168499705549e+00,-3.577708763999663422e+00,-4.248529157249600452e+00,-2.236067977499789805e+00,-2.236067977499789805e+00,-2.906888370749726391e+00,-3.577708763999663422e+00,-2.012461179749810647e+00,-1.565247584249852775e+00,-1.565247584249852775e+00,-1.565247584249852775e+00,-2.459674775249768519e+00,-2.236067977499789805e+00,-2.683281572999747677e+00,-3.801315561749642136e+00,-4.248529157249600452e+00,-3.130495168499705549e+00,-2.683281572999747677e+00,-2.459674775249768519e+00,-1.788854381999831711e+00,-2.012461179749810647e+00,4.472135954999579277e-01,0.000000000000000000e+00,-8.944271909999158554e-01,-1.788854381999831711e+00,-3.130495168499705549e+00,-4.472135954999579277e-01,1.565247584249852775e+00,2.459674775249768519e+00,2.683281572999747677e+00,8.944271909999158554e-01,8.944271909999158554e-01,1.341640786499873839e+00,-6.708203932499369193e-01,6.708203932499369193e-01,6.708203932499369193e-01,0.000000000000000000e+00,1.341640786499873839e+00,-2.236067977499789639e-01,4.472135954999579277e-01,-4.472135954999579277e-01,-2.236067977499789639e-01,-2.236067977499789639e-01,0.000000000000000000e+00,-1.118033988749894903e+00,-6.708203932499369193e-01,1.341640786499873839e+00,2.012461179749810647e+00,4.695742752749557880e+00,4.248529157249600452e+00,5.366563145999495354e+00,4.472135954999579610e+00,5.813776741499452783e+00,5.590169943749473624e+00,5.142956348249516196e+00,3.354101966249684263e+00,2.683281572999747677e+00,1.788854381999831711e+00,8.944271909999158554e-01,-2.236067977499789639e-01,1.341640786499873839e+00,8.944271909999158554e-01,2.236067977499789639e-01,1.788854381999831711e+00,2.683281572999747677e+00,2.683281572999747677e+00,8.944271909999158554e-01,1.118033988749894903e+00,1.788854381999831711e+00,2.906888370749726391e+00,1.788854381999831711e+00,3.130495168499705549e+00,5.813776741499452783e+00,4.472135954999579610e+00,5.142956348249516196e+00,7.826237921249263430e+00,6.931810730249347685e+00,5.813776741499452783e+00,5.142956348249516196e+00,3.354101966249684263e+00,4.024922359499621294e+00,2.906888370749726391e+00,5.366563145999495354e+00,3.801315561749642136e+00,4.919349550499537038e+00,4.472135954999579610e+00
2.236067977499789639e-01,-1.118033988749894903e+00,-1.118033988749894903e+00,-6.708203932499369193e-01,0.000000000000000000e+00,-2.236067977499789805e+00,-3.801315561749642136e+00,-2.906888370749726391e+00,-2.906888370749726391e+00,-1.788854381999831711e+00,-1.565247584249852775e+00,-2.236067977499789805e+00,-1.565247584249852775e+00,-1.788854381999831711e+00,-1.341640786499873839e+00,-2.683281572999747677e+00,-2.236067977499789639e-01,-3.801315561749642136e+00,-5.142956348249516196e+00,-5.142956348249516196e+00,-7.379024325749306001e+00,-8.049844718999242588e+00,-7.379024325749306001e+00,-8.049844718999242588e+00,-7.602631123499284271e+00,-8.273451516749220858e+00,-6.260990336999411099e+00,-6.708203932499368527e+00,-7.379024325749306001e+00,-6.037383539249431941e+00,-3.577708763999663422e+00,-4.472135954999579610e+00,-2.683281572999747677e+00,-4.248529157249600452e+00,-4.695742752749557880e+00,-4.472135954999579610e+00,-5.142956348249516196e+00,-4.472135954999579610e+00,-3.577708763999663422e+00,-3.801315561749642136e+00,-4.472135954999579610e+00,-3.130495168499705549e+00,-1.565247584249852775e+00,-2.012461179749810647e+00,-1.788854381999831711e+00,-2.683281572999747677e+00,-3.130495168499705549e+00,-2.236067977499789805e+00,-2.906888370749726391e+00,-2.906888370749726391e+00,-8.944271909999158554e-01,-3.354101966249684263e+00,-3.577708763999663422e+00,-2.906888370749726391e+00,-1.565247584249852775e+00,-1.788854381999831711e+00,-1.118033988749894903e+00,-1.565247584249852775e+00,-1.788854381999831711e+00,-8.944271909999158554e-01,-4.472135954999579277e-01,-2.683281572999747677e+00,-2.906888370749726391e+00,-3.354101966249684263e+00,-2.683281572999747677e+00,-2.012461179749810647e+00,-1.118033988749894903e+00,-2.459674775249768519e+00,-1.118033988749894903e+00,-1.118033988749894903e+00,2.236067977499789639e-01,-8.944271909999158554e-01,-1.118033988749894903e+00,-1.565247584249852775e+00,-1.565247584249852775e+00,-1.788854381999831711e+00,4.472135954999579277e-01,1.341640786499873839e+00,6.708203932499369193e-01,1.788854381999831711e+00,2.236067977499789639e-01,-1.565247584249852775e+00,-1.118033988749894903e+00,-1.565247584249852775e+00,-6.708203932499369193e-01,-2.683281572999747677e+00,-3.130495168499705549e+00,-3.130495168499705549e+00,-4.472135954999579610e+00,-4.919349550499537038e+00,-5.366563145999495354e+00,-6.484597134749389369e+00,-5.590169943749473624e+00,-4.919349550499537038e+00,-3.354101966249684263e+00,-1.788854381999831711e+00,-4.472135954999579277e-01,-3.130495168499705549e+00,-1.341640786499873839e+00,-1.788854381999831711e+00,-6.708203932499369193e-01,4.472135954999579277e-01,2.012461179749810647e+00,2.683281572999747677e+00,4.472135954999579277e-01,1.341640786499873839e+00,8.944271909999158554e-01,3.130495168499705549e+00,1.341640786499873839e+00,1.118033988749894903e+00,4.472135954999579277e-01,2.236067977499789639e-01,1.788854381999831711e+00,2.459674775249768519e+00,2.236067977499789805e+00,3.354101966249684263e+00,4.024922359499621294e+00,4.472135954999579610e+00,5.590169943749473624e+00,5.590169943749473624e+00,4.024922359499621294e+00,2.906888370749726391e+00,4.248529157249600452e+00,4.024922359499621294e+00,1.565247584249852775e+00,1.565247584249852775e+00,6.708203932499369193e-01,3.130495168499705549e+00,3.130495168499705549e+00,2.683281572999747677e+00,2.236067977499789639e-01,4.472135954999579277e-01,2.236067977499789639e-01,-1.565247584249852775e+00,-2.683281572999747677e+00,-1.565247584249852775e+00,2.236067977499789639e-01,0.000000000000000000e+00,2.236067977499789639e-01,-2.236067977499789639e-01,6.708203932499369193e-01,-6.708203932499369193e-01,0.000000000000000000e+00,0.000000000000000000e+00,-2.236067977499789639e-01,1.118033988749894903e+00,8.944271909999158554e-01,1.565247584249852775e+00,-2.236067977499789639e-01,8.944271909999158554e-01,-1.118033988749894903e+00,4.472135954999579277e-01,-8.944271909999158554e-01,-6.708203932499369193e-01,-2.459674775249768519e+00,-3.577708763999663422e+00,-3.801315561749642136e+00,-5.366563145999495354e+00,-5.590169943749473624e+00,-6.260990336999411099e+00,-6.708203932499368527e+00,-6.260990336999411099e+00,-6.931810730249347685e+00,-5.813776741499452783e+00,-5.366563145999495354e+00,-4.472135954999579610e+00,-3.354101966249684263e+00,-4.024922359499621294e+00,-4.248529157249600452e+00,-4.695742752749557880e+00,-2.906888370749726391e+00,-2.683281572999747677e+00,-1.118033988749894903e+00,-2.236067977499789805e+00,-2.236067977499789805e+00,-1.788854381999831711e+00,-6.708203932499369193e-01,-2.012461179749810647e+00,-1.118033988749894903e+00,-8.944271909999158554e-01,-4.472135954999579277e-01,-8.944271909999158554e-01,-1.565247584249852775e+00,-2.012461179749810647e+00,-3.577708763999663422e+00,-2.236067977499789805e+00,-1.341640786499873839e+00,-1.341640786499873839e+00,-4.024922359499621294e+00,-4.248529157249600452e+00,-3.577708763999663422e+00,-4.695742752749557880e+00,-4.695742752749557880e+00,-3.577708763999663422e+00,-2.012461179749810647e+00,8.944271909999158554e-01,6.708203932499369193e-01,-4.472135954999579277e-01,-1.788854381999831711e+00,-1.788854381999831711e+00,-1.788854381999831711e+00,-4.472135954999579277e-01,1.341640786499873839e+00,6.708203932499369193e-01,1.118033988749894903e+00,6.708203932499369193e-01,2.012461179749810647e+00,1.565247584249852775e+00,2.236067977499789639e-01,2.236067977499789639e-01,-6.708203932499369193e-01,-4.472135954999579277e-01,1.118033988749894903e+00,2.236067977499789805e+00,2.012461179749810647e+00,2.012461179749810647e+00,2.906888370749726391e+00,2.459674775249768519e+00,1.788854381999831711e+00,6.708203932499369193e-01,-1.118033988749894903e+00,-2.012461179749810647e+00,-8.944271909999158554e-01,-1.788854381999831711e+00,-1.565247584249852775e+00,-1.565247584249852775e+00,-1.118033988749894903e+00,-2.236067977499789805e+00,-2.236067977499789805e+00,-2.012461179749810647e+00,-2.683281572999747677e+00,-4.695742752749557880e+00,-5.142956348249516196e+00,-5.366563145999495354e+00,-6.260990336999411099e+00,-5.366563145999495354e+00,-5.590169943749473624e+00,-4.919349550499537038e+00,-4.472135954999579610e+00,-2.459674775249768519e+00,-1.341640786499873839e+00,-2.906888370749726391e+00,-8.944271909999158554e-01,-3.577708763999663422e+00,-1.341640786499873839e+00,-1.341640786499873839e+00,-2.683281572999747677e+00,-1.341640786499873839e+00,-4.472135954999579277e-01,-2.236067977499789805e+00,-6.708203932499369193e-01,4.472135954999579277e-01,2.459674775249768519e+00,2.906888370749726391e+00,2.906888370749726391e+00,1.118033988749894903e+00,1.341640786499873839e+00,2.236067977499789805e+00,8.944271909999158554e-01,6.708203932499369193e-01,-1.565247584249852775e+00,-2.459674775249768519e+00,-5.366563145999495354e+00,-5.590169943749473624e+00,-6.037383539249431941e+00,-6.708203932499368527e+00,-7.826237921249263430e+00,-6.708203932499368527e+00,-7.379024325749306001e+00,-5.366563145999495354e+00,-4.248529157249600452e+00,-4.695742752749557880e+00,-4.919349550499537038e+00,-2.459674775249768519e+00,-1.341640786499873839e+00,-2.683281572999747677e+00,-6.708203932499369193e-01,-1.118033988749894903e+00,-1.118033988749894903e+00,-2.236067977499789805e+00,-1.118033988749894903e+00,-2.236067977499789805e+00,-2.012461179749810647e+00,-1.788854381999831711e+00,-8.944271909999158554e-01,-2.012461179749810647e+00,-2.236067977499789805e+00,-4.248529157249600452e+00,-4.472135954999579610e+00,-4.472135954999579610e+00,-3.801315561749642136e+00,-2.012461179749810647e+00,-4.472135954999579277e-01,2.012461179749810647e+00,2.012461179749810647e+00,-4.472135954999579277e-01,-2.236067977499789639e-01,-2.012461179749810647e+00,-3.130495168499705549e+00,-5.142956348249516196e+00,-4.024922359499621294e+00,-2.236067977499789805e+00,-1.341640786499873839e+00,-8.944271909999158554e-01,-2.236067977499789639e-01,-6.708203932499369193e-01,-8.944271909999158554e-01,0.000000000000000000e+00,-6.708203932499369193e-01,-1.565247584249852775e+00,-1.788854381999831711e+00,6.708203932499369193e-01,3.130495168499705549e+00,2.236067977499789805e+00,2.236067977499789805e+00,4.248529157249600452e+00,3.130495168499705549e+00,4.248529157249600452e+00,4.919349550499537038e+00,3.801315561749642136e+00,3.354101966249684263e+00,2.683281572999747677e+00,1.565247584249852775e+00,-2.683281572999747677e+00,-2.459674775249768519e+00,-1.565247584249852775e+00,-8.944271909999158554e-01,-1.565247584249852775e+00,-6.708203932499369193e-01,-1.118033988749894903e+00,0.000000000000000000e+00,4.472135954999579277e-01,-1.565247584249852775e+00,-1.565247584249852775e+00,-2.683281572999747677e+00,-6.037383539249431941e+00,-4.024922359499621294e+00,-2.012461179749810647e+00,-3.130495168499705549e+00,-3.354101966249684263e+00,-4.695742752749557880e+00,-4.024922359499621294e+00,-3.354101966249684263e+00,-1.341640786499873839e+00,1.341640786499873839e+00,2.459674775249768519e+00,2.012461179749810647e+00,3.801315561749642136e+00,2.012461179749810647e+00,4.695742752749557880e+00,3.354101966249684263e+00,4.248529157249600452e+00,1.118033988749894903e+00,4.024922359499621294e+00,1.118033988749894903e+00,2.012461179749810647e+00,2.459674775249768519e+00,1.788854381999831711e+00,-2.012461179749810647e+00,-3.801315561749642136e+00,-3.130495168499705549e+00,-3.354101966249684263e+00,-2.459674775249768519e+00,-1.788854381999831711e+00,-4.472135954999579277e-01,-6.708203932499369193e-01,1.788854381999831711e+00,4.472135954999579277e-01,-8.944271909999158554e-01,-8.944271909999158554e-01,-2.906888370749726391e+00,-2.683281572999747677e+00,-1.341640786499873839e+00,4.472135954999579277e-01,-1.565247584249852775e+00,-2.236067977499789805e+00,-1.565247584249852775e+00,-1.341640786499873839e+00,0.000000000000000000e+00,8.944271909999158554e-01,-2.236067977499789639e-01,1.118033988749894903e+00,2.236067977499789639e-01,-6.708203932499369193e-01,-2.906888370749726391e+00,-2.012461179749810647e+00,2.236067977499789639e-01,-2.236067977499789639e-01,2.683281572999747677e+00,2.012461179749810647e+00,2.236067977499789639e-01,-2.236067977499789639e-01,-1.118033988749894903e+00,2.236067977499789639e-01,2.236067977499789639e-01,-1.341640786499873839e+00,8.944271909999158554e-01,1.341640786499873839e+00,2.236067977499789639e-01,6.708203932499369193e-01,8.944271909999158554e-01,4.472135954999579277e-01,-4.472135954999579277e-01,2.236067977499789639e-01,1.341640786499873839e+00,4.024922359499621294e+00,4.024922359499621294e+00,4.248529157249600452e+00,5.813776741499452783e+00,5.142956348249516196e+00,3.577708763999663422e+00,4.024922359499621294e+00,3.801315561749642136e+00,1.341640786499873839e+00,-2.236067977499789639e-01,-2.012461179749810647e+00,-2.906888370749726391e+00,-2.459674775249768519e+00,-3.130495168499705549e+00,-1.341640786499873839e+00,-2.012461179749810647e+00,2.459674775249768519e+00,3.577708763999663422e+00,5.142956348249516196e+00,2.459674775249768519e+00,3.577708763999663422e+00,4.248529157249600452e+00,5.142956348249516196e+00,4.919349550499537038e+00,4.024922359499621294e+00,6.708203932499369193e-01,2.012461179749810647e+00,2.012461179749810647e+00,1.565247584249852775e+00,6.708203932499369193e-01,6.708203932499369193e-01,4.472135954999579277e-01,1.788854381999831711e+00,2.236067977499789805e+00,2.683281572999747677e+00,2.236067977499789805e+00,2.459674775249768519e+00,2.683281572999747677e+00,6.708203932499369193e-01,4.472135954999579277e-01,2.236067977499789805e+00,2.236067977499789805e+00,1.788854381999831711e+00,2.236067977499789805e+00,3.577708763999663422e+00,3.801315561749642136e+00,4.919349550499537038e+00,3.130495168499705549e+00,1.565247584249852775e+00,1.341640786499873839e+00,2.236067977499789805e+00,2.012461179749810647e+00,3.801315561749642136e+00,2.683281572999747677e+00,2.012461179749810647e+00,1.565247584249852775e+00,2.236067977499789639e-01,-1.565247584249852775e+00,-1.788854381999831711e+00,4.472135954999579277e-01,2.236067977499789639e-01,2.236067977499789805e+00,8.944271909999158554e-01,3.354101966249684263e+00,2.906888370749726391e+00,2.459674775249768519e+00,6.708203932499369193e-01,-1.118033988749894903e+00,-4.248529157249600452e+00,-3.354101966249684263e+00,-4.248529157249600452e+00,-3.801315561749642136e+00,-2.459674775249768519e+00,-2.683281572999747677e+00,-1.341640786499873839e+00,-1.565247584249852775e+00,8.944271909999158554e-01,1.118033988749894903e+00,8.944271909999158554e-01,8.944271909999158554e-01,2.683281572999747677e+00,-4.472135954999579277e-01,-1.788854381999831711e+00,-2.012461179749810647e+00,-1.341640786499873839e+00,-1.341640786499873839e+00,4.472135954999579277e-01,1.118033988749894903e+00,2.012461179749810647e+00,2.236067977499789805e+00,4.472135954999579277e-01,-4.472135954999579277e-01,-6.708203932499369193e-01,0.000000000000000000e+00,-2.459674775249768519e+00
3.130495168499705549e+00,4.024922359499621294e+00,4.695742752749557880e+00,2.906888370749726391e+00,3.354101966249684263e+00,2.459674775249768519e+00,4.024922359499621294e+00,6.931810730249347685e+00,8.497058314499200904e+00,7.826237921249263430e+00,7.379024325749306001e+00,8.273451516749220858e+00,9.615092303249095806e+00,9.838699100999074076e+00,1.140394668524892730e+01,1.274558747174880047e+01,1.207476707849886388e+01,1.118033988749894725e+01,1.050951949424901066e+01,9.615092303249095806e+00,1.050951949424901066e+01,1.050951949424901066e+01,9.615092303249095806e+00,1.095673308974896898e+01,1.162755348299890557e+01,1.073312629199899071e+01,1.028591269649903239e+01,1.095673308974896898e+01,1.162755348299890557e+01,1.162755348299890557e+01,9.838699100999074076e+00,7.602631123499284271e+00,7.379024325749306001e+00,8.497058314499200904e+00,8.944271909999159220e+00,8.720665112249179174e+00,9.615092303249095806e+00,9.838699100999074076e+00,8.720665112249179174e+00,7.155417527999326843e+00,6.931810730249347685e+00,4.024922359499621294e+00,3.354101966249684263e+00,3.577708763999663422e+00,2.012461179749810647e+00,1.118033988749894903e+00,6.708203932499369193e-01,1.341640786499873839e+00,1.118033988749894903e+00,2.236067977499789639e-01,1.788854381999831711e+00,2.236067977499789805e+00,2.012461179749810647e+00,3.130495168499705549e+00,2.906888370749726391e+00,8.944271909999158554e-01,-2.236067977499789639e-01,-6.708203932499369193e-01,4.472135954999579277e-01,-8.944271909999158554e-01,-6.708203932499369193e-01,-1.118033988749894903e+00,-8.944271909999158554e-01,4.472135954999579277e-01,-2.236067977499789639e-01,2.683281572999747677e+00,1.565247584249852775e+00,2.906888370749726391e+00,5.142956348249516196e+00,5.366563145999495354e+00,6.037383539249431941e+00,4.248529157249600452e+00,3.354101966249684263e+00,4.472135954999579610e+00,5.366563145999495354e+00,4.472135954999579610e+00,4.472135954999579610e+00,4.695742752749557880e+00,3.354101966249684263e+00,5.590169943749473624e+00,3.801315561749642136e+00,3.801315561749642136e+00,2.236067977499789805e+00,1.341640786499873839e+00,-4.472135954999579277e-01,-1.341640786499873839e+00,0.000000000000000000e+00,-2.236067977499789639e-01,0.000000000000000000e+00,6.708203932499369193e-01,1.341640786499873839e+00,4.472135954999579277e-01,4.472135954999579277e-01,0.000000000000000000e+00,-1.341640786499873839e+00,-1.565247584249852775e+00,-1.565247584249852775e+00,-1.341640786499873839e+00,-1.118033988749894903e+00,0.000000000000000000e+00,-8.944271909999158554e-01,-4.472135954999579277e-01,-1.118033988749894903e+00,0.000000000000000000e+00,1.565247584249852775e+00,8.944271909999158554e-01,0.000000000000000000e+00,-2.236067977499789805e+00,-2.459674775249768519e+00,-2.012461179749810647e+00,-2.236067977499789805e+00,-3.801315561749642136e+00,-2.906888370749726391e+00,-3.130495168499705549e+00,-4.919349550499537038e+00,-5.142956348249516196e+00,-4.919349550499537038e+00,-5.813776741499452783e+00,-5.590169943749473624e+00,-5.366563145999495354e+00,-4.472135954999579610e+00,-4.024922359499621294e+00,-3.354101966249684263e+00,-2.012461179749810647e+00,-2.683281572999747677e+00,-4.695742752749557880e+00,-4.248529157249600452e+00,-3.354101966249684263e+00,-2.906888370749726391e+00,-4.472135954999579610e+00,-2.683281572999747677e+00,-2.683281572999747677e+00,-1.565247584249852775e+00,2.236067977499789639e-01,-4.472135954999579277e-01,-2.683281572999747677e+00,-4.472135954999579610e+00,-4.919349550499537038e+00,-5.590169943749473624e+00,-3.354101966249684263e+00,-4.695742752749557880e+00,-4.248529157249600452e+00,-4.024922359499621294e+00,-4.472135954999579610e+00,-6.260990336999411099e+00,-4.024922359499621294e+00,-4.024922359499621294e+00,-2.683281572999747677e+00,-2.236067977499789805e+00,-1.565247584249852775e+00,1.341640786499873839e+00,6.708203932499369193e-01,-4.472135954999579277e-01,0.000000000000000000e+00,-8.944271909999158554e-01,0.000000000000000000e+00,0.000000000000000000e+00,0.000000000000000000e+00,-6.708203932499369193e-01,2.236067977499789639e-01,1.118033988749894903e+00,8.944271909999158554e-01,2.236067977499789639e-01,-8.944271909999158554e-01,-1.788854381999831711e+00,8.944271909999158554e-01,6.708203932499369193e-01,1.565247584249852775e+00,1.565247584249852775e+00,1.118033988749894903e+00,2.236067977499789639e-01,-2.236067977499789639e-01,-2.236067977499789639e-01,0.000000000000000000e+00,1.341640786499873839e+00,2.683281572999747677e+00,2.459674775249768519e+00,4.695742752749557880e+00,4.472135954999579610e+00,2.683281572999747677e+00,1.788854381999831711e+00,1.341640786499873839e+00,3.577708763999663422e+00,5.142956348249516196e+00,3.577708763999663422e+00,3.577708763999663422e+00,4.248529157249600452e+00,3.130495168499705549e+00,2.012461179749810647e+00,2.012461179749810647e+00,4.695742752749557880e+00,3.354101966249684263e+00,4.248529157249600452e+00,4.472135954999579610e+00,1.118033988749894903e+00,8.944271909999158554e-01,1.341640786499873839e+00,4.472135954999579277e-01,1.565247584249852775e+00,3.354101966249684263e+00,2.683281572999747677e+00,2.459674775249768519e+00,2.236067977499789639e-01,-2.236067977499789639e-01,-8.944271909999158554e-01,-6.708203932499369193e-01,-1.788854381999831711e+00,-3.130495168499705549e+00,-2.683281572999747677e+00,-4.472135954999579277e-01,0.000000000000000000e+00,1.788854381999831711e+00,1.788854381999831711e+00,2.236067977499789639e-01,-2.236067977499789805e+00,-2.459674775249768519e+00,-2.906888370749726391e+00,-2.683281572999747677e+00,-2.906888370749726391e+00,-2.236067977499789805e+00,-1.341640786499873839e+00,-4.472135954999579277e-01,-1.565247584249852775e+00,-2.012461179749810647e+00,-2.459674775249768519e+00,-2.012461179749810647e+00,0.000000000000000000e+00,-4.472135954999579277e-01,-1.118033988749894903e+00,6.708203932499369193e-01,1.565247584249852775e+00,8.944271909999158554e-01,1.118033988749894903e+00,0.000000000000000000e+00,-2.236067977499789639e-01,-2.236067977499789639e-01,-2.236067977499789639e-01,2.236067977499789805e+00,6.708203932499369193e-01,3.130495168499705549e+00,2.683281572999747677e+00,3.130495168499705549e+00,1.788854381999831711e+00,2.012461179749810647e+00,3.354101966249684263e+00,1.118033988749894903e+00,2.236067977499789805e+00,6.708203932499369193e-01,1.118033988749894903e+00,8.944271909999158554e-01,6.708203932499369193e-01,2.012461179749810647e+00,2.012461179749810647e+00,8.944271909999158554e-01,2.236067977499789639e-01,1.788854381999831711e+00,3.577708763999663422e+00,2.236067977499789805e+00,1.788854381999831711e+00,1.118033988749894903e+00,8.944271909999158554e-01,-2.236067977499789639e-01,2.012461179749810647e+00,2.459674775249768519e+00,1.565247584249852775e+00,0.000000000000000000e+00,-1.341640786499873839e+00,-2.012461179749810647e+00,-4.248529157249600452e+00,-3.130495168499705549e+00,-2.236067977499789805e+00,-2.683281572999747677e+00,-4.024922359499621294e+00,-3.130495168499705549e+00,-8.944271909999158554e-01,-1.565247584249852775e+00,-8.944271909999158554e-01,-6.708203932499369193e-01,1.341640786499873839e+00,2.012461179749810647e+00,2.683281572999747677e+00,2.683281572999747677e+00,2.683281572999747677e+00,1.788854381999831711e+00,4.472135954999579277e-01,-4.472135954999579277e-01,2.236067977499789639e-01,1.118033988749894903e+00,2.459674775249768519e+00,2.012461179749810647e+00,2.683281572999747677e+00,1.788854381999831711e+00,3.130495168499705549e+00,8.944271909999158554e-01,2.012461179749810647e+00,1.565247584249852775e+00,1.118033988749894903e+00,1.565247584249852775e+00,1.118033988749894903e+00,8.944271909999158554e-01,0.000000000000000000e+00,-1.565247584249852775e+00,6.708203932499369193e-01,1.788854381999831711e+00,2.683281572999747677e+00,2.236067977499789805e+00,2.236067977499789805e+00,2.459674775249768519e+00,8.944271909999158554e-01,3.577708763999663422e+00,2.683281572999747677e+00,2.683281572999747677e+00,0.000000000000000000e+00,1.118033988749894903e+00,2.236067977499789805e+00,2.012461179749810647e+00,2.906888370749726391e+00,2.459674775249768519e+00,1.341640786499873839e+00,6.708203932499369193e-01,-6.708203932499369193e-01,-4.472135954999579277e-01,2.683281572999747677e+00,3.354101966249684263e+00,3.801315561749642136e+00,2.683281572999747677e+00,3.354101966249684263e+00,4.472135954999579610e+00,4.919349550499537038e+00,6.037383539249431941e+00,5.142956348249516196e+00,5.142956348249516196e+00,4.248529157249600452e+00,3.354101966249684263e+00,4.472135954999579610e+00,3.801315561749642136e+00,2.459674775249768519e+00,4.024922359499621294e+00,8.944271909999158554e-01,-1.788854381999831711e+00,-2.683281572999747677e+00,-2.012461179749810647e+00,-6.708203932499369193e-01,-1.118033988749894903e+00,-6.708203932499369193e-01,-2.683281572999747677e+00,-2.906888370749726391e+00,-8.944271909999158554e-01,-6.708203932499369193e-01,-1.565247584249852775e+00,-6.708203932499369193e-01,-8.944271909999158554e-01,2.236067977499789639e-01,-4.472135954999579277e-01,-2.012461179749810647e+00,-4.472135954999579610e+00,-3.801315561749642136e+00,-3.577708763999663422e+00,-4.919349550499537038e+00,-5.142956348249516196e+00,-6.037383539249431941e+00,-6.708203932499368527e+00,-5.813776741499452783e+00,-6.260990336999411099e+00,-7.155417527999326843e+00,-4.919349550499537038e+00,-6.037383539249431941e+00,-5.590169943749473624e+00,-6.260990336999411099e+00,-7.155417527999326843e+00,-8.720665112249179174e+00,-9.615092303249095806e+00,-8.944271909999159220e+00,-9.391485505499115760e+00,-9.615092303249095806e+00,-1.118033988749894725e+01,-1.185116028074888561e+01,-7.379024325749306001e+00,-6.484597134749389369e+00,-4.919349550499537038e+00,-4.472135954999579610e+00,-3.577708763999663422e+00,-3.354101966249684263e+00,-2.459674775249768519e+00,-1.788854381999831711e+00,-2.236067977499789805e+00,-2.906888370749726391e+00,-8.944271909999158554e-01,8.944271909999158554e-01,0.000000000000000000e+00,-2.236067977499789639e-01,1.565247584249852775e+00,2.683281572999747677e+00,1.341640786499873839e+00,8.944271909999158554e-01,0.000000000000000000e+00,0.000000000000000000e+00,8.944271909999158554e-01,1.118033988749894903e+00,8.944271909999158554e-01,6.708203932499369193e-01,1.788854381999831711e+00,2.012461179749810647e+00,2.683281572999747677e+00,6.708203932499369193e-01,1.118033988749894903e+00,2.236067977499789639e-01,4.472135954999579277e-01,1.788854381999831711e+00,1.341640786499873839e+00,2.236067977499789639e-01,1.565247584249852775e+00,-1.565247584249852775e+00,-1.788854381999831711e+00,0.000000000000000000e+00,-4.472135954999579277e-01,-1.118033988749894903e+00,-1.565247584249852775e+00,-8.944271909999158554e-01,-8.944271909999158554e-01,-1.118033988749894903e+00,-1.565247584249852775e+00,-6.708203932499369193e-01,2.236067977499789805e+00,1.118033988749894903e+00,6.708203932499369193e-01,1.565247584249852775e+00,2.683281572999747677e+00,2.236067977499789805e+00,2.906888370749726391e+00,4.248529157249600452e+00,4.472135954999579610e+00,5.813776741499452783e+00,7.826237921249263430e+00,6.037383539249431941e+00,4.024922359499621294e+00,1.565247584249852775e+00,4.919349550499537038e+00,5.813776741499452783e+00,4.472135954999579610e+00,3.801315561749642136e+00,1.788854381999831711e+00,2.236067977499789805e+00,2.459674775249768519e+00,2.236067977499789805e+00,1.118033988749894903e+00,1.118033988749894903e+00,1.565247584249852775e+00,2.012461179749810647e+00,1.118033988749894903e+00,2.236067977499789639e-01,-1.118033988749894903e+00,-4.472135954999579277e-01,-2.236067977499789805e+00,-2.012461179749810647e+00,-4.248529157249600452e+00,-5.813776741499452783e+00,-6.484597134749389369e+00,-9.391485505499115760e+00,-7.379024325749306001e+00,-5.590169943749473624e+00,-4.695742752749557880e+00,-2.683281572999747677e+00,-3.354101966249684263e+00,-2.012461179749810647e+00,-1.341640786499873839e+00,-2.683281572999747677e+00,-4.248529157249600452e+00,-2.459674775249768519e+00,-2.683281572999747677e+00,-2.459674775249768519e+00,-2.236067977499789805e+00,-2.459674775249768519e+00,-2.459674775249768519e+00,-2.906888370749726391e+00,-3.354101966249684263e+00,-2.012461179749810647e+00,-2.906888370749726391e+00,-2.906888370749726391e+00,-2.012461179749810647e+00,-1.118033988749894903e+00,-4.472135954999579277e-01,0.000000000000000000e+00,-6.708203932499369193e-01,-6.708203932499369193e-01,-2.683281572999747677e+00,-4.472135954999579277e-01,2.236067977499789639e-01,2.236067977499789639e-01,-4.472135954999579277e-01,-4.472135954999579277e-01,-1.565247584249852775e+00,-1.341640786499873839e+00,-4.472135954999579277e-01,6.708203932499369193e-01,-1.341640786499873839e+00,-2.012461179749810647e+00,0.000000000000000000e+00,1.118033988749894903e+00,-2.012461179749810647e+00
1.788854381999831711e+00,1.565247584249852775e+00,6.708203932499369193e-01,-1.788854381999831711e+00,-1.341640786499873839e+00,-4.472135954999579277e-01,4.472135954999579277e-01,1.565247584249852775e+00,-4.472135954999579277e-01,4.472135954999579277e-01,2.683281572999747677e+00,-2.236067977499789639e-01,2.459674775249768519e+00,2.012461179749810647e+00,2.236067977499789805e+00,2.236067977499789805e+00,3.577708763999663422e+00,4.024922359499621294e+00,4.472135954999579610e+00,3.354101966249684263e+00,2.012461179749810647e+00,2.906888370749726391e+00,1.788854381999831711e+00,2.683281572999747677e+00,0.000000000000000000e+00,-6.708203932499369193e-01,-2.236067977499789639e-01,2.236067977499789639e-01,2.236067977499789805e+00,6.708203932499369193e-01,8.944271909999158554e-01,0.000000000000000000e+00,2.236067977499789639e-01,-6.708203932499369193e-01,2.236067977499789639e-01,-1.788854381999831711e+00,-1.341640786499873839e+00,0.000000000000000000e+00,8.944271909999158554e-01,-2.683281572999747677e+00,-2.906888370749726391e+00,-2.906888370749726391e+00,-1.341640786499873839e+00,-2.683281572999747677e+00,-2.236067977499789805e+00,-2.683281572999747677e+00,-6.708203932499369193e-01,-6.708203932499369193e-01,1.118033988749894903e+00,-1.788854381999831711e+00,-2.236067977499789639e-01,-1.118033988749894903e+00,-3.801315561749642136e+00,-3.577708763999663422e+00,-3.577708763999663422e+00,-1.788854381999831711e+00,-2.012461179749810647e+00,-4.472135954999579277e-01,-1.341640786499873839e+00,-1.118033988749894903e+00,-1.118033988749894903e+00,2.236067977499789639e-01,2.236067977499789639e-01,4.472135954999579277e-01,-1.118033988749894903e+00,2.236067977499789639e-01,4.472135954999579277e-01,-2.236067977499789639e-01,-2.236067977499789639e-01,1.341640786499873839e+00,2.683281572999747677e+00,1.788854381999831711e+00,-2.459674775249768519e+00,-3.577708763999663422e+00,-2.459674775249768519e+00,-4.472135954999579610e+00,-2.012461179749810647e+00,-1.788854381999831711e+00,-2.459674775249768519e+00,-3.130495168499705549e+00,-2.683281572999747677e+00,-2.012461179749810647e+00,-3.130495168499705549e+00,-3.801315561749642136e+00,-5.366563145999495354e+00,-4.248529157249600452e+00,-5.366563145999495354e+00,-6.708203932499368527e+00,-4.919349550499537038e+00,-5.366563145999495354e+00,-5.142956348249516196e+00,-5.142956348249516196e+00,-4.919349550499537038e+00,-4.024922359499621294e+00,-3.801315561749642136e+00,-3.801315561749642136e+00,-3.130495168499705549e+00,-3.801315561749642136e+00,-3.130495168499705549e+00,-3.577708763999663422e+00,-4.472135954999579277e-01,1.341640786499873839e+00,3.354101966249684263e+00,3.801315561749642136e+00,5.813776741499452783e+00,4.695742752749557880e+00,3.801315561749642136e+00,4.024922359499621294e+00,4.472135954999579610e+00,3.577708763999663422e+00,2.906888370749726391e+00,2.236067977499789805e+00,2.906888370749726391e+00,2.012461179749810647e+00,2.683281572999747677e+00,1.118033988749894903e+00,3.354101966249684263e+00,3.354101966249684263e+00,3.354101966249684263e+00,4.919349550499537038e+00,3.130495168499705549e+00,4.024922359499621294e+00,2.683281572999747677e+00,3.577708763999663422e+00,3.801315561749642136e+00,4.919349550499537038e+00,4.024922359499621294e+00,2.906888370749726391e+00,3.354101966249684263e+00,6.708203932499369193e-01,-4.472135954999579277e-01,0.000000000000000000e+00,-2.459674775249768519e+00,-4.472135954999579277e-01,-1.118033988749894903e+00,-1.565247584249852775e+00,-2.683281572999747677e+00,-1.565247584249852775e+00,-8.944271909999158554e-01,-8.944271909999158554e-01,-8.944271909999158554e-01,6.708203932499369193e-01,3.354101966249684263e+00,2.236067977499789805e+00,3.577708763999663422e+00,1.341640786499873839e+00,-2.236067977499789639e-01,1.565247584249852775e+00,2.236067977499789639e-01,-1.788854381999831711e+00,-6.708203932499369193e-01,-2.236067977499789639e-01,-8.944271909999158554e-01,-8.944271909999158554e-01,-6.708203932499369193e-01,-2.236067977499789639e-01,-2.236067977499789639e-01,0.000000000000000000e+00,-2.236067977499789639e-01,1.341640786499873839e+00,6.708203932499369193e-01,1.118033988749894903e+00,2.236067977499789805e+00,2.683281572999747677e+00,3.577708763999663422e+00,2.236067977499789805e+00,3.577708763999663422e+00,4.695742752749557880e+00,2.683281572999747677e+00,2.683281572999747677e+00,2.236067977499789805e+00,1.565247584249852775e+00,-8.944271909999158554e-01,-1.118033988749894903e+00,-3.801315561749642136e+00,-4.024922359499621294e+00,-2.459674775249768519e+00,-8.944271909999158554e-01,8.944271909999158554e-01,1.565247584249852775e+00,6.708203932499369193e-01,-2.236067977499789639e-01,-2.906888370749726391e+00,-1.565247584249852775e+00,-3.130495168499705549e+00,-5.142956348249516196e+00,-3.577708763999663422e+00,-3.354101966249684263e+00,-3.130495168499705549e+00,-1.788854381999831711e+00,-8.944271909999158554e-01,2.236067977499789639e-01,2.012461179749810647e+00,1.118033988749894903e+00,8.944271909999158554e-01,1.118033988749894903e+00,1.341640786499873839e+00,2.236067977499789639e-01,1.788854381999831711e+00,1.565247584249852775e+00,8.944271909999158554e-01,6.708203932499369193e-01,2.236067977499789639e-01,-8.944271909999158554e-01,-4.472135954999579277e-01,-3.577708763999663422e+00,-1.788854381999831711e+00,-1.118033988749894903e+00,-4.472135954999579277e-01,-8.944271909999158554e-01,1.118033988749894903e+00,1.118033988749894903e+00,1.118033988749894903e+00,1.565247584249852775e+00,2.459674775249768519e+00,3.577708763999663422e+00,3.130495168499705549e+00,2.236067977499789805e+00,1.788854381999831711e+00,1.118033988749894903e+00,3.577708763999663422e+00,4.472135954999579610e+00,5.142956348249516196e+00,5.590169943749473624e+00,6.037383539249431941e+00,8.720665112249179174e+00,8.273451516749220858e+00,6.708203932499368527e+00,6.931810730249347685e+00,6.708203932499368527e+00,5.142956348249516196e+00,6.484597134749389369e+00,5.142956348249516196e+00,3.354101966249684263e+00,4.024922359499621294e+00,2.459674775249768519e+00,1.118033988749894903e+00,2.459674775249768519e+00,1.565247584249852775e+00,8.944271909999158554e-01,-8.944271909999158554e-01,6.708203932499369193e-01,2.459674775249768519e+00,3.130495168499705549e+00,4.248529157249600452e+00,6.260990336999411099e+00,4.024922359499621294e+00,3.801315561749642136e+00,1.118033988749894903e+00,1.118033988749894903e+00,0.000000000000000000e+00,4.472135954999579277e-01,2.236067977499789639e-01,8.944271909999158554e-01,3.130495168499705549e+00,3.801315561749642136e+00,4.472135954999579610e+00,3.577708763999663422e+00,3.354101966249684263e+00,2.906888370749726391e+00,1.788854381999831711e+00,-6.708203932499369193e-01,-2.236067977499789639e-01,0.000000000000000000e+00,6.708203932499369193e-01,0.000000000000000000e+00,1.118033988749894903e+00,4.472135954999579277e-01,1.565247584249852775e+00,1.565247584249852775e+00,4.472135954999579277e-01,2.236067977499789639e-01,6.708203932499369193e-01,2.236067977499789639e-01,8.944271909999158554e-01,-2.012461179749810647e+00,-1.565247584249852775e+00,-1.788854381999831711e+00,-1.118033988749894903e+00,-2.459674775249768519e+00,-1.788854381999831711e+00,-3.354101966249684263e+00,-5.813776741499452783e+00,-6.931810730249347685e+00,-4.919349550499537038e+00,-3.130495168499705549e+00,-6.708203932499369193e-01,-8.944271909999158554e-01,-6.708203932499369193e-01,2.236067977499789639e-01,-8.944271909999158554e-01,-2.683281572999747677e+00,-4.472135954999579277e-01,0.000000000000000000e+00,-1.565247584249852775e+00,-3.130495168499705549e+00,-1.341640786499873839e+00,-1.118033988749894903e+00,0.000000000000000000e+00,-2.236067977499789639e-01,4.472135954999579277e-01,-1.118033988749894903e+00,-2.683281572999747677e+00,-2.236067977499789805e+00,-3.130495168499705549e+00,-3.577708763999663422e+00,-3.130495168499705549e+00,-1.565247584249852775e+00,-1.788854381999831711e+00,-2.459674775249768519e+00,-2.012461179749810647e+00,-2.236067977499789805e+00,-1.341640786499873839e+00,-4.248529157249600452e+00,-2.906888370749726391e+00,-3.801315561749642136e+00,-3.801315561749642136e+00,-4.695742752749557880e+00,-5.366563145999495354e+00,-6.037383539249431941e+00,-4.695742752749557880e+00,-6.260990336999411099e+00,-5.813776741499452783e+00,-4.919349550499537038e+00,-3.577708763999663422e+00,-4.472135954999579610e+00,-2.906888370749726391e+00,-4.695742752749557880e+00,-4.248529157249600452e+00,-3.577708763999663422e+00,-4.695742752749557880e+00,-4.472135954999579610e+00,-2.906888370749726391e+00,-1.788854381999831711e+00,-3.354101966249684263e+00,-3.354101966249684263e+00,-2.236067977499789639e-01,2.459674775249768519e+00,2.683281572999747677e+00,3.801315561749642136e+00,4.024922359499621294e+00,1.565247584249852775e+00,8.944271909999158554e-01,2.236067977499789805e+00,1.565247584249852775e+00,6.708203932499369193e-01,2.012461179749810647e+00,-2.236067977499789639e-01,6.708203932499369193e-01,1.341640786499873839e+00,1.118033988749894903e+00,2.236067977499789805e+00,2.683281572999747677e+00,2.236067977499789805e+00,4.472135954999579277e-01,1.788854381999831711e+00,-2.236067977499789639e-01,4.472135954999579277e-01,1.341640786499873839e+00,1.118033988749894903e+00,1.341640786499873839e+00,-1.341640786499873839e+00,-2.236067977499789639e-01,-6.708203932499369193e-01,-4.695742752749557880e+00,-5.813776741499452783e+00,-5.366563145999495354e+00,-5.813776741499452783e+00,-6.484597134749389369e+00,-7.826237921249263430e+00,-6.260990336999411099e+00,-3.801315561749642136e+00,-2.683281572999747677e+00,-2.459674775249768519e+00,-2.683281572999747677e+00,-2.683281572999747677e+00,-1.341640786499873839e+00,-8.944271909999158554e-01,4.472135954999579277e-01,2.236067977499789639e-01,4.472135954999579277e-01,-8.944271909999158554e-01,4.472135954999579277e-01,-1.788854381999831711e+00,-2.012461179749810647e+00,-4.248529157249600452e+00,-4.024922359499621294e+00,-3.577708763999663422e+00,-5.366563145999495354e+00,-6.260990336999411099e+00,-3.577708763999663422e+00,-3.577708763999663422e+00,-3.801315561749642136e+00,-3.577708763999663422e+00,-3.130495168499705549e+00,-4.248529157249600452e+00,-4.248529157249600452e+00,-3.801315561749642136e+00,-4.919349550499537038e+00,-4.248529157249600452e+00,-5.590169943749473624e+00,-6.484597134749389369e+00,-5.366563145999495354e+00,-4.248529157249600452e+00,-3.354101966249684263e+00,-5.590169943749473624e+00,-6.037383539249431941e+00,-4.695742752749557880e+00,-5.366563145999495354e+00,-5.366563145999495354e+00,-4.695742752749557880e+00,-5.813776741499452783e+00,-6.931810730249347685e+00,-4.248529157249600452e+00,-5.590169943749473624e+00,-4.695742752749557880e+00,-3.354101966249684263e+00,-2.459674775249768519e+00,-4.472135954999579277e-01,-8.944271909999158554e-01,-1.565247584249852775e+00,-2.683281572999747677e+00,-2.906888370749726391e+00,-2.236067977499789805e+00,0.000000000000000000e+00,-2.236067977499789639e-01,-1.788854381999831711e+00,-1.788854381999831711e+00,-1.788854381999831711e+00,-1.118033988749894903e+00,-2.236067977499789639e-01,4.472135954999579277e-01,2.236067977499789639e-01,1.118033988749894903e+00,2.459674775249768519e+00,1.118033988749894903e+00,1.118033988749894903e+00,1.565247584249852775e+00,3.354101966249684263e+00,2.012461179749810647e+00,6.708203932499369193e-01,-4.472135954999579277e-01,2.236067977499789805e+00,2.012461179749810647e+00,8.944271909999158554e-01,-1.788854381999831711e+00,2.236067977499789639e-01,-8.944271909999158554e-01,-2.906888370749726391e+00,-2.236067977499789805e+00,-4.472135954999579277e-01,4.472135954999579277e-01,4.472135954999579277e-01,2.683281572999747677e+00,4.024922359499621294e+00,1.565247584249852775e+00,-8.944271909999158554e-01,0.000000000000000000e+00,2.236067977499789639e-01,4.472135954999579277e-01,4.472135954999579277e-01,0.000000000000000000e+00,8.944271909999158554e-01,1.788854381999831711e+00,1.565247584249852775e+00,8.944271909999158554e-01,2.459674775249768519e+00,3.354101966249684263e+00,6.260990336999411099e+00,6.484597134749389369e+00,6.037383539249431941e+00,8.497058314499200904e+00,9.615092303249095806e+00,8.049844718999242588e+00,7.826237921249263430e+00,1.006230589874905235e+01,9.167878707749137490e+00,1.095673308974896898e+01,1.028591269649903239e+01,8.273451516749220858e+00,7.379024325749306001e+00,6.708203932499368527e+00,7.826237921249263430e+00,8.049844718999242588e+00,8.497058314499200904e+00,7.602631123499284271e+00,7.155417527999326843e+00,7.379024325749306001e+00,7.602631123499284271e+00,6.931810730249347685e+00,6.484597134749389369e+00,4.695742752749557880e+00,5.590169943749473624e+00,3.130495168499705549e+00,3.354101966249684263e+00,2.683281572999747677e+00,4.248529157249600452e+00,4.472135954999579610e+00,4.472135954999579610e+00,3.354101966249684263e+00
-4.919349550499537038e+00,-4.472135954999579610e+00,-4.248529157249600452e+00,-3.354101966249684263e+00,-4.919349550499537038e+00,-3.130495168499705549e+00,-1.788854381999831711e+00,-2.012461179749810647e+00,-8.944271909999158554e-01,-3.130495168499705549e+00,-4.024922359499621294e+00,-2.459674775249768519e+00,-1.788854381999831711e+00,-1.565247584249852775e+00,8.944271909999158554e-01,1.341640786499873839e+00,6.708203932499369193e-01,-6.708203932499369193e-01,-1.565247584249852775e+00,2.236067977499789639e-01,-6.708203932499369193e-01,-8.944271909999158554e-01,-1.788854381999831711e+00,-2.012461179749810647e+00,-2.236067977499789639e-01,-4.472135954999579277e-01,-1.788854381999831711e+00,-2.459674775249768519e+00,-3.801315561749642136e+00,-4.472135954999579610e+00,-3.801315561749642136e+00,-4.024922359499621294e+00,-3.354101966249684263e+00,-5.590169943749473624e+00,-6.037383539249431941e+00,-5.813776741499452783e+00,-4.695742752749557880e+00,-4.695742752749557880e+00,-5.590169943749473624e+00,-4.695742752749557880e+00,-3.130495168499705549e+00,-3.801315561749642136e+00,-2.906888370749726391e+00,-6.708203932499369193e-01,-4.472135954999579277e-01,8.944271909999158554e-01,1.788854381999831711e+00,2.459674775249768519e+00,2.683281572999747677e+00,3.577708763999663422e+00,2.459674775249768519e+00,1.565247584249852775e+00,8.944271909999158554e-01,1.565247584249852775e+00,1.341640786499873839e+00,2.906888370749726391e+00,1.788854381999831711e+00,8.944271909999158554e-01,6.708203932499369193e-01,1.118033988749894903e+00,2.012461179749810647e+00,-2.236067977499789639e-01,1.118033988749894903e+00,1.565247584249852775e+00,8.944271909999158554e-01,4.472135954999579277e-01,1.341640786499873839e+00,8.944271909999158554e-01,-2.236067977499789639e-01,-4.472135954999579277e-01,-8.944271909999158554e-01,-1.341640786499873839e+00,-8.944271909999158554e-01,-1.118033988749894903e+00,-2.012461179749810647e+00,-2.236067977499789805e+00,4.472135954999579277e-01,4.472135954999579277e-01,-2.236067977499789639e-01,6.708203932499369193e-01,8.944271909999158554e-01,0.000000000000000000e+00,1.118033988749894903e+00,2.459674775249768519e+00,3.577708763999663422e+00,3.801315561749642136e+00,3.801315561749642136e+00,3.577708763999663422e+00,3.801315561749642136e+00,1.565247584249852775e+00,2.236067977499789805e+00,1.565247584249852775e+00,-8.944271909999158554e-01,-4.472135954999579277e-01,4.472135954999579277e-01,8.944271909999158554e-01,-2.236067977499789639e-01,1.341640786499873839e+00,3.801315561749642136e+00,2.459674775249768519e+00,3.801315561749642136e+00,2.683281572999747677e+00,1.341640786499873839e+00,4.024922359499621294e+00,3.801315561749642136e+00,1.118033988749894903e+00,2.459674775249768519e+00,1.788854381999831711e+00,2.459674775249768519e+00,2.012461179749810647e+00,1.118033988749894903e+00,-2.236067977499789639e-01,-6.708203932499369193e-01,-4.472135954999579277e-01,0.000000000000000000e+00,2.236067977499789639e-01,8.944271909999158554e-01,1.341640786499873839e+00,-6.708203932499369193e-01,0.000000000000000000e+00,1.341640786499873839e+00,-4.472135954999579277e-01,-6.708203932499369193e-01,6.708203932499369193e-01,-1.341640786499873839e+00,8.944271909999158554e-01,1.565247584249852775e+00,2.459674775249768519e+00,2.236067977499789805e+00,4.024922359499621294e+00,5.142956348249516196e+00,6.037383539249431941e+00,7.602631123499284271e+00,8.497058314499200904e+00,6.484597134749389369e+00,4.695742752749557880e+00,3.130495168499705549e+00,4.919349550499537038e+00,4.919349550499537038e+00,4.919349550499537038e+00,6.260990336999411099e+00,4.919349550499537038e+00,4.472135954999579610e+00,3.577708763999663422e+00,5.142956348249516196e+00,4.472135954999579610e+00,5.142956348249516196e+00,3.577708763999663422e+00,6.708203932499369193e-01,-6.708203932499369193e-01,0.000000000000000000e+00,-4.472135954999579277e-01,1.118033988749894903e+00,6.708203932499369193e-01,-4.472135954999579277e-01,0.000000000000000000e+00,1.118033988749894903e+00,8.944271909999158554e-01,1.565247584249852775e+00,2.236067977499789639e-01,2.236067977499789639e-01,2.906888370749726391e+00,3.354101966249684263e+00,4.472135954999579610e+00,5.142956348249516196e+00,2.906888370749726391e+00,4.248529157249600452e+00,2.459674775249768519e+00,2.459674775249768519e+00,8.944271909999158554e-01,2.236067977499789805e+00,1.341640786499873839e+00,1.341640786499873839e+00,4.472135954999579277e-01,8.944271909999158554e-01,2.459674775249768519e+00,3.130495168499705549e+00,3.130495168499705549e+00,2.236067977499789805e+00,3.577708763999663422e+00,1.565247584249852775e+00,2.236067977499789805e+00,4.024922359499621294e+00,5.590169943749473624e+00,5.142956348249516196e+00,4.695742752749557880e+00,6.931810730249347685e+00,8.944271909999159220e+00,8.049844718999242588e+00,7.602631123499284271e+00,6.260990336999411099e+00,5.366563145999495354e+00,6.260990336999411099e+00,6.484597134749389369e+00,6.931810730249347685e+00,6.931810730249347685e+00,5.590169943749473624e+00,4.919349550499537038e+00,3.577708763999663422e+00,4.472135954999579610e+00,3.801315561749642136e+00,4.248529157249600452e+00,5.142956348249516196e+00,5.366563145999495354e+00,6.037383539249431941e+00,3.130495168499705549e+00,3.577708763999663422e+00,3.130495168499705549e+00,3.130495168499705549e+00,4.472135954999579610e+00,3.801315561749642136e+00,2.236067977499789805e+00,2.459674775249768519e+00,4.472135954999579610e+00,4.472135954999579610e+00,3.577708763999663422e+00,3.354101966249684263e+00,8.944271909999158554e-01,-2.236067977499789639e-01,-6.708203932499369193e-01,-4.472135954999579277e-01,-6.708203932499369193e-01,0.000000000000000000e+00,2.236067977499789639e-01,2.236067977499789805e+00,2.906888370749726391e+00,2.906888370749726391e+00,2.459674775249768519e+00,3.577708763999663422e+00,1.118033988749894903e+00,3.577708763999663422e+00,5.366563145999495354e+00,5.813776741499452783e+00,6.037383539249431941e+00,6.037383539249431941e+00,5.142956348249516196e+00,3.130495168499705549e+00,3.577708763999663422e+00,5.813776741499452783e+00,5.590169943749473624e+00,5.813776741499452783e+00,4.024922359499621294e+00,2.906888370749726391e+00,6.708203932499369193e-01,2.236067977499789639e-01,1.565247584249852775e+00,2.012461179749810647e+00,1.788854381999831711e+00,4.472135954999579277e-01,0.000000000000000000e+00,-4.472135954999579277e-01,-2.683281572999747677e+00,-2.236067977499789805e+00,-1.565247584249852775e+00,-6.708203932499369193e-01,-6.708203932499369193e-01,-1.118033988749894903e+00,-2.236067977499789805e+00,-2.012461179749810647e+00,-1.788854381999831711e+00,-2.906888370749726391e+00,-2.012461179749810647e+00,-2.012461179749810647e+00,-4.472135954999579277e-01,-1.118033988749894903e+00,-3.801315561749642136e+00,-2.683281572999747677e+00,-3.354101966249684263e+00,-4.024922359499621294e+00,-4.695742752749557880e+00,-4.695742752749557880e+00,-4.919349550499537038e+00,-4.919349550499537038e+00,-4.919349550499537038e+00,-3.577708763999663422e+00,-4.695742752749557880e+00,-3.801315561749642136e+00,-1.118033988749894903e+00,-2.236067977499789639e-01,-8.944271909999158554e-01,-1.788854381999831711e+00,-1.565247584249852775e+00,-4.472135954999579277e-01,-4.472135954999579277e-01,1.118033988749894903e+00,8.944271909999158554e-01,-8.944271909999158554e-01,6.708203932499369193e-01,2.459674775249768519e+00,2.683281572999747677e+00,4.248529157249600452e+00,4.472135954999579610e+00,2.906888370749726391e+00,3.354101966249684263e+00,2.906888370749726391e+00,2.906888370749726391e+00,2.683281572999747677e+00,3.801315561749642136e+00,2.683281572999747677e+00,3.130495168499705549e+00,1.565247584249852775e+00,3.130495168499705549e+00,4.024922359499621294e+00,2.906888370749726391e+00,2.683281572999747677e+00,1.341640786499873839e+00,2.012461179749810647e+00,1.341640786499873839e+00,1.118033988749894903e+00,1.788854381999831711e+00,6.708203932499369193e-01,6.708203932499369193e-01,1.118033988749894903e+00,-4.472135954999579277e-01,-2.236067977499789639e-01,-2.012461179749810647e+00,-6.708203932499369193e-01,-1.565247584249852775e+00,-1.565247584249852775e+00,-1.118033988749894903e+00,-1.118033988749894903e+00,2.236067977499789639e-01,2.236067977499789639e-01,4.472135954999579277e-01,0.000000000000000000e+00,-2.012461179749810647e+00,-1.118033988749894903e+00,-1.118033988749894903e+00,-1.118033988749894903e+00,-2.012461179749810647e+00,-1.565247584249852775e+00,-1.788854381999831711e+00,-4.472135954999579277e-01,6.708203932499369193e-01,-4.472135954999579277e-01,-1.118033988749894903e+00,-4.472135954999579277e-01,-2.236067977499789639e-01,1.341640786499873839e+00,2.012461179749810647e+00,8.944271909999158554e-01,1.788854381999831711e+00,-4.472135954999579277e-01,-8.944271909999158554e-01,-1.118033988749894903e+00,-4.472135954999579277e-01,1.565247584249852775e+00,1.565247584249852775e+00,2.012461179749810647e+00,2.012461179749810647e+00,1.118033988749894903e+00,1.118033988749894903e+00,2.459674775249768519e+00,4.472135954999579277e-01,-1.341640786499873839e+00,-2.683281572999747677e+00,-3.130495168499705549e+00,-6.708203932499369193e-01,-6.708203932499369193e-01,-4.472135954999579277e-01,-4.472135954999579277e-01,-4.472135954999579277e-01,0.000000000000000000e+00,0.000000000000000000e+00,6.708203932499369193e-01,1.118033988749894903e+00,2.683281572999747677e+00,3.577708763999663422e+00,-2.236067977499789639e-01,0.000000000000000000e+00,-2.236067977499789639e-01,-2.906888370749726391e+00,-3.130495168499705549e+00,-3.130495168499705549e+00,-4.024922359499621294e+00,-2.236067977499789805e+00,-2.459674775249768519e+00,-4.472135954999579610e+00,-5.366563145999495354e+00,-5.366563145999495354e+00,-4.024922359499621294e+00,-4.248529157249600452e+00,-4.695742752749557880e+00,-4.024922359499621294e+00,-3.130495168499705549e+00,-4.248529157249600452e+00,-3.577708763999663422e+00,-2.683281572999747677e+00,-3.577708763999663422e+00,-3.577708763999663422e+00,-2.012461179749810647e+00,-3.130495168499705549e+00,-1.788854381999831711e+00,-1.341640786499873839e+00,-1.788854381999831711e+00,-4.024922359499621294e+00,-4.919349550499537038e+00,-4.919349550499537038e+00,-4.919349550499537038e+00,-5.590169943749473624e+00,-6.260990336999411099e+00,-4.919349550499537038e+00,-6.260990336999411099e+00,-6.260990336999411099e+00,-8.273451516749220858e+00,-6.931810730249347685e+00,-5.590169943749473624e+00,-6.037383539249431941e+00,-4.919349550499537038e+00,-3.801315561749642136e+00,-5.366563145999495354e+00,-3.801315561749642136e+00,-4.695742752749557880e+00,-3.130495168499705549e+00,-3.130495168499705549e+00,-2.236067977499789805e+00,-2.683281572999747677e+00,-6.708203932499369193e-01,-6.708203932499369193e-01,2.236067977499789639e-01,-1.118033988749894903e+00,-1.118033988749894903e+00,-8.944271909999158554e-01,-4.472135954999579277e-01,-8.944271909999158554e-01,-6.708203932499369193e-01,-2.236067977499789805e+00,-4.472135954999579277e-01,-8.944271909999158554e-01,-6.708203932499369193e-01,0.000000000000000000e+00,-8.944271909999158554e-01,-2.236067977499789639e-01,6.708203932499369193e-01,-1.341640786499873839e+00,-1.341640786499873839e+00,-1.118033988749894903e+00,4.472135954999579277e-01,4.472135954999579277e-01,6.708203932499369193e-01,1.118033988749894903e+00,4.472135954999579277e-01,1.788854381999831711e+00,3.801315561749642136e+00,3.577708763999663422e+00,3.130495168499705549e+00,2.012461179749810647e+00,2.459674775249768519e+00,1.118033988749894903e+00,1.341640786499873839e+00,4.472135954999579277e-01,1.118033988749894903e+00,1.565247584249852775e+00,0.000000000000000000e+00,-2.236067977499789639e-01,-1.118033988749894903e+00,-2.236067977499789639e-01,0.000000000000000000e+00,4.472135954999579277e-01,8.944271909999158554e-01,1.565247584249852775e+00,2.459674775249768519e+00,3.354101966249684263e+00,2.906888370749726391e+00,4.919349550499537038e+00,5.366563145999495354e+00,6.037383539249431941e+00,4.919349550499537038e+00,2.906888370749726391e+00,1.788854381999831711e+00,2.459674775249768519e+00,3.354101966249684263e+00,1.565247584249852775e+00,2.459674775249768519e+00,3.130495168499705549e+00,2.459674775249768519e+00,6.708203932499369193e-01,2.236067977499789639e-01,1.565247584249852775e+00,6.708203932499369193e-01,1.118033988749894903e+00,1.341640786499873839e+00,0.000000000000000000e+00,-8.944271909999158554e-01,1.565247584249852775e+00,4.472135954999579277e-01,-6.708203932499369193e-01,-2.236067977499789639e-01,4.472135954999579277e-01,-8.944271909999158554e-01,-1.118033988749894903e+00,8.944271909999158554e-01,6.708203932499369193e-01,1.565247584249852775e+00,5.142956348249516196e+00,3.801315561749642136e+00,4.248529157249600452e+00,4.472135954999579610e+00,6.037383539249431941e+00,4.024922359499621294e+00
2.683281572999747677e+00,6.037383539249431941e+00,5.142956348249516196e+00,6.484597134749389369e+00,5.366563145999495354e+00,2.906888370749726391e+00,3.801315561749642136e+00,2.012461179749810647e+00,2.236067977499789805e+00,2.459674775249768519e+00,8.944271909999158554e-01,8.944271909999158554e-01,-6.708203932499369193e-01,8.944271909999158554e-01,8.944271909999158554e-01,4.472135954999579277e-01,-6.708203932499369193e-01,-2.236067977499789805e+00,-2.683281572999747677e+00,-1.565247584249852775e+00,-2.236067977499789805e+00,-3.354101966249684263e+00,-2.683281572999747677e+00,-3.577708763999663422e+00,-3.130495168499705549e+00,-4.472135954999579610e+00,-6.260990336999411099e+00,-5.813776741499452783e+00,-5.366563145999495354e+00,-4.472135954999579610e+00,-3.354101966249684263e+00,-3.130495168499705549e+00,-2.683281572999747677e+00,-2.236067977499789805e+00,-3.801315561749642136e+00,-3.801315561749642136e+00,-2.683281572999747677e+00,-2.012461179749810647e+00,-2.459674775249768519e+00,-4.472135954999579610e+00,-2.906888370749726391e+00,-2.236067977499789805e+00,-2.459674775249768519e+00,-1.118033988749894903e+00,0.000000000000000000e+00,-4.472135954999579277e-01,2.236067977499789639e-01,-6.708203932499369193e-01,1.118033988749894903e+00,4.472135954999579277e-01,-6.708203932499369193e-01,2.236067977499789639e-01,2.906888370749726391e+00,1.565247584249852775e+00,4.472135954999579277e-01,-2.459674775249768519e+00,-2.683281572999747677e+00,-2.906888370749726391e+00,-3.130495168499705549e+00,-2.906888370749726391e+00,-3.130495168499705549e+00,-3.130495168499705549e+00,-2.683281572999747677e+00,-2.906888370749726391e+00,-1.118033988749894903e+00,-2.459674775249768519e+00,-2.236067977499789639e-01,1.565247584249852775e+00,2.236067977499789805e+00,8.944271909999158554e-01,8.944271909999158554e-01,1.118033988749894903e+00,8.944271909999158554e-01,-6.708203932499369193e-01,0.000000000000000000e+00,4.472135954999579277e-01,-2.236067977499789639e-01,-1.118033988749894903e+00,0.000000000000000000e+00,-8.944271909999158554e-01,-4.472135954999579277e-01,-2.683281572999747677e+00,-3.130495168499705549e+00,-1.118033988749894903e+00,-6.708203932499369193e-01,-6.708203932499369193e-01,-6.708203932499369193e-01,-2.012461179749810647e+00,-4.472135954999579277e-01,0.000000000000000000e+00,-2.236067977499789639e-01,2.012461179749810647e+00,2.012461179749810647e+00,8.944271909999158554e-01,6.708203932499369193e-01,2.012461179749810647e+00,2.012461179749810647e+00,-4.472135954999579277e-01,8.944271909999158554e-01,0.000000000000000000e+00,-2.236067977499789639e-01,2.012461179749810647e+00,2.683281572999747677e+00,2.906888370749726391e+00,3.577708763999663422e+00,1.565247584249852775e+00,1.565247584249852775e+00,1.788854381999831711e+00,2.236067977499789639e-01,1.118033988749894903e+00,6.708203932499369193e-01,2.236067977499789639e-01,2.236067977499789639e-01,-1.565247584249852775e+00,-1.341640786499873839e+00,6.708203932499369193e-01,8.944271909999158554e-01,2.236067977499789805e+00,3.130495168499705549e+00,5.142956348249516196e+00,6.708203932499368527e+00,5.142956348249516196e+00,2.906888370749726391e+00,3.577708763999663422e+00,2.906888370749726391e+00,1.341640786499873839e+00,2.906888370749726391e+00,3.354101966249684263e+00,2.012461179749810647e+00,1.565247584249852775e+00,2.012461179749810647e+00,3.577708763999663422e+00,4.024922359499621294e+00,4.024922359499621294e+00,5.590169943749473624e+00,4.024922359499621294e+00,4.024922359499621294e+00,3.130495168499705549e+00,3.577708763999663422e+00,3.130495168499705549e+00,3.130495168499705549e+00,3.130495168499705549e+00,4.919349550499537038e+00,5.142956348249516196e+00,7.155417527999326843e+00,6.260990336999411099e+00,7.602631123499284271e+00,5.813776741499452783e+00,6.484597134749389369e+00,5.813776741499452783e+00,6.260990336999411099e+00,6.260990336999411099e+00,6.931810730249347685e+00,6.037383539249431941e+00,7.602631123499284271e+00,8.497058314499200904e+00,8.273451516749220858e+00,8.273451516749220858e+00,6.037383539249431941e+00,6.484597134749389369e+00,8.273451516749220858e+00,6.708203932499368527e+00,6.037383539249431941e+00,7.155417527999326843e+00,6.260990336999411099e+00,6.708203932499368527e+00,4.919349550499537038e+00,3.577708763999663422e+00,3.354101966249684263e+00,2.012461179749810647e+00,2.459674775249768519e+00,1.565247584249852775e+00,3.354101966249684263e+00,3.801315561749642136e+00,1.788854381999831711e+00,2.459674775249768519e+00,3.577708763999663422e+00,1.341640786499873839e+00,2.236067977499789639e-01,-2.012461179749810647e+00,0.000000000000000000e+00,2.012461179749810647e+00,6.708203932499369193e-01,0.000000000000000000e+00,0.000000000000000000e+00,6.708203932499369193e-01,8.944271909999158554e-01,1.788854381999831711e+00,-8.944271909999158554e-01,-2.683281572999747677e+00,-4.919349550499537038e+00,-6.484597134749389369e+00,-5.142956348249516196e+00,-5.590169943749473624e+00,-5.813776741499452783e+00,-4.024922359499621294e+00,-3.577708763999663422e+00,-2.906888370749726391e+00,-1.341640786499873839e+00,-4.472135954999579277e-01,-1.341640786499873839e+00,-4.472135954999579277e-01,-1.788854381999831711e+00,-2.236067977499789805e+00,-2.012461179749810647e+00,-1.788854381999831711e+00,-8.944271909999158554e-01,-2.236067977499789639e-01,1.565247584249852775e+00,2.236067977499789639e-01,2.683281572999747677e+00,1.788854381999831711e+00,2.683281572999747677e+00,3.577708763999663422e+00,4.472135954999579610e+00,4.248529157249600452e+00,3.354101966249684263e+00,4.919349550499537038e+00,5.813776741499452783e+00,5.813776741499452783e+00,2.683281572999747677e+00,2.012461179749810647e+00,2.459674775249768519e+00,5.142956348249516196e+00,4.695742752749557880e+00,4.248529157249600452e+00,4.919349550499537038e+00,7.155417527999326843e+00,6.708203932499368527e+00,8.273451516749220858e+00,8.049844718999242588e+00,6.931810730249347685e+00,5.142956348249516196e+00,5.813776741499452783e+00,3.801315561749642136e+00,5.142956348249516196e+00,3.354101966249684263e+00,5.142956348249516196e+00,6.260990336999411099e+00,6.931810730249347685e+00,6.931810730249347685e+00,5.590169943749473624e+00,5.142956348249516196e+00,4.248529157249600452e+00,3.130495168499705549e+00,8.944271909999158554e-01,6.708203932499369193e-01,1.341640786499873839e+00,1.788854381999831711e+00,-1.565247584249852775e+00,2.236067977499789639e-01,-4.472135954999579277e-01,2.236067977499789639e-01,4.472135954999579277e-01,2.236067977499789639e-01,1.118033988749894903e+00,1.788854381999831711e+00,8.944271909999158554e-01,4.472135954999579277e-01,-1.118033988749894903e+00,1.341640786499873839e+00,1.118033988749894903e+00,6.708203932499369193e-01,1.788854381999831711e+00,1.788854381999831711e+00,1.341640786499873839e+00,-4.472135954999579277e-01,6.708203932499369193e-01,1.565247584249852775e+00,2.683281572999747677e+00,4.024922359499621294e+00,4.024922359499621294e+00,3.577708763999663422e+00,2.012461179749810647e+00,1.118033988749894903e+00,6.708203932499369193e-01,-2.012461179749810647e+00,-3.354101966249684263e+00,-2.012461179749810647e+00,-2.683281572999747677e+00,-2.906888370749726391e+00,-8.944271909999158554e-01,-1.118033988749894903e+00,0.000000000000000000e+00,-8.944271909999158554e-01,-2.459674775249768519e+00,-3.577708763999663422e+00,-1.565247584249852775e+00,-1.565247584249852775e+00,-8.944271909999158554e-01,-1.118033988749894903e+00,1.565247584249852775e+00,4.248529157249600452e+00,5.813776741499452783e+00,8.049844718999242588e+00,8.497058314499200904e+00,9.167878707749137490e+00,6.931810730249347685e+00,6.931810730249347685e+00,6.708203932499368527e+00,5.142956348249516196e+00,4.024922359499621294e+00,2.906888370749726391e+00,8.944271909999158554e-01,-6.708203932499369193e-01,-8.944271909999158554e-01,-2.906888370749726391e+00,-1.118033988749894903e+00,-1.788854381999831711e+00,-2.459674775249768519e+00,-1.788854381999831711e+00,-2.459674775249768519e+00,-1.565247584249852775e+00,-3.130495168499705549e+00,-3.801315561749642136e+00,-3.130495168499705549e+00,-4.472135954999579610e+00,-4.248529157249600452e+00,-2.683281572999747677e+00,-1.788854381999831711e+00,-1.788854381999831711e+00,-1.341640786499873839e+00,-2.012461179749810647e+00,-6.708203932499369193e-01,-2.012461179749810647e+00,-3.801315561749642136e+00,-3.354101966249684263e+00,-1.118033988749894903e+00,4.472135954999579277e-01,6.708203932499369193e-01,6.708203932499369193e-01,2.236067977499789639e-01,1.118033988749894903e+00,1.565247584249852775e+00,1.788854381999831711e+00,1.565247584249852775e+00,-2.236067977499789639e-01,2.236067977499789639e-01,-1.341640786499873839e+00,-2.012461179749810647e+00,-1.788854381999831711e+00,-2.906888370749726391e+00,-2.012461179749810647e+00,-1.788854381999831711e+00,-8.944271909999158554e-01,-2.683281572999747677e+00,-1.565247584249852775e+00,-2.906888370749726391e+00,-2.012461179749810647e+00,-3.130495168499705549e+00,-1.118033988749894903e+00,-2.906888370749726391e+00,-2.236067977499789805e+00,-2.236067977499789805e+00,-1.565247584249852775e+00,-8.944271909999158554e-01,-2.012461179749810647e+00,-3.354101966249684263e+00,-3.130495168499705549e+00,0.000000000000000000e+00,2.236067977499789805e+00,2.236067977499789639e-01,1.118033988749894903e+00,2.012461179749810647e+00,2.012461179749810647e+00,4.024922359499621294e+00,4.919349550499537038e+00,4.024922359499621294e+00,2.906888370749726391e+00,4.248529157249600452e+00,5.366563145999495354e+00,6.260990336999411099e+00,5.142956348249516196e+00,2.906888370749726391e+00,3.577708763999663422e+00,3.577708763999663422e+00,3.130495168499705549e+00,2.683281572999747677e+00,4.024922359499621294e+00,2.236067977499789805e+00,1.118033988749894903e+00,1.341640786499873839e+00,-1.118033988749894903e+00,-2.459674775249768519e+00,-1.788854381999831711e+00,-2.459674775249768519e+00,-4.024922359499621294e+00,-3.577708763999663422e+00,-4.248529157249600452e+00,-4.248529157249600452e+00,-1.565247584249852775e+00,-6.708203932499369193e-01,-3.354101966249684263e+00,-2.906888370749726391e+00,-3.577708763999663422e+00,-2.906888370749726391e+00,-2.459674775249768519e+00,-1.341640786499873839e+00,-4.472135954999579277e-01,-1.118033988749894903e+00,-2.906888370749726391e+00,-3.577708763999663422e+00,-2.683281572999747677e+00,-2.236067977499789805e+00,-4.248529157249600452e+00,-6.037383539249431941e+00,-4.695742752749557880e+00,-5.366563145999495354e+00,-4.024922359499621294e+00,-3.801315561749642136e+00,-2.236067977499789805e+00,-1.341640786499873839e+00,-2.459674775249768519e+00,-6.708203932499369193e-01,-4.472135954999579277e-01,6.708203932499369193e-01,1.341640786499873839e+00,1.565247584249852775e+00,0.000000000000000000e+00,1.341640786499873839e+00,2.236067977499789805e+00,1.565247584249852775e+00,1.788854381999831711e+00,6.708203932499369193e-01,4.472135954999579277e-01,0.000000000000000000e+00,0.000000000000000000e+00,0.000000000000000000e+00,1.565247584249852775e+00,4.024922359499621294e+00,4.695742752749557880e+00,5.813776741499452783e+00,5.590169943749473624e+00,5.590169943749473624e+00,5.590169943749473624e+00,5.813776741499452783e+00,5.813776741499452783e+00,5.590169943749473624e+00,4.024922359499621294e+00,2.236067977499789805e+00,2.906888370749726391e+00,2.459674775249768519e+00,2.012461179749810647e+00,0.000000000000000000e+00,-1.118033988749894903e+00,-6.708203932499369193e-01,2.236067977499789639e-01,1.565247584249852775e+00,2.459674775249768519e+00,4.024922359499621294e+00,4.024922359499621294e+00,4.248529157249600452e+00,2.906888370749726391e+00,4.024922359499621294e+00,1.788854381999831711e+00,2.459674775249768519e+00,3.354101966249684263e+00,2.906888370749726391e+00,4.919349550499537038e+00,4.919349550499537038e+00,4.919349550499537038e+00,4.695742752749557880e+00,5.142956348249516196e+00,4.919349550499537038e+00,3.130495168499705549e+00,8.944271909999158554e-01,4.472135954999579277e-01,-2.236067977499789639e-01,-6.708203932499369193e-01,-2.236067977499789639e-01,0.000000000000000000e+00,-4.472135954999579277e-01,0.000000000000000000e+00,2.012461179749810647e+00,3.354101966249684263e+00,1.118033988749894903e+00,8.944271909999158554e-01,1.341640786499873839e+00,6.708203932499369193e-01,4.472135954999579277e-01,2.236067977499789639e-01,-4.472135954999579277e-01,6.708203932499369193e-01,2.906888370749726391e+00,4.472135954999579610e+00,3.354101966249684263e+00,4.024922359499621294e+00,3.130495168499705549e+00,3.130495168499705549e+00,3.577708763999663422e+00,4.024922359499621294e+00,4.472135954999579610e+00,2.683281572999747677e+00,2.236067977499789805e+00,0.000000000000000000e+00,-1.341640786499873839e+00,-4.472135954999579277e-01,1.118033988749894903e+00,1.341640786499873839e+00,2.236067977499789805e+00
1.565247584249852775e+00,1.341640786499873839e+00,1.341640786499873839e+00,6.708203932499369193e-01,-2.236067977499789639e-01,-1.788854381999831711e+00,-1.118033988749894903e+00,-2.683281572999747677e+00,-3.130495168499705549e+00,-4.248529157249600452e+00,-4.248529157249600452e+00,-2.906888370749726391e+00,-2.906888370749726391e+00,-3.577708763999663422e+00,-2.683281572999747677e+00,-1.118033988749894903e+00,-8.944271909999158554e-01,-1.341640786499873839e+00,-2.236067977499789639e-01,0.000000000000000000e+00,-1.565247584249852775e+00,-2.236067977499789805e+00,-3.130495168499705549e+00,-2.459674775249768519e+00,-4.248529157249600452e+00,-3.130495168499705549e+00,-5.142956348249516196e+00,-6.260990336999411099e+00,-5.813776741499452783e+00,-6.037383539249431941e+00,-5.366563145999495354e+00,-5.366563145999495354e+00,-4.472135954999579610e+00,-4.472135954999579610e+00,-1.341640786499873839e+00,-1.565247584249852775e+00,-1.341640786499873839e+00,-4.472135954999579277e-01,8.944271909999158554e-01,8.944271909999158554e-01,6.708203932499369193e-01,-8.944271909999158554e-01,-4.472135954999579277e-01,2.012461179749810647e+00,2.906888370749726391e+00,3.354101966249684263e+00,-2.236067977499789639e-01,1.565247584249852775e+00,2.236067977499789805e+00,4.024922359499621294e+00,3.577708763999663422e+00,3.130495168499705549e+00,4.024922359499621294e+00,2.236067977499789805e+00,2.236067977499789639e-01,6.708203932499369193e-01,-6.708203932499369193e-01,-4.472135954999579277e-01,8.944271909999158554e-01,-4.472135954999579277e-01,-1.565247584249852775e+00,4.472135954999579277e-01,-3.801315561749642136e+00,-5.590169943749473624e+00,-4.695742752749557880e+00,-2.683281572999747677e+00,-1.565247584249852775e+00,-1.118033988749894903e+00,-8.944271909999158554e-01,-4.472135954999579277e-01,-6.708203932499369193e-01,-1.118033988749894903e+00,-4.472135954999579277e-01,1.118033988749894903e+00,2.012461179749810647e+00,2.012461179749810647e+00,2.459674775249768519e+00,2.906888370749726391e+00,2.012461179749810647e+00,2.236067977499789805e+00,8.944271909999158554e-01,1.788854381999831711e+00,-2.236067977499789639e-01,-1.565247584249852775e+00,-2.012461179749810647e+00,-3.130495168499705549e+00,-1.565247584249852775e+00,-6.708203932499369193e-01,-1.565247584249852775e+00,-1.788854381999831711e+00,-3.130495168499705549e+00,-2.012461179749810647e+00,-1.788854381999831711e+00,-1.788854381999831711e+00,-2.459674775249768519e+00,-2.012461179749810647e+00,-1.341640786499873839e+00,-1.565247584249852775e+00,-2.236067977499789805e+00,-3.354101966249684263e+00,-5.142956348249516196e+00,-4.472135954999579610e+00,-4.024922359499621294e+00,-6.037383539249431941e+00,-6.260990336999411099e+00,-6.484597134749389369e+00,-5.366563145999495354e+00,-5.142956348249516196e+00,-4.695742752749557880e+00,-5.142956348249516196e+00,-3.801315561749642136e+00,-1.565247584249852775e+00,-2.012461179749810647e+00,-1.118033988749894903e+00,-1.341640786499873839e+00,0.000000000000000000e+00,4.472135954999579277e-01,-2.236067977499789639e-01,-1.341640786499873839e+00,-1.565247584249852775e+00,-1.341640786499873839e+00,-2.459674775249768519e+00,-4.024922359499621294e+00,-4.695742752749557880e+00,-5.366563145999495354e+00,-6.484597134749389369e+00,-8.273451516749220858e+00,-6.931810730249347685e+00,-6.260990336999411099e+00,-7.379024325749306001e+00,-5.366563145999495354e+00,-2.906888370749726391e+00,-3.130495168499705549e+00,-6.708203932499369193e-01,1.565247584249852775e+00,-8.944271909999158554e-01,-1.565247584249852775e+00,0.000000000000000000e+00,1.341640786499873839e+00,2.459674775249768519e+00,4.472135954999579610e+00,4.248529157249600452e+00,2.236067977499789805e+00,6.708203932499369193e-01,-1.118033988749894903e+00,-3.577708763999663422e+00,-4.024922359499621294e+00,-3.130495168499705549e+00,-1.788854381999831711e+00,-3.130495168499705549e+00,-2.683281572999747677e+00,-4.248529157249600452e+00,-3.801315561749642136e+00,-2.459674775249768519e+00,-3.801315561749642136e+00,-4.695742752749557880e+00,-4.919349550499537038e+00,-3.577708763999663422e+00,-1.788854381999831711e+00,-1.565247584249852775e+00,2.236067977499789639e-01,6.708203932499369193e-01,-8.944271909999158554e-01,1.118033988749894903e+00,1.118033988749894903e+00,1.788854381999831711e+00,2.683281572999747677e+00,2.683281572999747677e+00,4.472135954999579277e-01,0.000000000000000000e+00,1.788854381999831711e+00,4.472135954999579277e-01,1.341640786499873839e+00,3.354101966249684263e+00,1.118033988749894903e+00,-2.236067977499789639e-01,-1.118033988749894903e+00,-1.565247584249852775e+00,-1.341640786499873839e+00,-2.236067977499789639e-01,-2.236067977499789639e-01,-4.472135954999579277e-01,0.000000000000000000e+00,-2.683281572999747677e+00,-4.919349550499537038e+00,-5.142956348249516196e+00,-5.590169943749473624e+00,-3.801315561749642136e+00,-3.354101966249684263e+00,-2.906888370749726391e+00,-1.565247584249852775e+00,-1.341640786499873839e+00,0.000000000000000000e+00,6.708203932499369193e-01,1.118033988749894903e+00,-2.236067977499789639e-01,-2.459674775249768519e+00,-2.236067977499789805e+00,-1.565247584249852775e+00,-6.708203932499369193e-01,-4.472135954999579277e-01,0.000000000000000000e+00,1.118033988749894903e+00,2.236067977499789805e+00,2.683281572999747677e+00,3.354101966249684263e+00,4.248529157249600452e+00,5.142956348249516196e+00,3.354101966249684263e+00,5.142956348249516196e+00,4.695742752749557880e+00,5.590169943749473624e+00,5.366563145999495354e+00,6.484597134749389369e+00,6.931810730249347685e+00,4.919349550499537038e+00,2.906888370749726391e+00,2.459674775249768519e+00,2.236067977499789805e+00,4.024922359499621294e+00,1.118033988749894903e+00,-1.118033988749894903e+00,-1.118033988749894903e+00,-2.012461179749810647e+00,-1.341640786499873839e+00,-2.236067977499789805e+00,-1.341640786499873839e+00,-1.788854381999831711e+00,-6.708203932499369193e-01,-4.472135954999579277e-01,1.565247584249852775e+00,2.236067977499789639e-01,-1.788854381999831711e+00,-2.236067977499789805e+00,-3.354101966249684263e+00,-3.130495168499705549e+00,-4.024922359499621294e+00,-2.459674775249768519e+00,-1.341640786499873839e+00,-3.354101966249684263e+00,-2.236067977499789805e+00,-2.459674775249768519e+00,0.000000000000000000e+00,-2.236067977499789639e-01,-1.341640786499873839e+00,2.236067977499789639e-01,1.788854381999831711e+00,1.788854381999831711e+00,2.683281572999747677e+00,3.577708763999663422e+00,5.142956348249516196e+00,3.577708763999663422e+00,3.354101966249684263e+00,8.944271909999158554e-01,8.944271909999158554e-01,2.012461179749810647e+00,1.565247584249852775e+00,8.944271909999158554e-01,1.565247584249852775e+00,-2.236067977499789639e-01,-1.565247584249852775e+00,-1.788854381999831711e+00,-2.236067977499789805e+00,-2.012461179749810647e+00,2.236067977499789639e-01,8.944271909999158554e-01,8.944271909999158554e-01,2.236067977499789639e-01,2.236067977499789639e-01,0.000000000000000000e+00,8.944271909999158554e-01,-4.472135954999579277e-01,1.341640786499873839e+00,8.944271909999158554e-01,1.565247584249852775e+00,6.708203932499369193e-01,2.012461179749810647e+00,3.801315561749642136e+00,4.919349550499537038e+00,5.366563145999495354e+00,5.590169943749473624e+00,4.919349550499537038e+00,4.472135954999579610e+00,4.695742752749557880e+00,4.472135954999579610e+00,3.801315561749642136e+00,4.472135954999579610e+00,4.472135954999579610e+00,6.037383539249431941e+00,5.813776741499452783e+00,5.366563145999495354e+00,6.037383539249431941e+00,5.590169943749473624e+00,5.590169943749473624e+00,3.801315561749642136e+00,2.683281572999747677e+00,6.708203932499369193e-01,0.000000000000000000e+00,-6.708203932499369193e-01,0.000000000000000000e+00,-2.236067977499789805e+00,-3.354101966249684263e+00,-2.906888370749726391e+00,-2.236067977499789805e+00,-3.130495168499705549e+00,-3.354101966249684263e+00,-5.366563145999495354e+00,-5.142956348249516196e+00,-4.248529157249600452e+00,-3.354101966249684263e+00,-2.459674775249768519e+00,-3.801315561749642136e+00,-3.801315561749642136e+00,-2.683281572999747677e+00,-3.577708763999663422e+00,-3.130495168499705549e+00,-4.695742752749557880e+00,-5.590169943749473624e+00,-4.695742752749557880e+00,-5.590169943749473624e+00,-7.155417527999326843e+00,-8.273451516749220858e+00,-7.155417527999326843e+00,-6.931810730249347685e+00,-4.919349550499537038e+00,-5.142956348249516196e+00,-5.590169943749473624e+00,-6.708203932499368527e+00,-4.695742752749557880e+00,-2.683281572999747677e+00,-2.683281572999747677e+00,-4.695742752749557880e+00,-6.037383539249431941e+00,-5.142956348249516196e+00,-3.354101966249684263e+00,-2.683281572999747677e+00,-1.565247584249852775e+00,-2.012461179749810647e+00,-3.130495168499705549e+00,-3.354101966249684263e+00,-1.565247584249852775e+00,-2.459674775249768519e+00,-3.801315561749642136e+00,-4.472135954999579610e+00,-2.683281572999747677e+00,-2.459674775249768519e+00,-3.577708763999663422e+00,-5.142956348249516196e+00,-5.590169943749473624e+00,-6.260990336999411099e+00,-5.590169943749473624e+00,-4.695742752749557880e+00,-4.472135954999579610e+00,-4.919349550499537038e+00,-4.024922359499621294e+00,-2.236067977499789805e+00,-2.012461179749810647e+00,-2.683281572999747677e+00,-3.801315561749642136e+00,-2.683281572999747677e+00,-5.366563145999495354e+00,-4.248529157249600452e+00,-3.801315561749642136e+00,-4.472135954999579610e+00,-3.801315561749642136e+00,-3.577708763999663422e+00,-2.906888370749726391e+00,-3.801315561749642136e+00,-4.024922359499621294e+00,-3.577708763999663422e+00,-2.906888370749726391e+00,-1.565247584249852775e+00,-1.565247584249852775e+00,-4.248529157249600452e+00,-3.354101966249684263e+00,-3.354101966249684263e+00,-2.459674775249768519e+00,-2.459674775249768519e+00,-8.944271909999158554e-01,-1.341640786499873839e+00,-2.236067977499789805e+00,-3.577708763999663422e+00,-4.024922359499621294e+00,-2.012461179749810647e+00,-3.577708763999663422e+00,-2.906888370749726391e+00,-3.354101966249684263e+00,-3.130495168499705549e+00,-1.565247584249852775e+00,-1.341640786499873839e+00,2.236067977499789639e-01,4.472135954999579277e-01,8.944271909999158554e-01,1.118033988749894903e+00,1.565247584249852775e+00,2.236067977499789639e-01,-1.118033988749894903e+00,-2.236067977499789805e+00,-2.236067977499789805e+00,-2.012461179749810647e+00,-1.565247584249852775e+00,-3.354101966249684263e+00,-2.012461179749810647e+00,-2.236067977499789805e+00,-3.130495168499705549e+00,-5.590169943749473624e+00,-3.354101966249684263e+00,-3.354101966249684263e+00,-4.919349550499537038e+00,-4.248529157249600452e+00,-4.024922359499621294e+00,-4.695742752749557880e+00,-3.801315561749642136e+00,-2.906888370749726391e+00,-1.341640786499873839e+00,-1.565247584249852775e+00,-8.944271909999158554e-01,-1.788854381999831711e+00,-1.341640786499873839e+00,-1.565247584249852775e+00,-2.012461179749810647e+00,-2.236067977499789805e+00,-2.906888370749726391e+00,-2.236067977499789805e+00,-4.472135954999579277e-01,2.236067977499789805e+00,6.708203932499369193e-01,4.472135954999579277e-01,2.012461179749810647e+00,3.577708763999663422e+00,2.906888370749726391e+00,4.695742752749557880e+00,4.695742752749557880e+00,4.472135954999579610e+00,4.919349550499537038e+00,6.708203932499369193e-01,6.708203932499369193e-01,4.472135954999579277e-01,-1.341640786499873839e+00,-2.459674775249768519e+00,-2.012461179749810647e+00,-3.354101966249684263e+00,0.000000000000000000e+00,0.000000000000000000e+00,6.708203932499369193e-01,1.565247584249852775e+00,2.683281572999747677e+00,8.944271909999158554e-01,2.459674775249768519e+00,2.236067977499789805e+00,3.130495168499705549e+00,3.130495168499705549e+00,1.118033988749894903e+00,2.012461179749810647e+00,1.341640786499873839e+00,4.472135954999579277e-01,1.341640786499873839e+00,-4.472135954999579277e-01,-2.236067977499789639e-01,-6.708203932499369193e-01,-2.236067977499789805e+00,-2.683281572999747677e+00,-3.801315561749642136e+00,-4.024922359499621294e+00,-4.695742752749557880e+00,-3.801315561749642136e+00,-2.236067977499789805e+00,-2.236067977499789639e-01,-1.118033988749894903e+00,-2.236067977499789639e-01,4.472135954999579277e-01,-6.708203932499369193e-01,0.000000000000000000e+00,1.118033988749894903e+00,2.236067977499789805e+00,2.236067977499789639e-01,-2.236067977499789639e-01,1.118033988749894903e+00,2.012461179749810647e+00,0.000000000000000000e+00,2.236067977499789639e-01,-6.708203932499369193e-01,-1.118033988749894903e+00,-4.472135954999579277e-01,-2.683281572999747677e+00,-3.354101966249684263e+00,-3.354101966249684263e+00,-3.577708763999663422e+00,-4.248529157249600452e+00,-4.695742752749557880e+00,-4.472135954999579610e+00,-4.248529157249600452e+00,-4.472135954999579610e+00,-5.142956348249516196e+00,-3.801315561749642136e+00,-4.919349550499537038e+00,-4.919349550499537038e+00,-3.801315561749642136e+00,-2.012461179749810647e+00,-4.472135954999579277e-01
-4.695742752749557880e+00,-5.366563145999495354e+00,-6.708203932499368527e+00,-7.155417527999326843e+00,-6.931810730249347685e+00,-8.497058314499200904e+00,-8.720665112249179174e+00,-6.484597134749389369e+00,-6.037383539249431941e+00,-6.484597134749389369e+00,-5.813776741499452783e+00,-5.142956348249516196e+00,-5.813776741499452783e+00,-6.260990336999411099e+00,-6.037383539249431941e+00,-5.813776741499452783e+00,-4.695742752749557880e+00,-4.472135954999579610e+00,-3.577708763999663422e+00,-1.788854381999831711e+00,-3.130495168499705549e+00,-2.459674775249768519e+00,-2.012461179749810647e+00,-3.354101966249684263e+00,-2.683281572999747677e+00,-3.130495168499705549e+00,-3.130495168499705549e+00,-4.024922359499621294e+00,-5.142956348249516196e+00,-4.919349550499537038e+00,-5.142956348249516196e+00,-5.366563145999495354e+00,-5.813776741499452783e+00,-5.813776741499452783e+00,-3.577708763999663422e+00,-3.130495168499705549e+00,-3.801315561749642136e+00,-1.788854381999831711e+00,-1.341640786499873839e+00,2.236067977499789639e-01,2.012461179749810647e+00,2.683281572999747677e+00,8.944271909999158554e-01,1.118033988749894903e+00,0.000000000000000000e+00,2.236067977499789639e-01,4.472135954999579277e-01,-2.236067977499789639e-01,1.788854381999831711e+00,2.236067977499789639e-01,-1.118033988749894903e+00,-4.472135954999579277e-01,-8.944271909999158554e-01,-6.708203932499369193e-01,-1.565247584249852775e+00,-4.472135954999579277e-01,0.000000000000000000e+00,-1.341640786499873839e+00,4.472135954999579277e-01,-1.565247584249852775e+00,-2.236067977499789639e-01,6.708203932499369193e-01,6.708203932499369193e-01,1.341640786499873839e+00,1.788854381999831711e+00,1.565247584249852775e+00,-4.472135954999579277e-01,1.341640786499873839e+00,4.472135954999579277e-01,1.565247584249852775e+00,1.788854381999831711e+00,3.577708763999663422e+00,2.906888370749726391e+00,4.024922359499621294e+00,2.236067977499789805e+00,2.683281572999747677e+00,8.944271909999158554e-01,0.000000000000000000e+00,-2.236067977499789639e-01,-6.708203932499369193e-01,8.944271909999158554e-01,2.459674775249768519e+00,2.906888370749726391e+00,2.906888370749726391e+00,1.341640786499873839e+00,2.906888370749726391e+00,1.788854381999831711e+00,1.565247584249852775e+00,3.130495168499705549e+00,1.788854381999831711e+00,4.024922359499621294e+00,4.024922359499621294e+00,4.248529157249600452e+00,5.142956348249516196e+00,4.248529157249600452e+00,4.919349550499537038e+00,3.801315561749642136e+00,4.024922359499621294e+00,2.683281572999747677e+00,2.236067977499789805e+00,3.130495168499705549e+00,8.944271909999158554e-01,1.565247584249852775e+00,1.118033988749894903e+00,2.683281572999747677e+00,2.906888370749726391e+00,3.354101966249684263e+00,3.354101966249684263e+00,4.024922359499621294e+00,4.919349550499537038e+00,2.683281572999747677e+00,3.577708763999663422e+00,2.906888370749726391e+00,2.236067977499789639e-01,-1.341640786499873839e+00,-2.236067977499789639e-01,0.000000000000000000e+00,0.000000000000000000e+00,-1.565247584249852775e+00,-6.708203932499369193e-01,-2.012461179749810647e+00,-6.708203932499369193e-01,-1.341640786499873839e+00,-3.577708763999663422e+00,-2.236067977499789805e+00,-1.788854381999831711e+00,-4.472135954999579277e-01,-2.236067977499789639e-01,-6.708203932499369193e-01,8.944271909999158554e-01,1.788854381999831711e+00,2.683281572999747677e+00,4.248529157249600452e+00,5.813776741499452783e+00,6.037383539249431941e+00,4.472135954999579610e+00,6.931810730249347685e+00,5.813776741499452783e+00,6.484597134749389369e+00,4.919349550499537038e+00,5.142956348249516196e+00,6.484597134749389369e+00,8.049844718999242588e+00,8.049844718999242588e+00,7.826237921249263430e+00,7.379024325749306001e+00,6.931810730249347685e+00,5.813776741499452783e+00,5.590169943749473624e+00,5.142956348249516196e+00,4.248529157249600452e+00,2.683281572999747677e+00,2.683281572999747677e+00,4.472135954999579277e-01,2.236067977499789805e+00,2.236067977499789805e+00,4.024922359499621294e+00,5.142956348249516196e+00,5.813776741499452783e+00,6.484597134749389369e+00,6.260990336999411099e+00,6.037383539249431941e+00,3.354101966249684263e+00,6.260990336999411099e+00,6.708203932499368527e+00,4.024922359499621294e+00,3.130495168499705549e+00,2.012461179749810647e+00,1.565247584249852775e+00,1.565247584249852775e+00,1.788854381999831711e+00,1.341640786499873839e+00,6.708203932499369193e-01,-1.118033988749894903e+00,-2.459674775249768519e+00,-1.118033988749894903e+00,0.000000000000000000e+00,-1.341640786499873839e+00,-2.012461179749810647e+00,-8.944271909999158554e-01,-1.565247584249852775e+00,-2.236067977499789639e-01,1.788854381999831711e+00,-1.118033988749894903e+00,-2.012461179749810647e+00,-2.236067977499789805e+00,-1.565247584249852775e+00,-2.236067977499789639e-01,4.472135954999579277e-01,2.012461179749810647e+00,1.565247584249852775e+00,2.236067977499789805e+00,1.118033988749894903e+00,4.472135954999579277e-01,0.000000000000000000e+00,2.236067977499789639e-01,-2.012461179749810647e+00,-3.130495168499705549e+00,-1.788854381999831711e+00,-2.459674775249768519e+00,-2.236067977499789805e+00,-2.459674775249768519e+00,-6.708203932499369193e-01,-1.788854381999831711e+00,-1.788854381999831711e+00,-3.801315561749642136e+00,-3.354101966249684263e+00,-1.788854381999831711e+00,-1.118033988749894903e+00,-2.236067977499789805e+00,-2.012461179749810647e+00,-1.118033988749894903e+00,-1.788854381999831711e+00,-3.354101966249684263e+00,-3.801315561749642136e+00,-4.024922359499621294e+00,-5.366563145999495354e+00,-5.142956348249516196e+00,-5.366563145999495354e+00,-3.801315561749642136e+00,-2.236067977499789805e+00,-1.788854381999831711e+00,-2.683281572999747677e+00,-3.130495168499705549e+00,-1.341640786499873839e+00,-1.341640786499873839e+00,-1.788854381999831711e+00,-6.708203932499369193e-01,-1.341640786499873839e+00,-2.236067977499789805e+00,-2.683281572999747677e+00,-2.683281572999747677e+00,-4.024922359499621294e+00,-3.801315561749642136e+00,-4.024922359499621294e+00,-5.366563145999495354e+00,-5.366563145999495354e+00,-5.813776741499452783e+00,-3.354101966249684263e+00,-4.695742752749557880e+00,-3.354101966249684263e+00,-3.130495168499705549e+00,-1.118033988749894903e+00,-4.472135954999579277e-01,1.565247584249852775e+00,2.236067977499789805e+00,3.130495168499705549e+00,3.130495168499705549e+00,4.024922359499621294e+00,4.472135954999579610e+00,4.024922359499621294e+00,2.683281572999747677e+00,2.012461179749810647e+00,5.366563145999495354e+00,5.366563145999495354e+00,4.248529157249600452e+00,2.459674775249768519e+00,2.906888370749726391e+00,3.577708763999663422e+00,3.577708763999663422e+00,4.472135954999579610e+00,4.919349550499537038e+00,3.801315561749642136e+00,5.142956348249516196e+00,6.037383539249431941e+00,8.049844718999242588e+00,7.826237921249263430e+00,8.273451516749220858e+00,6.484597134749389369e+00,7.379024325749306001e+00,4.919349550499537038e+00,3.801315561749642136e+00,2.459674775249768519e+00,0.000000000000000000e+00,8.944271909999158554e-01,6.708203932499369193e-01,-4.472135954999579277e-01,-6.708203932499369193e-01,-1.341640786499873839e+00,2.236067977499789639e-01,2.012461179749810647e+00,1.341640786499873839e+00,1.341640786499873839e+00,2.012461179749810647e+00,1.788854381999831711e+00,8.944271909999158554e-01,4.472135954999579277e-01,2.236067977499789639e-01,6.708203932499369193e-01,2.012461179749810647e+00,2.236067977499789805e+00,1.565247584249852775e+00,2.012461179749810647e+00,1.788854381999831711e+00,1.788854381999831711e+00,6.708203932499369193e-01,2.683281572999747677e+00,2.459674775249768519e+00,5.813776741499452783e+00,3.130495168499705549e+00,4.472135954999579610e+00,4.248529157249600452e+00,6.484597134749389369e+00,8.720665112249179174e+00,7.826237921249263430e+00,7.379024325749306001e+00,7.602631123499284271e+00,6.260990336999411099e+00,7.155417527999326843e+00,5.366563145999495354e+00,3.577708763999663422e+00,3.354101966249684263e+00,1.788854381999831711e+00,-2.236067977499789639e-01,-1.341640786499873839e+00,-1.788854381999831711e+00,-1.118033988749894903e+00,-6.708203932499369193e-01,-2.236067977499789639e-01,-4.472135954999579277e-01,-2.236067977499789639e-01,-2.236067977499789639e-01,2.236067977499789639e-01,1.341640786499873839e+00,2.236067977499789805e+00,1.788854381999831711e+00,4.472135954999579277e-01,4.472135954999579277e-01,2.236067977499789639e-01,8.944271909999158554e-01,2.459674775249768519e+00,3.130495168499705549e+00,2.906888370749726391e+00,2.459674775249768519e+00,1.565247584249852775e+00,2.236067977499789639e-01,6.708203932499369193e-01,-2.236067977499789639e-01,-1.118033988749894903e+00,-8.944271909999158554e-01,-1.118033988749894903e+00,2.236067977499789639e-01,2.012461179749810647e+00,2.236067977499789805e+00,1.118033988749894903e+00,-4.472135954999579277e-01,-6.708203932499369193e-01,-1.565247584249852775e+00,1.118033988749894903e+00,0.000000000000000000e+00,6.708203932499369193e-01,-1.565247584249852775e+00,-1.341640786499873839e+00,-6.708203932499369193e-01,-6.708203932499369193e-01,1.341640786499873839e+00,2.236067977499789805e+00,6.708203932499369193e-01,8.944271909999158554e-01,1.341640786499873839e+00,1.565247584249852775e+00,4.472135954999579277e-01,0.000000000000000000e+00,2.236067977499789639e-01,-4.472135954999579277e-01,-4.472135954999579277e-01,-1.565247584249852775e+00,-8.944271909999158554e-01,-2.236067977499789639e-01,-1.341640786499873839e+00,-3.130495168499705549e+00,-2.236067977499789805e+00,-2.683281572999747677e+00,-3.801315561749642136e+00,-3.801315561749642136e+00,-3.801315561749642136e+00,-1.341640786499873839e+00,0.000000000000000000e+00,8.944271909999158554e-01,-4.472135954999579277e-01,-2.236067977499789805e+00,-2.683281572999747677e+00,-2.683281572999747677e+00,-2.683281572999747677e+00,-1.118033988749894903e+00,-3.130495168499705549e+00,-3.801315561749642136e+00,-3.130495168499705549e+00,-1.565247584249852775e+00,-2.012461179749810647e+00,-2.459674775249768519e+00,-1.565247584249852775e+00,-4.472135954999579277e-01,0.000000000000000000e+00,2.236067977499789639e-01,-1.341640786499873839e+00,-1.565247584249852775e+00,-6.708203932499369193e-01,-1.118033988749894903e+00,-1.565247584249852775e+00,-1.788854381999831711e+00,-1.341640786499873839e+00,-2.459674775249768519e+00,-3.354101966249684263e+00,-4.024922359499621294e+00,-6.037383539249431941e+00,-6.260990336999411099e+00,-5.142956348249516196e+00,-5.590169943749473624e+00,-3.801315561749642136e+00,-5.366563145999495354e+00,-4.919349550499537038e+00,-4.024922359499621294e+00,-2.906888370749726391e+00,-2.012461179749810647e+00,-2.012461179749810647e+00,-1.341640786499873839e+00,-8.944271909999158554e-01,-1.341640786499873839e+00,-2.236067977499789805e+00,-2.459674775249768519e+00,-3.577708763999663422e+00,-4.472135954999579610e+00,-2.012461179749810647e+00,-2.683281572999747677e+00,-2.459674775249768519e+00,-2.012461179749810647e+00,-2.012461179749810647e+00,-3.577708763999663422e+00,-5.366563145999495354e+00,-3.801315561749642136e+00,-3.577708763999663422e+00,-2.012461179749810647e+00,-2.906888370749726391e+00,-2.236067977499789805e+00,-2.012461179749810647e+00,-2.459674775249768519e+00,-1.341640786499873839e+00,-2.236067977499789639e-01,6.708203932499369193e-01,2.236067977499789639e-01,-1.565247584249852775e+00,-1.341640786499873839e+00,-3.577708763999663422e+00,-4.248529157249600452e+00,-2.236067977499789805e+00,-1.788854381999831711e+00,-6.708203932499369193e-01,-2.236067977499789805e+00,-2.012461179749810647e+00,-2.236067977499789805e+00,-1.341640786499873839e+00,-2.236067977499789805e+00,-1.565247584249852775e+00,-6.708203932499369193e-01,-2.236067977499789805e+00,-3.801315561749642136e+00,-4.919349550499537038e+00,-3.577708763999663422e+00,-3.354101966249684263e+00,-3.130495168499705549e+00,-3.577708763999663422e+00,-4.248529157249600452e+00,-1.788854381999831711e+00,-4.472135954999579277e-01,2.236067977499789639e-01,-4.472135954999579277e-01,-4.472135954999579277e-01,0.000000000000000000e+00,1.341640786499873839e+00,2.236067977499789805e+00,1.341640786499873839e+00,1.565247584249852775e+00,8.944271909999158554e-01,2.683281572999747677e+00,2.906888370749726391e+00,3.354101966249684263e+00,3.130495168499705549e+00,-2.236067977499789639e-01,4.472135954999579277e-01,0.000000000000000000e+00,-4.472135954999579277e-01,0.000000000000000000e+00,-1.118033988749894903e+00,8.944271909999158554e-01,2.012461179749810647e+00,2.012461179749810647e+00,2.236067977499789805e+00,3.130495168499705549e+00,6.260990336999411099e+00,6.037383539249431941e+00,4.919349550499537038e+00,3.801315561749642136e+00,3.354101966249684263e+00,3.801315561749642136e+00,2.236067977499789805e+00,2.236067977499789639e-01,2.012461179749810647e+00,2.236067977499789639e-01,-1.788854381999831711e+00
2.683281572999747677e+00,3.354101966249684263e+00,4.695742752749557880e+00,5.142956348249516196e+00,4.024922359499621294e+00,2.459674775249768519e+00,1.118033988749894903e+00,6.708203932499369193e-01,-1.118033988749894903e+00,-2.236067977499789639e-01,2.236067977499789639e-01,-8.944271909999158554e-01,-6.708203932499369193e-01,-1.565247584249852775e+00,-2.012461179749810647e+00,-1.565247584249852775e+00,-2.459674775249768519e+00,-2.236067977499789805e+00,-1.341640786499873839e+00,6.708203932499369193e-01,0.000000000000000000e+00,4.472135954999579277e-01,2.012461179749810647e+00,3.577708763999663422e+00,3.354101966249684263e+00,4.472135954999579610e+00,3.354101966249684263e+00,3.801315561749642136e+00,2.906888370749726391e+00,1.565247584249852775e+00,0.000000000000000000e+00,1.341640786499873839e+00,6.708203932499369193e-01,1.341640786499873839e+00,-6.708203932499369193e-01,-1.341640786499873839e+00,-6.708203932499369193e-01,2.236067977499789639e-01,-1.118033988749894903e+00,8.944271909999158554e-01,-1.341640786499873839e+00,-1.788854381999831711e+00,-3.577708763999663422e+00,-2.906888370749726391e+00,-4.472135954999579277e-01,-1.788854381999831711e+00,-6.708203932499369193e-01,2.236067977499789639e-01,-1.118033988749894903e+00,1.565247584249852775e+00,2.683281572999747677e+00,4.024922359499621294e+00,6.037383539249431941e+00,5.590169943749473624e+00,4.472135954999579610e+00,4.248529157249600452e+00,4.248529157249600452e+00,4.248529157249600452e+00,2.906888370749726391e+00,2.459674775249768519e+00,4.472135954999579610e+00,3.577708763999663422e+00,3.354101966249684263e+00,3.801315561749642136e+00,3.130495168499705549e+00,3.577708763999663422e+00,2.906888370749726391e+00,1.565247584249852775e+00,1.341640786499873839e+00,1.341640786499873839e+00,-4.472135954999579277e-01,6.708203932499369193e-01,2.683281572999747677e+00,2.459674775249768519e+00,2.459674775249768519e+00,4.472135954999579277e-01,2.236067977499789639e-01,-6.708203932499369193e-01,-2.236067977499789639e-01,0.000000000000000000e+00,8.944271909999158554e-01,-6.708203932499369193e-01,8.944271909999158554e-01,8.944271909999158554e-01,3.130495168499705549e+00,2.012461179749810647e+00,6.708203932499369193e-01,2.683281572999747677e+00,3.577708763999663422e+00,3.577708763999663422e+00,1.341640786499873839e+00,3.130495168499705549e+00,5.366563145999495354e+00,4.024922359499621294e+00,3.130495168499705549e+00,4.695742752749557880e+00,5.366563145999495354e+00,4.695742752749557880e+00,2.906888370749726391e+00,4.024922359499621294e+00,5.366563145999495354e+00,5.590169943749473624e+00,5.142956348249516196e+00,3.130495168499705549e+00,2.012461179749810647e+00,1.565247584249852775e+00,2.236067977499789639e-01,2.236067977499789639e-01,-6.708203932499369193e-01,-4.472135954999579277e-01,4.472135954999579277e-01,0.000000000000000000e+00,2.012461179749810647e+00,4.472135954999579277e-01,0.000000000000000000e+00,4.472135954999579277e-01,-1.565247584249852775e+00,-2.236067977499789805e+00,-2.236067977499789639e-01,-2.236067977499789805e+00,-6.708203932499369193e-01,4.472135954999579277e-01,2.236067977499789805e+00,3.354101966249684263e+00,2.906888370749726391e+00,1.788854381999831711e+00,2.683281572999747677e+00,4.248529157249600452e+00,4.695742752749557880e+00,4.919349550499537038e+00,4.248529157249600452e+00,4.919349550499537038e+00,5.142956348249516196e+00,6.484597134749389369e+00,7.826237921249263430e+00,8.720665112249179174e+00,8.497058314499200904e+00,7.602631123499284271e+00,5.813776741499452783e+00,4.695742752749557880e+00,5.142956348249516196e+00,5.366563145999495354e+00,3.130495168499705549e+00,1.118033988749894903e+00,2.236067977499789639e-01,-1.565247584249852775e+00,-1.565247584249852775e+00,2.236067977499789639e-01,-6.708203932499369193e-01,-1.118033988749894903e+00,2.236067977499789639e-01,8.944271909999158554e-01,-4.472135954999579277e-01,-1.565247584249852775e+00,-2.236067977499789639e-01,-2.459674775249768519e+00,-1.118033988749894903e+00,-2.683281572999747677e+00,-2.906888370749726391e+00,-2.459674775249768519e+00,-2.012461179749810647e+00,-4.472135954999579277e-01,4.472135954999579277e-01,1.788854381999831711e+00,2.236067977499789805e+00,3.577708763999663422e+00,2.236067977499789805e+00,6.708203932499369193e-01,1.118033988749894903e+00,2.236067977499789805e+00,2.459674775249768519e+00,3.354101966249684263e+00,3.354101966249684263e+00,2.459674775249768519e+00,2.459674775249768519e+00,8.944271909999158554e-01,8.944271909999158554e-01,-1.565247584249852775e+00,-6.708203932499369193e-01,6.708203932499369193e-01,1.118033988749894903e+00,1.565247584249852775e+00,1.341640786499873839e+00,2.683281572999747677e+00,3.577708763999663422e+00,3.801315561749642136e+00,3.577708763999663422e+00,4.024922359499621294e+00,4.919349550499537038e+00,4.919349550499537038e+00,3.354101966249684263e+00,2.012461179749810647e+00,2.683281572999747677e+00,2.459674775249768519e+00,1.118033988749894903e+00,4.472135954999579277e-01,8.944271909999158554e-01,4.472135954999579277e-01,2.236067977499789639e-01,-4.472135954999579277e-01,-1.788854381999831711e+00,8.944271909999158554e-01,8.944271909999158554e-01,-1.118033988749894903e+00,-8.944271909999158554e-01,-3.130495168499705549e+00,-3.354101966249684263e+00,-3.130495168499705549e+00,-3.130495168499705549e+00,-3.130495168499705549e+00,-3.354101966249684263e+00,-4.472135954999579610e+00,-5.142956348249516196e+00,-5.813776741499452783e+00,-5.590169943749473624e+00,-4.472135954999579610e+00,-4.024922359499621294e+00,-4.472135954999579610e+00,-2.459674775249768519e+00,-1.565247584249852775e+00,-1.118033988749894903e+00,-1.788854381999831711e+00,-1.118033988749894903e+00,-6.708203932499369193e-01,-1.341640786499873839e+00,-2.683281572999747677e+00,-3.130495168499705549e+00,-3.801315561749642136e+00,-1.118033988749894903e+00,-1.341640786499873839e+00,-1.788854381999831711e+00,-1.788854381999831711e+00,-2.683281572999747677e+00,-1.565247584249852775e+00,-1.788854381999831711e+00,-2.906888370749726391e+00,-3.130495168499705549e+00,-4.248529157249600452e+00,-3.801315561749642136e+00,-5.142956348249516196e+00,-6.484597134749389369e+00,-5.142956348249516196e+00,-5.142956348249516196e+00,-4.024922359499621294e+00,-2.906888370749726391e+00,-2.683281572999747677e+00,-2.236067977499789805e+00,-1.565247584249852775e+00,-4.248529157249600452e+00,-4.472135954999579610e+00,-5.813776741499452783e+00,-4.248529157249600452e+00,-2.683281572999747677e+00,-2.012461179749810647e+00,-2.459674775249768519e+00,-2.236067977499789805e+00,-2.683281572999747677e+00,-1.788854381999831711e+00,-1.341640786499873839e+00,-4.472135954999579277e-01,8.944271909999158554e-01,6.708203932499369193e-01,0.000000000000000000e+00,4.472135954999579277e-01,-2.236067977499789639e-01,1.565247584249852775e+00,-8.944271909999158554e-01,-4.472135954999579277e-01,6.708203932499369193e-01,4.472135954999579277e-01,4.472135954999579277e-01,-4.472135954999579277e-01,-1.118033988749894903e+00,-1.341640786499873839e+00,-1.565247584249852775e+00,-8.944271909999158554e-01,-2.012461179749810647e+00,-6.708203932499369193e-01,1.341640786499873839e+00,2.236067977499789805e+00,1.788854381999831711e+00,1.341640786499873839e+00,4.472135954999579610e+00,4.248529157249600452e+00,1.788854381999831711e+00,2.236067977499789639e-01,-6.708203932499369193e-01,8.944271909999158554e-01,1.565247584249852775e+00,2.236067977499789639e-01,1.565247584249852775e+00,2.459674775249768519e+00,5.590169943749473624e+00,5.142956348249516196e+00,5.142956348249516196e+00,4.024922359499621294e+00,5.142956348249516196e+00,6.260990336999411099e+00,6.037383539249431941e+00,5.366563145999495354e+00,3.354101966249684263e+00,2.459674775249768519e+00,4.248529157249600452e+00,4.919349550499537038e+00,5.142956348249516196e+00,4.472135954999579610e+00,4.248529157249600452e+00,4.472135954999579610e+00,5.142956348249516196e+00,4.248529157249600452e+00,2.459674775249768519e+00,2.459674775249768519e+00,4.919349550499537038e+00,4.695742752749557880e+00,4.024922359499621294e+00,2.906888370749726391e+00,3.354101966249684263e+00,4.248529157249600452e+00,4.472135954999579610e+00,5.366563145999495354e+00,6.931810730249347685e+00,7.602631123499284271e+00,6.931810730249347685e+00,5.813776741499452783e+00,6.260990336999411099e+00,3.354101966249684263e+00,3.130495168499705549e+00,4.248529157249600452e+00,2.012461179749810647e+00,1.118033988749894903e+00,-8.944271909999158554e-01,2.236067977499789639e-01,-2.236067977499789639e-01,-8.944271909999158554e-01,6.708203932499369193e-01,1.788854381999831711e+00,2.012461179749810647e+00,2.236067977499789805e+00,1.341640786499873839e+00,1.788854381999831711e+00,2.012461179749810647e+00,1.118033988749894903e+00,-6.708203932499369193e-01,4.472135954999579277e-01,6.708203932499369193e-01,4.472135954999579277e-01,6.708203932499369193e-01,4.472135954999579277e-01,-4.472135954999579277e-01,-2.236067977499789639e-01,6.708203932499369193e-01,-2.236067977499789639e-01,-4.472135954999579277e-01,-1.565247584249852775e+00,-6.708203932499369193e-01,4.472135954999579277e-01,1.788854381999831711e+00,2.683281572999747677e+00,1.788854381999831711e+00,1.788854381999831711e+00,2.683281572999747677e+00,1.565247584249852775e+00,1.565247584249852775e+00,2.683281572999747677e+00,1.788854381999831711e+00,3.354101966249684263e+00,1.788854381999831711e+00,1.565247584249852775e+00,1.788854381999831711e+00,1.565247584249852775e+00,4.472135954999579277e-01,-8.944271909999158554e-01,1.118033988749894903e+00,2.683281572999747677e+00,2.683281572999747677e+00,4.248529157249600452e+00,3.801315561749642136e+00,2.906888370749726391e+00,3.354101966249684263e+00,4.472135954999579610e+00,5.142956348249516196e+00,3.354101966249684263e+00,1.341640786499873839e+00,-1.118033988749894903e+00,6.708203932499369193e-01,-2.236067977499789639e-01,8.944271909999158554e-01,-2.236067977499789639e-01,0.000000000000000000e+00,6.708203932499369193e-01,4.472135954999579277e-01,0.000000000000000000e+00,-1.118033988749894903e+00,-2.906888370749726391e+00,-1.341640786499873839e+00,-1.565247584249852775e+00,-4.472135954999579277e-01,0.000000000000000000e+00,0.000000000000000000e+00,-8.944271909999158554e-01,-2.236067977499789805e+00,-2.236067977499789805e+00,-8.944271909999158554e-01,-1.118033988749894903e+00,-1.341640786499873839e+00,-2.236067977499789805e+00,-2.012461179749810647e+00,-1.341640786499873839e+00,-1.565247584249852775e+00,-3.130495168499705549e+00,-3.801315561749642136e+00,-1.118033988749894903e+00,-2.236067977499789805e+00,-2.683281572999747677e+00,-2.683281572999747677e+00,-4.472135954999579610e+00,-2.236067977499789805e+00,-2.012461179749810647e+00,-1.118033988749894903e+00,-2.012461179749810647e+00,-3.801315561749642136e+00,-4.472135954999579610e+00,-4.024922359499621294e+00,-4.248529157249600452e+00,-5.142956348249516196e+00,-5.813776741499452783e+00,-5.813776741499452783e+00,-4.695742752749557880e+00,-3.577708763999663422e+00,-4.919349550499537038e+00,-4.248529157249600452e+00,-2.683281572999747677e+00,-1.118033988749894903e+00,0.000000000000000000e+00,0.000000000000000000e+00,4.472135954999579277e-01,1.788854381999831711e+00,3.801315561749642136e+00,4.472135954999579610e+00,6.931810730249347685e+00,5.813776741499452783e+00,4.024922359499621294e+00,3.577708763999663422e+00,3.577708763999663422e+00,4.695742752749557880e+00,5.142956348249516196e+00,4.248529157249600452e+00,4.024922359499621294e+00,4.695742752749557880e+00,4.024922359499621294e+00,2.906888370749726391e+00,4.024922359499621294e+00,2.683281572999747677e+00,3.801315561749642136e+00,6.484597134749389369e+00,6.037383539249431941e+00,5.142956348249516196e+00,4.024922359499621294e+00,1.565247584249852775e+00,4.472135954999579277e-01,1.341640786499873839e+00,1.565247584249852775e+00,1.565247584249852775e+00,2.012461179749810647e+00,2.236067977499789639e-01,-2.236067977499789639e-01,6.708203932499369193e-01,-2.236067977499789639e-01,-4.472135954999579277e-01,-4.472135954999579277e-01,6.708203932499369193e-01,1.118033988749894903e+00,2.236067977499789805e+00,3.577708763999663422e+00,4.248529157249600452e+00,3.130495168499705549e+00,3.801315561749642136e+00,4.919349550499537038e+00,4.024922359499621294e+00,2.459674775249768519e+00,4.695742752749557880e+00,3.354101966249684263e+00,1.565247584249852775e+00,8.944271909999158554e-01,1.788854381999831711e+00,3.130495168499705549e+00,2.906888370749726391e+00,6.708203932499369193e-01,-2.236067977499789639e-01,2.906888370749726391e+00,1.118033988749894903e+00,2.683281572999747677e+00,5.366563145999495354e+00,6.708203932499368527e+00,6.484597134749389369e+00,6.708203932499368527e+00,6.931810730249347685e+00,7.155417527999326843e+00,5.813776741499452783e+00,5.590169943749473624e+00
4.472135954999579610e+00,4.695742752749557880e+00,4.248529157249600452e+00,3.577708763999663422e+00,4.472135954999579277e-01,8.944271909999158554e-01,2.236067977499789639e-01,8.944271909999158554e-01,8.944271909999158554e-01,1.118033988749894903e+00,2.236067977499789639e-01,2.236067977499789639e-01,-1.341640786499873839e+00,2.236067977499789639e-01,1.118033988749894903e+00,-4.472135954999579277e-01,-2.236067977499789805e+00,-1.341640786499873839e+00,-2.236067977499789639e-01,-2.012461179749810647e+00,-3.354101966249684263e+00,-5.366563145999495354e+00,-5.142956348249516196e+00,-6.037383539249431941e+00,-4.695742752749557880e+00,-5.366563145999495354e+00,-5.590169943749473624e+00,-6.260990336999411099e+00,-5.813776741499452783e+00,-6.037383539249431941e+00,-8.273451516749220858e+00,-8.049844718999242588e+00,-7.379024325749306001e+00,-6.484597134749389369e+00,-6.484597134749389369e+00,-4.695742752749557880e+00,-3.577708763999663422e+00,-5.366563145999495354e+00,-6.260990336999411099e+00,-5.142956348249516196e+00,-4.472135954999579610e+00,-4.248529157249600452e+00,-4.695742752749557880e+00,-5.813776741499452783e+00,-6.037383539249431941e+00,-5.590169943749473624e+00,-5.142956348249516196e+00,-5.590169943749473624e+00,-4.695742752749557880e+00,-2.906888370749726391e+00,-1.341640786499873839e+00,-3.354101966249684263e+00,-4.472135954999579610e+00,-1.118033988749894903e+00,-1.118033988749894903e+00,-4.472135954999579277e-01,-1.341640786499873839e+00,-2.236067977499789639e-01,4.472135954999579277e-01,-4.472135954999579277e-01,-1.565247584249852775e+00,-1.565247584249852775e+00,4.472135954999579277e-01,4.472135954999579277e-01,-4.472135954999579277e-01,-6.708203932499369193e-01,-1.118033988749894903e+00,-2.459674775249768519e+00,-1.341640786499873839e+00,-1.788854381999831711e+00,-2.236067977499789805e+00,-2.012461179749810647e+00,-1.341640786499873839e+00,-2.236067977499789639e-01,-1.565247584249852775e+00,-2.906888370749726391e+00,-2.683281572999747677e+00,-2.012461179749810647e+00,6.708203932499369193e-01,6.708203932499369193e-01,-4.472135954999579277e-01,2.236067977499789639e-01,0.000000000000000000e+00,1.565247584249852775e+00,1.788854381999831711e+00,2.236067977499789805e+00,8.944271909999158554e-01,0.000000000000000000e+00,-1.565247584249852775e+00,-1.118033988749894903e+00,6.708203932499369193e-01,4.472135954999579277e-01,-4.472135954999579277e-01,-1.788854381999831711e+00,-1.788854381999831711e+00,-1.565247584249852775e+00,-6.708203932499369193e-01,-2.012461179749810647e+00,-2.236067977499789805e+00,-2.012461179749810647e+00,-4.695742752749557880e+00,-2.906888370749726391e+00,-2.236067977499789805e+00,-2.236067977499789805e+00,-1.565247584249852775e+00,-2.012461179749810647e+00,-4.472135954999579277e-01,4.472135954999579277e-01,8.944271909999158554e-01,-8.944271909999158554e-01,0.000000000000000000e+00,2.236067977499789639e-01,1.118033988749894903e+00,1.118033988749894903e+00,2.906888370749726391e+00,4.024922359499621294e+00,2.683281572999747677e+00,-1.341640786499873839e+00,-6.708203932499369193e-01,-4.472135954999579277e-01,-8.944271909999158554e-01,-2.683281572999747677e+00,-2.683281572999747677e+00,-2.012461179749810647e+00,-1.788854381999831711e+00,-2.236067977499789805e+00,-1.341640786499873839e+00,4.472135954999579277e-01,-1.118033988749894903e+00,-6.708203932499369193e-01,-6.708203932499369193e-01,-2.236067977499789639e-01,6.708203932499369193e-01,1.341640786499873839e+00,-8.944271909999158554e-01,-1.341640786499873839e+00,-1.565247584249852775e+00,-1.118033988749894903e+00,-1.341640786499873839e+00,-8.944271909999158554e-01,-2.236067977499789639e-01,-6.708203932499369193e-01,2.236067977499789805e+00,2.683281572999747677e+00,2.459674775249768519e+00,2.459674775249768519e+00,-6.708203932499369193e-01,-1.341640786499873839e+00,8.944271909999158554e-01,-6.708203932499369193e-01,-4.472135954999579277e-01,1.118033988749894903e+00,-4.472135954999579277e-01,-3.354101966249684263e+00,-2.683281572999747677e+00,-4.472135954999579610e+00,-4.024922359499621294e+00,-4.472135954999579610e+00,-4.472135954999579610e+00,-4.024922359499621294e+00,-3.354101966249684263e+00,-1.788854381999831711e+00,-1.565247584249852775e+00,-2.459674775249768519e+00,-4.248529157249600452e+00,-2.459674775249768519e+00,-8.944271909999158554e-01,-2.236067977499789639e-01,-1.565247584249852775e+00,-1.565247584249852775e+00,-2.236067977499789805e+00,-2.236067977499789805e+00,-2.906888370749726391e+00,-2.683281572999747677e+00,-1.565247584249852775e+00,-1.788854381999831711e+00,-1.341640786499873839e+00,-1.118033988749894903e+00,-2.906888370749726391e+00,-4.248529157249600452e+00,-6.260990336999411099e+00,-4.472135954999579610e+00,-4.919349550499537038e+00,-4.248529157249600452e+00,-2.906888370749726391e+00,-2.459674775249768519e+00,-4.919349550499537038e+00,-5.142956348249516196e+00,-5.142956348249516196e+00,-4.695742752749557880e+00,-3.577708763999663422e+00,-4.695742752749557880e+00,-3.354101966249684263e+00,-2.906888370749726391e+00,-2.459674775249768519e+00,-2.236067977499789805e+00,-1.341640786499873839e+00,-1.565247584249852775e+00,-6.708203932499369193e-01,-1.341640786499873839e+00,-1.565247584249852775e+00,-2.236067977499789639e-01,-2.236067977499789639e-01,-2.236067977499789639e-01,8.944271909999158554e-01,-4.472135954999579277e-01,6.708203932499369193e-01,4.472135954999579277e-01,-6.708203932499369193e-01,-2.236067977499789639e-01,8.944271909999158554e-01,2.236067977499789805e+00,3.577708763999663422e+00,2.459674775249768519e+00,4.472135954999579277e-01,2.236067977499789639e-01,6.708203932499369193e-01,2.683281572999747677e+00,2.459674775249768519e+00,4.248529157249600452e+00,4.472135954999579610e+00,3.354101966249684263e+00,2.906888370749726391e+00,2.906888370749726391e+00,4.248529157249600452e+00,4.695742752749557880e+00,5.813776741499452783e+00,6.037383539249431941e+00,5.590169943749473624e+00,6.484597134749389369e+00,5.590169943749473624e+00,4.248529157249600452e+00,4.024922359499621294e+00,3.577708763999663422e+00,5.813776741499452783e+00,5.590169943749473624e+00,6.484597134749389369e+00,6.708203932499368527e+00,7.379024325749306001e+00,6.037383539249431941e+00,2.906888370749726391e+00,1.341640786499873839e+00,1.341640786499873839e+00,1.788854381999831711e+00,1.788854381999831711e+00,2.236067977499789805e+00,0.000000000000000000e+00,6.708203932499369193e-01,1.788854381999831711e+00,1.341640786499873839e+00,4.472135954999579277e-01,2.906888370749726391e+00,2.459674775249768519e+00,1.565247584249852775e+00,4.472135954999579277e-01,8.944271909999158554e-01,6.708203932499369193e-01,2.683281572999747677e+00,2.683281572999747677e+00,2.236067977499789805e+00,8.944271909999158554e-01,-6.708203932499369193e-01,2.236067977499789639e-01,-2.236067977499789639e-01,-4.472135954999579277e-01,8.944271909999158554e-01,-2.236067977499789639e-01,-1.118033988749894903e+00,-2.459674775249768519e+00,-4.024922359499621294e+00,-5.142956348249516196e+00,-3.354101966249684263e+00,-4.695742752749557880e+00,-4.472135954999579610e+00,-6.484597134749389369e+00,-6.260990336999411099e+00,-6.260990336999411099e+00,-5.813776741499452783e+00,-4.472135954999579610e+00,-4.695742752749557880e+00,-7.379024325749306001e+00,-6.708203932499368527e+00,-6.484597134749389369e+00,-6.037383539249431941e+00,-5.813776741499452783e+00,-7.379024325749306001e+00,-6.708203932499368527e+00,-7.155417527999326843e+00,-4.919349550499537038e+00,-7.379024325749306001e+00,-7.155417527999326843e+00,-6.484597134749389369e+00,-5.142956348249516196e+00,-6.260990336999411099e+00,-6.484597134749389369e+00,-7.155417527999326843e+00,-6.037383539249431941e+00,-6.037383539249431941e+00,-4.024922359499621294e+00,-5.813776741499452783e+00,-7.379024325749306001e+00,-8.273451516749220858e+00,-7.826237921249263430e+00,-6.484597134749389369e+00,-6.931810730249347685e+00,-7.155417527999326843e+00,-5.813776741499452783e+00,-6.931810730249347685e+00,-4.919349550499537038e+00,-7.602631123499284271e+00,-8.497058314499200904e+00,-8.944271909999159220e+00,-8.497058314499200904e+00,-8.944271909999159220e+00,-9.167878707749137490e+00,-8.944271909999159220e+00,-9.615092303249095806e+00,-9.838699100999074076e+00,-9.167878707749137490e+00,-7.826237921249263430e+00,-9.167878707749137490e+00,-7.826237921249263430e+00,-7.826237921249263430e+00,-7.155417527999326843e+00,-8.944271909999159220e+00,-9.391485505499115760e+00,-9.391485505499115760e+00,-8.049844718999242588e+00,-8.944271909999159220e+00,-8.273451516749220858e+00,-7.826237921249263430e+00,-6.708203932499368527e+00,-7.602631123499284271e+00,-8.497058314499200904e+00,-8.273451516749220858e+00,-6.260990336999411099e+00,-6.037383539249431941e+00,-5.366563145999495354e+00,-3.577708763999663422e+00,-2.459674775249768519e+00,-1.788854381999831711e+00,2.236067977499789639e-01,0.000000000000000000e+00,4.472135954999579277e-01,6.708203932499369193e-01,-4.472135954999579277e-01,-1.341640786499873839e+00,-2.012461179749810647e+00,-2.236067977499789805e+00,-6.708203932499369193e-01,-2.683281572999747677e+00,-4.248529157249600452e+00,-2.236067977499789805e+00,-4.248529157249600452e+00,-2.906888370749726391e+00,-1.565247584249852775e+00,-2.459674775249768519e+00,-1.565247584249852775e+00,-2.236067977499789805e+00,-2.236067977499789805e+00,-2.683281572999747677e+00,-2.236067977499789805e+00,-2.906888370749726391e+00,-4.472135954999579610e+00,-5.142956348249516196e+00,-5.366563145999495354e+00,-5.366563145999495354e+00,-8.049844718999242588e+00,-8.720665112249179174e+00,-7.826237921249263430e+00,-8.273451516749220858e+00,-6.708203932499368527e+00,-5.813776741499452783e+00,-6.260990336999411099e+00,-6.931810730249347685e+00,-6.931810730249347685e+00,-7.379024325749306001e+00,-7.155417527999326843e+00,-6.260990336999411099e+00,-6.260990336999411099e+00,-7.379024325749306001e+00,-6.708203932499368527e+00,-7.379024325749306001e+00,-6.931810730249347685e+00,-7.379024325749306001e+00,-6.260990336999411099e+00,-7.379024325749306001e+00,-6.484597134749389369e+00,-8.049844718999242588e+00,-7.155417527999326843e+00,-6.484597134749389369e+00,-7.155417527999326843e+00,-7.379024325749306001e+00,-6.931810730249347685e+00,-5.590169943749473624e+00,-4.024922359499621294e+00,-2.236067977499789805e+00,-3.577708763999663422e+00,-5.813776741499452783e+00,-6.484597134749389369e+00,-7.602631123499284271e+00,-6.931810730249347685e+00,-5.590169943749473624e+00,-3.801315561749642136e+00,-1.118033988749894903e+00,-1.788854381999831711e+00,4.472135954999579277e-01,-1.118033988749894903e+00,-1.118033988749894903e+00,4.472135954999579277e-01,1.341640786499873839e+00,-1.341640786499873839e+00,0.000000000000000000e+00,-1.341640786499873839e+00,-1.118033988749894903e+00,-4.472135954999579277e-01,0.000000000000000000e+00,-4.472135954999579277e-01,1.565247584249852775e+00,1.341640786499873839e+00,2.683281572999747677e+00,6.708203932499369193e-01,2.459674775249768519e+00,1.565247584249852775e+00,-2.012461179749810647e+00,0.000000000000000000e+00,-1.341640786499873839e+00,-1.118033988749894903e+00,-4.472135954999579277e-01,-6.708203932499369193e-01,4.472135954999579277e-01,2.236067977499789639e-01,6.708203932499369193e-01,-1.118033988749894903e+00,-1.565247584249852775e+00,-2.236067977499789805e+00,-1.565247584249852775e+00,-1.565247584249852775e+00,-4.248529157249600452e+00,-4.472135954999579610e+00,-2.459674775249768519e+00,-2.236067977499789805e+00,-4.024922359499621294e+00,-3.354101966249684263e+00,-3.354101966249684263e+00,-1.118033988749894903e+00,-1.341640786499873839e+00,-1.118033988749894903e+00,0.000000000000000000e+00,-2.683281572999747677e+00,-2.683281572999747677e+00,-1.118033988749894903e+00,-1.565247584249852775e+00,-1.341640786499873839e+00,-1.118033988749894903e+00,-1.788854381999831711e+00,-1.565247584249852775e+00,-2.459674775249768519e+00,-2.906888370749726391e+00,-2.459674775249768519e+00,-1.341640786499873839e+00,-2.236067977499789639e-01,2.236067977499789639e-01,6.708203932499369193e-01,1.565247584249852775e+00,2.236067977499789639e-01,0.000000000000000000e+00,-4.472135954999579277e-01,4.472135954999579277e-01,-8.944271909999158554e-01,-1.565247584249852775e+00,8.944271909999158554e-01,-2.236067977499789639e-01,-4.472135954999579277e-01,-2.236067977499789639e-01,-4.472135954999579277e-01,2.236067977499789639e-01,8.944271909999158554e-01,3.130495168499705549e+00,4.472135954999579610e+00,4.248529157249600452e+00,3.801315561749642136e+00,7.379024325749306001e+00,8.049844718999242588e+00,6.931810730249347685e+00,6.037383539249431941e+00,6.484597134749389369e+00,6.931810730249347685e+00,6.708203932499368527e+00,6.484597134749389369e+00,5.813776741499452783e+00,2.236067977499789805e+00,1.788854381999831711e+00,8.944271909999158554e-01,1.565247584249852775e+00,4.472135954999579277e-01,-1.565247584249852775e+00,-1.118033988749894903e+00,-3.354101966249684263e+00,-1.341640786499873839e+00
6.708203932499369193e-01,-2.236067977499789639e-01,-8.944271909999158554e-01,-1.788854381999831711e+00,-3.354101966249684263e+00,-2.012461179749810647e+00,-1.565247584249852775e+00,-1.565247584249852775e+00,-2.236067977499789639e-01,-1.788854381999831711e+00,-1.118033988749894903e+00,8.944271909999158554e-01,1.565247584249852775e+00,1.565247584249852775e+00,2.236067977499789805e+00,1.341640786499873839e+00,0.000000000000000000e+00,-4.472135954999579277e-01,-2.236067977499789639e-01,6.708203932499369193e-01,6.708203932499369193e-01,8.944271909999158554e-01,1.788854381999831711e+00,-2.236067977499789639e-01,2.012461179749810647e+00,1.341640786499873839e+00,1.565247584249852775e+00,2.236067977499789639e-01,8.944271909999158554e-01,1.118033988749894903e+00,-2.236067977499789639e-01,8.944271909999158554e-01,1.565247584249852775e+00,2.459674775249768519e+00,4.248529157249600452e+00,2.683281572999747677e+00,4.024922359499621294e+00,4.024922359499621294e+00,5.590169943749473624e+00,6.037383539249431941e+00,5.590169943749473624e+00,4.024922359499621294e+00,4.919349550499537038e+00,4.024922359499621294e+00,4.024922359499621294e+00,6.037383539249431941e+00,4.024922359499621294e+00,2.906888370749726391e+00,3.354101966249684263e+00,4.472135954999579277e-01,-2.236067977499789639e-01,2.236067977499789639e-01,-2.236067977499789639e-01,-1.788854381999831711e+00,-1.118033988749894903e+00,-1.788854381999831711e+00,-4.248529157249600452e+00,-1.788854381999831711e+00,-2.906888370749726391e+00,-2.236067977499789805e+00,-4.695742752749557880e+00,-4.024922359499621294e+00,-6.260990336999411099e+00,-6.260990336999411099e+00,-6.708203932499368527e+00,-7.826237921249263430e+00,-8.049844718999242588e+00,-7.379024325749306001e+00,-6.484597134749389369e+00,-5.142956348249516196e+00,-3.130495168499705549e+00,-3.130495168499705549e+00,-3.577708763999663422e+00,-2.906888370749726391e+00,-2.459674775249768519e+00,-1.341640786499873839e+00,-1.788854381999831711e+00,-8.944271909999158554e-01,-2.683281572999747677e+00,-3.801315561749642136e+00,-4.024922359499621294e+00,-2.906888370749726391e+00,-6.708203932499369193e-01,0.000000000000000000e+00,2.236067977499789639e-01,2.236067977499789805e+00,2.683281572999747677e+00,4.919349550499537038e+00,4.695742752749557880e+00,3.354101966249684263e+00,3.354101966249684263e+00,3.577708763999663422e+00,4.248529157249600452e+00,3.577708763999663422e+00,1.788854381999831711e+00,-2.236067977499789639e-01,-1.341640786499873839e+00,-1.118033988749894903e+00,-1.788854381999831711e+00,-2.236067977499789805e+00,-1.341640786499873839e+00,-1.788854381999831711e+00,-1.341640786499873839e+00,1.118033988749894903e+00,6.708203932499369193e-01,2.906888370749726391e+00,2.236067977499789805e+00,1.118033988749894903e+00,1.565247584249852775e+00,8.944271909999158554e-01,2.236067977499789639e-01,0.000000000000000000e+00,-1.788854381999831711e+00,-2.459674775249768519e+00,-2.236067977499789805e+00,-3.801315561749642136e+00,-3.354101966249684263e+00,-2.459674775249768519e+00,-2.906888370749726391e+00,-6.708203932499369193e-01,-2.236067977499789805e+00,-3.130495168499705549e+00,-4.472135954999579610e+00,-4.472135954999579610e+00,-3.801315561749642136e+00,-4.248529157249600452e+00,-2.906888370749726391e+00,-4.695742752749557880e+00,-4.695742752749557880e+00,-4.472135954999579610e+00,-3.801315561749642136e+00,-3.354101966249684263e+00,-1.788854381999831711e+00,-2.012461179749810647e+00,4.472135954999579277e-01,6.708203932499369193e-01,0.000000000000000000e+00,-6.708203932499369193e-01,-2.236067977499789639e-01,-2.459674775249768519e+00,-1.565247584249852775e+00,-2.906888370749726391e+00,-3.801315561749642136e+00,-3.577708763999663422e+00,-2.459674775249768519e+00,-3.354101966249684263e+00,-1.341640786499873839e+00,-6.708203932499369193e-01,-6.708203932499369193e-01,-8.944271909999158554e-01,-4.472135954999579277e-01,-2.459674775249768519e+00,-2.683281572999747677e+00,-2.236067977499789805e+00,-2.012461179749810647e+00,-2.236067977499789805e+00,-1.118033988749894903e+00,8.944271909999158554e-01,0.000000000000000000e+00,6.708203932499369193e-01,-6.708203932499369193e-01,-1.565247584249852775e+00,-1.118033988749894903e+00,-2.236067977499789639e-01,4.472135954999579277e-01,8.944271909999158554e-01,2.012461179749810647e+00,2.236067977499789805e+00,4.248529157249600452e+00,3.801315561749642136e+00,4.248529157249600452e+00,3.354101966249684263e+00,4.248529157249600452e+00,5.366563145999495354e+00,6.260990336999411099e+00,6.260990336999411099e+00,6.037383539249431941e+00,6.260990336999411099e+00,6.260990336999411099e+00,3.801315561749642136e+00,4.919349550499537038e+00,3.801315561749642136e+00,2.459674775249768519e+00,2.012461179749810647e+00,1.118033988749894903e+00,-2.236067977499789639e-01,-1.341640786499873839e+00,-1.341640786499873839e+00,-1.341640786499873839e+00,-1.118033988749894903e+00,2.236067977499789639e-01,4.472135954999579277e-01,-2.236067977499789639e-01,-4.472135954999579277e-01,-2.236067977499789639e-01,6.708203932499369193e-01,-2.459674775249768519e+00,-1.565247584249852775e+00,-1.341640786499873839e+00,-3.577708763999663422e+00,-3.577708763999663422e+00,-2.683281572999747677e+00,-3.354101966249684263e+00,-3.130495168499705549e+00,-2.906888370749726391e+00,-4.248529157249600452e+00,-3.577708763999663422e+00,-2.683281572999747677e+00,-2.683281572999747677e+00,-2.683281572999747677e+00,-4.472135954999579610e+00,-4.695742752749557880e+00,-5.590169943749473624e+00,-5.813776741499452783e+00,-6.260990336999411099e+00,-6.260990336999411099e+00,-3.577708763999663422e+00,-2.683281572999747677e+00,-1.788854381999831711e+00,-8.944271909999158554e-01,-2.236067977499789639e-01,-1.118033988749894903e+00,-4.472135954999579277e-01,-1.341640786499873839e+00,-4.472135954999579277e-01,-1.565247584249852775e+00,-3.577708763999663422e+00,-4.024922359499621294e+00,-3.130495168499705549e+00,-2.459674775249768519e+00,-3.801315561749642136e+00,-2.236067977499789805e+00,-3.354101966249684263e+00,-4.472135954999579610e+00,-6.260990336999411099e+00,-5.142956348249516196e+00,-5.590169943749473624e+00,-5.142956348249516196e+00,-6.484597134749389369e+00,-6.484597134749389369e+00,-3.801315561749642136e+00,-2.906888370749726391e+00,-2.683281572999747677e+00,-1.565247584249852775e+00,-1.118033988749894903e+00,-2.012461179749810647e+00,-1.341640786499873839e+00,-1.118033988749894903e+00,-2.906888370749726391e+00,-3.354101966249684263e+00,-3.354101966249684263e+00,-4.248529157249600452e+00,-3.130495168499705549e+00,-2.683281572999747677e+00,-2.459674775249768519e+00,-3.577708763999663422e+00,-2.236067977499789805e+00,-6.708203932499369193e-01,-3.577708763999663422e+00,-3.577708763999663422e+00,-2.906888370749726391e+00,-4.248529157249600452e+00,-2.906888370749726391e+00,-6.708203932499369193e-01,-2.683281572999747677e+00,-2.236067977499789805e+00,-4.248529157249600452e+00,-4.472135954999579610e+00,-2.906888370749726391e+00,-3.801315561749642136e+00,-3.130495168499705549e+00,-3.130495168499705549e+00,-2.236067977499789805e+00,-1.565247584249852775e+00,-2.906888370749726391e+00,-5.366563145999495354e+00,-7.602631123499284271e+00,-7.155417527999326843e+00,-8.049844718999242588e+00,-1.050951949424901066e+01,-1.095673308974896898e+01,-1.073312629199899071e+01,-1.006230589874905235e+01,-9.167878707749137490e+00,-9.615092303249095806e+00,-7.379024325749306001e+00,-6.931810730249347685e+00,-6.484597134749389369e+00,-3.130495168499705549e+00,-2.683281572999747677e+00,-3.130495168499705549e+00,-3.801315561749642136e+00,-1.565247584249852775e+00,-2.012461179749810647e+00,-2.012461179749810647e+00,-2.906888370749726391e+00,-3.354101966249684263e+00,-8.944271909999158554e-01,-1.341640786499873839e+00,-4.472135954999579277e-01,1.341640786499873839e+00,0.000000000000000000e+00,8.944271909999158554e-01,1.788854381999831711e+00,1.565247584249852775e+00,6.708203932499369193e-01,-2.236067977499789639e-01,-6.708203932499369193e-01,-6.708203932499369193e-01,-6.708203932499369193e-01,4.472135954999579277e-01,4.472135954999579277e-01,0.000000000000000000e+00,2.236067977499789639e-01,1.565247584249852775e+00,1.341640786499873839e+00,1.118033988749894903e+00,0.000000000000000000e+00,2.236067977499789639e-01,2.459674775249768519e+00,2.012461179749810647e+00,2.236067977499789805e+00,3.354101966249684263e+00,2.459674775249768519e+00,2.459674775249768519e+00,1.341640786499873839e+00,2.459674775249768519e+00,8.944271909999158554e-01,3.354101966249684263e+00,2.459674775249768519e+00,4.472135954999579610e+00,5.142956348249516196e+00,6.931810730249347685e+00,6.484597134749389369e+00,7.826237921249263430e+00,6.931810730249347685e+00,6.260990336999411099e+00,6.037383539249431941e+00,5.142956348249516196e+00,6.708203932499368527e+00,6.484597134749389369e+00,6.260990336999411099e+00,4.472135954999579610e+00,5.142956348249516196e+00,4.919349550499537038e+00,2.683281572999747677e+00,2.459674775249768519e+00,0.000000000000000000e+00,8.944271909999158554e-01,0.000000000000000000e+00,1.118033988749894903e+00,2.236067977499789805e+00,8.944271909999158554e-01,4.472135954999579277e-01,6.708203932499369193e-01,2.236067977499789805e+00,8.944271909999158554e-01,2.906888370749726391e+00,3.130495168499705549e+00,5.142956348249516196e+00,4.472135954999579610e+00,5.813776741499452783e+00,7.155417527999326843e+00,5.590169943749473624e+00,6.037383539249431941e+00,5.590169943749473624e+00,4.472135954999579610e+00,5.590169943749473624e+00,6.708203932499368527e+00,6.931810730249347685e+00,6.708203932499368527e+00,7.155417527999326843e+00,6.037383539249431941e+00,4.024922359499621294e+00,2.906888370749726391e+00,1.118033988749894903e+00,8.944271909999158554e-01,2.459674775249768519e+00,1.788854381999831711e+00,4.472135954999579277e-01,1.565247584249852775e+00,-2.236067977499789639e-01,8.944271909999158554e-01,0.000000000000000000e+00,-6.708203932499369193e-01,-4.472135954999579277e-01,-8.944271909999158554e-01,-1.341640786499873839e+00,0.000000000000000000e+00,8.944271909999158554e-01,1.565247584249852775e+00,2.012461179749810647e+00,2.236067977499789805e+00,3.577708763999663422e+00,1.341640786499873839e+00,2.236067977499789639e-01,-4.472135954999579277e-01,-6.708203932499369193e-01,-2.236067977499789639e-01,1.341640786499873839e+00,3.354101966249684263e+00,2.459674775249768519e+00,4.695742752749557880e+00,4.919349550499537038e+00,3.801315561749642136e+00,3.801315561749642136e+00,5.366563145999495354e+00,5.366563145999495354e+00,8.049844718999242588e+00,7.155417527999326843e+00,6.931810730249347685e+00,6.037383539249431941e+00,5.142956348249516196e+00,5.366563145999495354e+00,4.695742752749557880e+00,4.919349550499537038e+00,3.801315561749642136e+00,6.260990336999411099e+00,6.708203932499368527e+00,5.590169943749473624e+00,6.484597134749389369e+00,5.590169943749473624e+00,5.590169943749473624e+00,6.708203932499368527e+00,3.577708763999663422e+00,2.236067977499789805e+00,2.459674775249768519e+00,3.354101966249684263e+00,4.248529157249600452e+00,3.801315561749642136e+00,3.801315561749642136e+00,4.024922359499621294e+00,2.683281572999747677e+00,2.683281572999747677e+00,2.459674775249768519e+00,4.024922359499621294e+00,1.565247584249852775e+00,2.236067977499789805e+00,2.459674775249768519e+00,2.236067977499789805e+00,2.236067977499789805e+00,-2.236067977499789639e-01,6.708203932499369193e-01,0.000000000000000000e+00,4.472135954999579277e-01,2.012461179749810647e+00,2.459674775249768519e+00,1.341640786499873839e+00,1.341640786499873839e+00,3.130495168499705549e+00,4.024922359499621294e+00,4.919349550499537038e+00,7.379024325749306001e+00,7.379024325749306001e+00,7.602631123499284271e+00,7.826237921249263430e+00,7.602631123499284271e+00,8.497058314499200904e+00,5.590169943749473624e+00,6.708203932499368527e+00,7.379024325749306001e+00,6.931810730249347685e+00,6.931810730249347685e+00,4.695742752749557880e+00,3.577708763999663422e+00,3.577708763999663422e+00,1.565247584249852775e+00,1.341640786499873839e+00,1.788854381999831711e+00,8.944271909999158554e-01,-2.012461179749810647e+00,-2.236067977499789805e+00,-3.577708763999663422e+00,-6.037383539249431941e+00,-5.142956348249516196e+00,-4.919349550499537038e+00,-3.801315561749642136e+00,-4.695742752749557880e+00,-5.590169943749473624e+00,-6.708203932499368527e+00,-7.826237921249263430e+00,-6.708203932499368527e+00,-6.708203932499368527e+00,-5.590169943749473624e+00,-5.590169943749473624e+00,-5.366563145999495354e+00,-4.919349550499537038e+00,-4.248529157249600452e+00,-2.012461179749810647e+00,-4.472135954999579277e-01,1.118033988749894903e+00,8.944271909999158554e-01,8.944271909999158554e-01,6.708203932499369193e-01,1.788854381999831711e+00,3.130495168499705549e+00,2.459674775249768519e+00,3.354101966249684263e+00,2.459674775249768519e+00,1.565247584249852775e+00
-1.341640786499873839e+00,-3.130495168499705549e+00,-3.577708763999663422e+00,-2.683281572999747677e+00,-2.459674775249768519e+00,-2.683281572999747677e+00,-1.788854381999831711e+00,0.000000000000000000e+00,6.708203932499369193e-01,6.708203932499369193e-01,6.708203932499369193e-01,-4.472135954999579277e-01,-4.472135954999579277e-01,4.472135954999579277e-01,3.801315561749642136e+00,2.236067977499789805e+00,1.341640786499873839e+00,1.118033988749894903e+00,8.944271909999158554e-01,2.236067977499789805e+00,2.012461179749810647e+00,1.118033988749894903e+00,2.459674775249768519e+00,3.130495168499705549e+00,3.130495168499705549e+00,3.354101966249684263e+00,4.695742752749557880e+00,4.472135954999579610e+00,5.590169943749473624e+00,5.142956348249516196e+00,3.354101966249684263e+00,3.577708763999663422e+00,2.459674775249768519e+00,2.236067977499789805e+00,1.788854381999831711e+00,2.459674775249768519e+00,2.459674775249768519e+00,2.906888370749726391e+00,6.708203932499369193e-01,8.944271909999158554e-01,1.341640786499873839e+00,-4.472135954999579277e-01,-1.565247584249852775e+00,-1.341640786499873839e+00,-3.130495168499705549e+00,-2.683281572999747677e+00,-4.024922359499621294e+00,-2.906888370749726391e+00,-2.236067977499789805e+00,-4.248529157249600452e+00,-2.683281572999747677e+00,-1.788854381999831711e+00,-1.341640786499873839e+00,-8.944271909999158554e-01,4.472135954999579277e-01,-1.341640786499873839e+00,-8.944271909999158554e-01,-8.944271909999158554e-01,-2.236067977499789805e+00,-6.708203932499369193e-01,6.708203932499369193e-01,-2.236067977499789805e+00,-1.788854381999831711e+00,-6.708203932499369193e-01,0.000000000000000000e+00,0.000000000000000000e+00,-1.341640786499873839e+00,-1.341640786499873839e+00,-2.459674775249768519e+00,-2.683281572999747677e+00,-1.118033988749894903e+00,-1.788854381999831711e+00,-1.118033988749894903e+00,-1.341640786499873839e+00,-8.944271909999158554e-01,-2.236067977499789639e-01,4.472135954999579277e-01,-8.944271909999158554e-01,-1.565247584249852775e+00,-1.341640786499873839e+00,1.118033988749894903e+00,1.565247584249852775e+00,8.944271909999158554e-01,-8.944271909999158554e-01,-2.236067977499789805e+00,-1.788854381999831711e+00,-6.708203932499369193e-01,6.708203932499369193e-01,0.000000000000000000e+00,-1.118033988749894903e+00,-1.341640786499873839e+00,-2.012461179749810647e+00,-4.248529157249600452e+00,-3.130495168499705549e+00,-3.801315561749642136e+00,-2.236067977499789805e+00,-3.130495168499705549e+00,-4.024922359499621294e+00,-5.813776741499452783e+00,-7.826237921249263430e+00,-7.379024325749306001e+00,-7.155417527999326843e+00,-5.590169943749473624e+00,-4.919349550499537038e+00,-3.354101966249684263e+00,-3.577708763999663422e+00,-4.919349550499537038e+00,-4.472135954999579610e+00,-5.142956348249516196e+00,-4.695742752749557880e+00,-5.142956348249516196e+00,-5.142956348249516196e+00,-5.813776741499452783e+00,-5.590169943749473624e+00,-5.813776741499452783e+00,-5.813776741499452783e+00,-3.577708763999663422e+00,-6.260990336999411099e+00,-4.695742752749557880e+00,-4.024922359499621294e+00,-4.248529157249600452e+00,-4.472135954999579610e+00,-5.813776741499452783e+00,-8.273451516749220858e+00,-6.708203932499368527e+00,-8.049844718999242588e+00,-8.049844718999242588e+00,-7.826237921249263430e+00,-8.944271909999159220e+00,-9.167878707749137490e+00,-8.944271909999159220e+00,-1.073312629199899071e+01,-1.006230589874905235e+01,-8.049844718999242588e+00,-8.049844718999242588e+00,-8.944271909999159220e+00,-9.838699100999074076e+00,-9.391485505499115760e+00,-6.484597134749389369e+00,-5.366563145999495354e+00,-2.906888370749726391e+00,-4.248529157249600452e+00,-2.906888370749726391e+00,-2.906888370749726391e+00,-3.577708763999663422e+00,-1.118033988749894903e+00,-8.944271909999158554e-01,-1.788854381999831711e+00,-1.118033988749894903e+00,-8.944271909999158554e-01,-2.012461179749810647e+00,-2.236067977499789805e+00,-2.906888370749726391e+00,-1.565247584249852775e+00,-1.788854381999831711e+00,-1.565247584249852775e+00,-3.354101966249684263e+00,-2.012461179749810647e+00,-2.236067977499789805e+00,-1.565247584249852775e+00,1.565247584249852775e+00,1.788854381999831711e+00,6.708203932499369193e-01,4.472135954999579277e-01,4.472135954999579277e-01,1.565247584249852775e+00,2.236067977499789805e+00,1.565247584249852775e+00,1.788854381999831711e+00,2.236067977499789805e+00,3.801315561749642136e+00,4.472135954999579610e+00,6.708203932499368527e+00,6.708203932499368527e+00,6.931810730249347685e+00,7.602631123499284271e+00,6.260990336999411099e+00,3.354101966249684263e+00,2.906888370749726391e+00,2.236067977499789805e+00,4.472135954999579277e-01,-6.708203932499369193e-01,6.708203932499369193e-01,-1.118033988749894903e+00,-4.472135954999579610e+00,-5.142956348249516196e+00,-5.590169943749473624e+00,-5.590169943749473624e+00,-5.590169943749473624e+00,-3.577708763999663422e+00,-3.577708763999663422e+00,-3.577708763999663422e+00,-1.788854381999831711e+00,-2.906888370749726391e+00,-1.788854381999831711e+00,-1.118033988749894903e+00,1.565247584249852775e+00,1.341640786499873839e+00,2.906888370749726391e+00,3.130495168499705549e+00,4.695742752749557880e+00,4.695742752749557880e+00,2.906888370749726391e+00,2.236067977499789805e+00,3.130495168499705549e+00,3.801315561749642136e+00,2.459674775249768519e+00,2.459674775249768519e+00,8.944271909999158554e-01,2.906888370749726391e+00,2.459674775249768519e+00,1.788854381999831711e+00,1.565247584249852775e+00,2.236067977499789805e+00,3.130495168499705549e+00,2.683281572999747677e+00,3.577708763999663422e+00,4.472135954999579610e+00,3.130495168499705549e+00,2.236067977499789805e+00,-2.236067977499789639e-01,-6.708203932499369193e-01,-6.708203932499369193e-01,-2.012461179749810647e+00,-3.577708763999663422e+00,-4.695742752749557880e+00,-4.472135954999579610e+00,-3.577708763999663422e+00,-2.683281572999747677e+00,-3.130495168499705549e+00,-3.130495168499705549e+00,-3.354101966249684263e+00,-4.248529157249600452e+00,-4.695742752749557880e+00,-5.366563145999495354e+00,-3.130495168499705549e+00,-2.236067977499789805e+00,-1.565247584249852775e+00,-2.459674775249768519e+00,-1.788854381999831711e+00,-1.788854381999831711e+00,-1.565247584249852775e+00,-2.012461179749810647e+00,-4.024922359499621294e+00,-2.459674775249768519e+00,-1.118033988749894903e+00,-6.708203932499369193e-01,8.944271909999158554e-01,1.341640786499873839e+00,2.906888370749726391e+00,3.130495168499705549e+00,1.341640786499873839e+00,6.708203932499369193e-01,1.565247584249852775e+00,1.118033988749894903e+00,-8.944271909999158554e-01,-1.341640786499873839e+00,1.118033988749894903e+00,3.801315561749642136e+00,2.906888370749726391e+00,4.248529157249600452e+00,2.236067977499789805e+00,1.341640786499873839e+00,2.012461179749810647e+00,2.683281572999747677e+00,2.459674775249768519e+00,4.024922359499621294e+00,3.130495168499705549e+00,3.130495168499705549e+00,3.577708763999663422e+00,2.906888370749726391e+00,3.577708763999663422e+00,1.788854381999831711e+00,3.354101966249684263e+00,3.801315561749642136e+00,5.813776741499452783e+00,4.919349550499537038e+00,4.024922359499621294e+00,4.472135954999579610e+00,4.695742752749557880e+00,5.813776741499452783e+00,6.708203932499368527e+00,6.260990336999411099e+00,3.577708763999663422e+00,3.354101966249684263e+00,2.459674775249768519e+00,2.012461179749810647e+00,3.130495168499705549e+00,4.024922359499621294e+00,3.577708763999663422e+00,4.919349550499537038e+00,4.472135954999579610e+00,4.472135954999579610e+00,4.024922359499621294e+00,2.012461179749810647e+00,2.236067977499789805e+00,2.012461179749810647e+00,1.118033988749894903e+00,8.944271909999158554e-01,1.788854381999831711e+00,4.472135954999579277e-01,8.944271909999158554e-01,1.565247584249852775e+00,1.788854381999831711e+00,3.577708763999663422e+00,1.341640786499873839e+00,2.236067977499789639e-01,6.708203932499369193e-01,1.565247584249852775e+00,8.944271909999158554e-01,1.341640786499873839e+00,1.341640786499873839e+00,2.236067977499789805e+00,2.683281572999747677e+00,8.944271909999158554e-01,-2.236067977499789639e-01,-6.708203932499369193e-01,-6.708203932499369193e-01,-2.236067977499789639e-01,-1.565247584249852775e+00,1.341640786499873839e+00,2.012461179749810647e+00,3.130495168499705549e+00,2.683281572999747677e+00,1.565247584249852775e+00,3.577708763999663422e+00,4.024922359499621294e+00,1.341640786499873839e+00,4.472135954999579277e-01,2.236067977499789805e+00,1.788854381999831711e+00,2.236067977499789639e-01,1.565247584249852775e+00,0.000000000000000000e+00,8.944271909999158554e-01,-6.708203932499369193e-01,-2.236067977499789639e-01,3.130495168499705549e+00,1.565247584249852775e+00,4.472135954999579277e-01,-4.472135954999579277e-01,-1.341640786499873839e+00,-2.459674775249768519e+00,-1.118033988749894903e+00,-2.012461179749810647e+00,-1.788854381999831711e+00,-1.118033988749894903e+00,0.000000000000000000e+00,-1.788854381999831711e+00,-1.341640786499873839e+00,-4.472135954999579277e-01,-1.565247584249852775e+00,-1.565247584249852775e+00,-2.459674775249768519e+00,-3.354101966249684263e+00,-3.130495168499705549e+00,-3.354101966249684263e+00,-2.459674775249768519e+00,-2.459674775249768519e+00,-2.012461179749810647e+00,-2.236067977499789805e+00,-5.142956348249516196e+00,-5.813776741499452783e+00,-3.577708763999663422e+00,-3.130495168499705549e+00,-3.354101966249684263e+00,-3.801315561749642136e+00,-1.341640786499873839e+00,-2.683281572999747677e+00,-8.944271909999158554e-01,0.000000000000000000e+00,-1.341640786499873839e+00,-2.012461179749810647e+00,-2.683281572999747677e+00,-4.248529157249600452e+00,-2.906888370749726391e+00,-1.341640786499873839e+00,-1.118033988749894903e+00,6.708203932499369193e-01,1.565247584249852775e+00,2.236067977499789805e+00,2.012461179749810647e+00,2.683281572999747677e+00,1.788854381999831711e+00,1.341640786499873839e+00,4.472135954999579277e-01,2.683281572999747677e+00,1.341640786499873839e+00,1.565247584249852775e+00,-2.236067977499789639e-01,8.944271909999158554e-01,0.000000000000000000e+00,1.565247584249852775e+00,2.236067977499789805e+00,3.130495168499705549e+00,3.577708763999663422e+00,3.130495168499705549e+00,2.012461179749810647e+00,2.906888370749726391e+00,3.577708763999663422e+00,3.801315561749642136e+00,4.248529157249600452e+00,3.354101966249684263e+00,3.354101966249684263e+00,4.024922359499621294e+00,4.695742752749557880e+00,5.142956348249516196e+00,3.577708763999663422e+00,3.577708763999663422e+00,2.906888370749726391e+00,3.577708763999663422e+00,2.012461179749810647e+00,2.906888370749726391e+00,1.565247584249852775e+00,4.472135954999579277e-01,-6.708203932499369193e-01,2.236067977499789639e-01,1.341640786499873839e+00,2.236067977499789639e-01,-8.944271909999158554e-01,-1.341640786499873839e+00,-1.565247584249852775e+00,-2.012461179749810647e+00,6.708203932499369193e-01,-1.118033988749894903e+00,-2.906888370749726391e+00,-4.248529157249600452e+00,-8.944271909999158554e-01,-6.708203932499369193e-01,6.708203932499369193e-01,2.459674775249768519e+00,1.565247584249852775e+00,1.118033988749894903e+00,1.565247584249852775e+00,1.788854381999831711e+00,1.565247584249852775e+00,-8.944271909999158554e-01,8.944271909999158554e-01,8.944271909999158554e-01,-1.118033988749894903e+00,-1.118033988749894903e+00,-4.472135954999579277e-01,-6.708203932499369193e-01,-1.118033988749894903e+00,0.000000000000000000e+00,-4.472135954999579277e-01,4.472135954999579277e-01,0.000000000000000000e+00,-8.944271909999158554e-01,8.944271909999158554e-01,6.708203932499369193e-01,8.944271909999158554e-01,2.012461179749810647e+00,8.944271909999158554e-01,2.236067977499789805e+00,1.565247584249852775e+00,6.708203932499369193e-01,1.788854381999831711e+00,3.130495168499705549e+00,2.683281572999747677e+00,2.906888370749726391e+00,4.695742752749557880e+00,4.919349550499537038e+00,4.248529157249600452e+00,5.142956348249516196e+00,4.248529157249600452e+00,4.248529157249600452e+00,3.801315561749642136e+00,2.683281572999747677e+00,1.565247584249852775e+00,2.906888370749726391e+00,1.565247584249852775e+00,8.944271909999158554e-01,1.118033988749894903e+00,-6.708203932499369193e-01,-1.341640786499873839e+00,-1.341640786499873839e+00,-4.248529157249600452e+00,-3.130495168499705549e+00,-3.354101966249684263e+00,-2.236067977499789805e+00,-2.012461179749810647e+00,-2.906888370749726391e+00,-2.906888370749726391e+00,-1.788854381999831711e+00,1.565247584249852775e+00,2.683281572999747677e+00,4.919349550499537038e+00,5.142956348249516196e+00,6.708203932499369193e-01,6.708203932499369193e-01,6.708203932499369193e-01,2.012461179749810647e+00,3.577708763999663422e+00,4.248529157249600452e+00,3.801315561749642136e+00,3.130495168499705549e+00,2.012461179749810647e+00,2.683281572999747677e+00,2.906888370749726391e+00
4.695742752749557880e+00,5.590169943749473624e+00,3.577708763999663422e+00,4.024922359499621294e+00,1.565247584249852775e+00,3.577708763999663422e+00,2.683281572999747677e+00,1.341640786499873839e+00,0.000000000000000000e+00,6.708203932499369193e-01,2.012461179749810647e+00,1.118033988749894903e+00,6.708203932499369193e-01,1.341640786499873839e+00,8.944271909999158554e-01,2.236067977499789639e-01,1.341640786499873839e+00,3.130495168499705549e+00,1.118033988749894903e+00,2.012461179749810647e+00,-1.118033988749894903e+00,-1.118033988749894903e+00,-1.565247584249852775e+00,-2.236067977499789805e+00,-2.459674775249768519e+00,-2.906888370749726391e+00,-3.354101966249684263e+00,-1.788854381999831711e+00,-3.130495168499705549e+00,-2.459674775249768519e+00,-2.683281572999747677e+00,-6.708203932499369193e-01,-2.012461179749810647e+00,-2.012461179749810647e+00,0.000000000000000000e+00,1.565247584249852775e+00,2.012461179749810647e+00,2.236067977499789805e+00,1.788854381999831711e+00,1.565247584249852775e+00,2.236067977499789805e+00,3.354101966249684263e+00,3.130495168499705549e+00,2.012461179749810647e+00,2.459674775249768519e+00,2.683281572999747677e+00,2.683281572999747677e+00,1.788854381999831711e+00,-4.472135954999579277e-01,2.236067977499789639e-01,-4.472135954999579277e-01,-1.118033988749894903e+00,-1.565247584249852775e+00,-1.788854381999831711e+00,-8.944271909999158554e-01,-2.236067977499789805e+00,-2.459674775249768519e+00,-3.577708763999663422e+00,-4.919349550499537038e+00,-4.695742752749557880e+00,-4.919349550499537038e+00,-3.801315561749642136e+00,-4.024922359499621294e+00,-4.024922359499621294e+00,-3.801315561749642136e+00,-3.577708763999663422e+00,-2.459674775249768519e+00,-2.236067977499789805e+00,-1.788854381999831711e+00,-1.565247584249852775e+00,-1.341640786499873839e+00,-2.236067977499789805e+00,-2.906888370749726391e+00,-3.354101966249684263e+00,-4.472135954999579610e+00,-4.024922359499621294e+00,-3.577708763999663422e+00,-1.565247584249852775e+00,-4.472135954999579277e-01,4.472135954999579277e-01,1.341640786499873839e+00,8.944271909999158554e-01,1.118033988749894903e+00,3.130495168499705549e+00,2.906888370749726391e+00,3.130495168499705549e+00,4.695742752749557880e+00,6.260990336999411099e+00,6.708203932499368527e+00,6.931810730249347685e+00,7.379024325749306001e+00,6.708203932499368527e+00,7.826237921249263430e+00,7.379024325749306001e+00,6.037383539249431941e+00,4.695742752749557880e+00,4.919349550499537038e+00,4.248529157249600452e+00,3.801315561749642136e+00,6.037383539249431941e+00,3.130495168499705549e+00,3.577708763999663422e+00,4.695742752749557880e+00,4.472135954999579610e+00,2.459674775249768519e+00,2.459674775249768519e+00,4.248529157249600452e+00,2.236067977499789805e+00,1.565247584249852775e+00,0.000000000000000000e+00,2.236067977499789639e-01,8.944271909999158554e-01,8.944271909999158554e-01,0.000000000000000000e+00,-2.236067977499789639e-01,2.236067977499789639e-01,2.236067977499789639e-01,8.944271909999158554e-01,4.472135954999579277e-01,-6.708203932499369193e-01,-1.341640786499873839e+00,-4.472135954999579277e-01,1.118033988749894903e+00,6.708203932499369193e-01,1.118033988749894903e+00,1.788854381999831711e+00,2.012461179749810647e+00,-4.472135954999579277e-01,4.472135954999579277e-01,1.565247584249852775e+00,0.000000000000000000e+00,1.788854381999831711e+00,-4.472135954999579277e-01,-1.565247584249852775e+00,-1.565247584249852775e+00,-2.236067977499789805e+00,-1.788854381999831711e+00,-6.708203932499369193e-01,8.944271909999158554e-01,4.472135954999579277e-01,1.118033988749894903e+00,6.708203932499369193e-01,4.472135954999579277e-01,6.708203932499369193e-01,1.118033988749894903e+00,8.944271909999158554e-01,2.012461179749810647e+00,1.788854381999831711e+00,1.788854381999831711e+00,1.788854381999831711e+00,2.906888370749726391e+00,1.788854381999831711e+00,1.788854381999831711e+00,2.012461179749810647e+00,8.944271909999158554e-01,-1.118033988749894903e+00,-2.236067977499789805e+00,-2.906888370749726391e+00,-1.565247584249852775e+00,6.708203932499369193e-01,4.472135954999579277e-01,-2.236067977499789639e-01,1.118033988749894903e+00,4.024922359499621294e+00,3.354101966249684263e+00,3.130495168499705549e+00,4.695742752749557880e+00,4.024922359499621294e+00,1.565247584249852775e+00,8.944271909999158554e-01,-2.236067977499789639e-01,1.118033988749894903e+00,1.118033988749894903e+00,-2.236067977499789639e-01,3.577708763999663422e+00,2.683281572999747677e+00,2.459674775249768519e+00,2.906888370749726391e+00,2.683281572999747677e+00,1.788854381999831711e+00,2.012461179749810647e+00,2.236067977499789805e+00,2.906888370749726391e+00,0.000000000000000000e+00,0.000000000000000000e+00,-1.341640786499873839e+00,-3.577708763999663422e+00,-3.354101966249684263e+00,-4.024922359499621294e+00,-5.590169943749473624e+00,-7.379024325749306001e+00,-8.049844718999242588e+00,-8.944271909999159220e+00,-1.050951949424901066e+01,-1.140394668524892730e+01,-1.006230589874905235e+01,-1.028591269649903239e+01,-6.708203932499368527e+00,-6.931810730249347685e+00,-4.695742752749557880e+00,-5.142956348249516196e+00,-2.459674775249768519e+00,-1.788854381999831711e+00,-2.906888370749726391e+00,-2.906888370749726391e+00,-1.565247584249852775e+00,-2.236067977499789639e-01,6.708203932499369193e-01,1.118033988749894903e+00,0.000000000000000000e+00,-1.341640786499873839e+00,2.236067977499789639e-01,-8.944271909999158554e-01,2.236067977499789639e-01,6.708203932499369193e-01,-8.944271909999158554e-01,-1.341640786499873839e+00,-3.577708763999663422e+00,-4.248529157249600452e+00,-3.577708763999663422e+00,-4.919349550499537038e+00,-7.826237921249263430e+00,-4.695742752749557880e+00,-1.788854381999831711e+00,-8.944271909999158554e-01,-1.118033988749894903e+00,-2.236067977499789639e-01,4.472135954999579277e-01,-1.118033988749894903e+00,-3.130495168499705549e+00,-1.118033988749894903e+00,1.341640786499873839e+00,1.341640786499873839e+00,6.708203932499369193e-01,4.472135954999579277e-01,1.118033988749894903e+00,1.788854381999831711e+00,4.472135954999579277e-01,2.236067977499789639e-01,1.565247584249852775e+00,2.683281572999747677e+00,2.236067977499789805e+00,2.906888370749726391e+00,1.341640786499873839e+00,2.012461179749810647e+00,4.248529157249600452e+00,3.801315561749642136e+00,3.577708763999663422e+00,3.577708763999663422e+00,3.130495168499705549e+00,4.248529157249600452e+00,2.012461179749810647e+00,-8.944271909999158554e-01,8.944271909999158554e-01,2.459674775249768519e+00,1.788854381999831711e+00,1.341640786499873839e+00,1.118033988749894903e+00,2.236067977499789639e-01,1.788854381999831711e+00,1.118033988749894903e+00,1.565247584249852775e+00,1.118033988749894903e+00,1.565247584249852775e+00,8.944271909999158554e-01,2.012461179749810647e+00,8.944271909999158554e-01,2.683281572999747677e+00,2.236067977499789805e+00,3.354101966249684263e+00,4.472135954999579610e+00,5.590169943749473624e+00,5.590169943749473624e+00,5.590169943749473624e+00,7.155417527999326843e+00,6.708203932499368527e+00,6.037383539249431941e+00,3.801315561749642136e+00,3.130495168499705549e+00,8.944271909999158554e-01,6.708203932499369193e-01,6.708203932499369193e-01,2.459674775249768519e+00,4.472135954999579277e-01,1.118033988749894903e+00,1.118033988749894903e+00,4.472135954999579277e-01,2.012461179749810647e+00,2.459674775249768519e+00,2.459674775249768519e+00,3.577708763999663422e+00,2.012461179749810647e+00,1.788854381999831711e+00,1.788854381999831711e+00,2.236067977499789805e+00,1.788854381999831711e+00,2.236067977499789805e+00,1.565247584249852775e+00,4.472135954999579277e-01,1.788854381999831711e+00,2.236067977499789639e-01,1.565247584249852775e+00,8.944271909999158554e-01,6.708203932499369193e-01,1.341640786499873839e+00,8.944271909999158554e-01,2.236067977499789639e-01,2.236067977499789639e-01,1.118033988749894903e+00,1.788854381999831711e+00,1.341640786499873839e+00,1.565247584249852775e+00,0.000000000000000000e+00,6.708203932499369193e-01,2.236067977499789639e-01,-1.118033988749894903e+00,-3.130495168499705549e+00,-4.472135954999579610e+00,-4.024922359499621294e+00,-3.354101966249684263e+00,-4.024922359499621294e+00,-3.130495168499705549e+00,-2.683281572999747677e+00,-2.459674775249768519e+00,-3.354101966249684263e+00,-3.130495168499705549e+00,-2.012461179749810647e+00,-3.801315561749642136e+00,-3.801315561749642136e+00,-2.012461179749810647e+00,4.472135954999579277e-01,-2.012461179749810647e+00,-2.236067977499789805e+00,-2.236067977499789805e+00,-1.565247584249852775e+00,-4.472135954999579277e-01,-2.012461179749810647e+00,-6.708203932499369193e-01,6.708203932499369193e-01,-6.708203932499369193e-01,2.236067977499789639e-01,0.000000000000000000e+00,-6.708203932499369193e-01,-2.012461179749810647e+00,-1.341640786499873839e+00,-2.459674775249768519e+00,-8.944271909999158554e-01,4.472135954999579277e-01,8.944271909999158554e-01,1.565247584249852775e+00,4.472135954999579277e-01,1.788854381999831711e+00,2.012461179749810647e+00,2.683281572999747677e+00,1.118033988749894903e+00,2.236067977499789805e+00,2.906888370749726391e+00,1.118033988749894903e+00,-6.708203932499369193e-01,-6.708203932499369193e-01,-2.012461179749810647e+00,-6.708203932499369193e-01,-2.012461179749810647e+00,-1.341640786499873839e+00,-3.577708763999663422e+00,-4.472135954999579610e+00,-5.813776741499452783e+00,-6.484597134749389369e+00,-6.708203932499368527e+00,-4.919349550499537038e+00,-3.577708763999663422e+00,-2.459674775249768519e+00,-1.788854381999831711e+00,-1.118033988749894903e+00,-2.236067977499789805e+00,-4.919349550499537038e+00,-6.260990336999411099e+00,-6.260990336999411099e+00,-4.695742752749557880e+00,-5.590169943749473624e+00,-5.813776741499452783e+00,-7.826237921249263430e+00,-7.602631123499284271e+00,-8.049844718999242588e+00,-7.155417527999326843e+00,-5.366563145999495354e+00,-6.260990336999411099e+00,-5.590169943749473624e+00,-5.366563145999495354e+00,-3.354101966249684263e+00,-3.354101966249684263e+00,-4.248529157249600452e+00,-5.813776741499452783e+00,-4.695742752749557880e+00,-2.683281572999747677e+00,-2.236067977499789805e+00,-2.459674775249768519e+00,4.472135954999579277e-01,-2.236067977499789805e+00,-1.118033988749894903e+00,-3.130495168499705549e+00,-3.354101966249684263e+00,-3.801315561749642136e+00,-2.236067977499789805e+00,-4.472135954999579277e-01,2.236067977499789639e-01,-4.472135954999579277e-01,0.000000000000000000e+00,0.000000000000000000e+00,1.118033988749894903e+00,-6.708203932499369193e-01,2.236067977499789639e-01,-4.472135954999579277e-01,-1.118033988749894903e+00,8.944271909999158554e-01,2.236067977499789805e+00,3.577708763999663422e+00,2.012461179749810647e+00,3.577708763999663422e+00,4.024922359499621294e+00,3.577708763999663422e+00,3.354101966249684263e+00,2.683281572999747677e+00,1.565247584249852775e+00,6.708203932499369193e-01,1.341640786499873839e+00,1.118033988749894903e+00,0.000000000000000000e+00,-1.788854381999831711e+00,-4.472135954999579277e-01,-1.788854381999831711e+00,-1.788854381999831711e+00,-2.236067977499789639e-01,1.565247584249852775e+00,8.944271909999158554e-01,1.118033988749894903e+00,2.236067977499789805e+00,1.565247584249852775e+00,-4.472135954999579277e-01,-1.118033988749894903e+00,-1.341640786499873839e+00,-8.944271909999158554e-01,-6.708203932499369193e-01,2.236067977499789639e-01,4.472135954999579277e-01,2.236067977499789639e-01,4.472135954999579277e-01,-1.565247584249852775e+00,-1.788854381999831711e+00,1.341640786499873839e+00,1.788854381999831711e+00,2.459674775249768519e+00,5.590169943749473624e+00,5.813776741499452783e+00,3.354101966249684263e+00,2.459674775249768519e+00,2.236067977499789805e+00,2.012461179749810647e+00,2.459674775249768519e+00,2.012461179749810647e+00,2.683281572999747677e+00,4.024922359499621294e+00,4.472135954999579610e+00,4.919349550499537038e+00,4.248529157249600452e+00,4.024922359499621294e+00,2.906888370749726391e+00,4.919349550499537038e+00,5.366563145999495354e+00,4.695742752749557880e+00,4.024922359499621294e+00,2.236067977499789805e+00,2.236067977499789805e+00,8.944271909999158554e-01,2.459674775249768519e+00,2.012461179749810647e+00,2.012461179749810647e+00,1.118033988749894903e+00,1.788854381999831711e+00,2.459674775249768519e+00,-4.472135954999579277e-01,0.000000000000000000e+00,-1.118033988749894903e+00,-2.236067977499789805e+00,-1.788854381999831711e+00,-1.341640786499873839e+00,-1.118033988749894903e+00,-1.118033988749894903e+00,-1.341640786499873839e+00,-1.341640786499873839e+00,-3.577708763999663422e+00,-4.472135954999579610e+00,-4.472135954999579610e+00,-3.801315561749642136e+00,-4.248529157249600452e+00,-3.130495168499705549e+00,-2.459674775249768519e+00,-2.906888370749726391e+00,-1.788854381999831711e+00,-2.906888370749726391e+00
1.565247584249852775e+00,-4.472135954999579277e-01,-1.118033988749894903e+00,-2.683281572999747677e+00,-4.919349550499537038e+00,-4.248529157249600452e+00,-5.142956348249516196e+00,-6.037383539249431941e+00,-5.366563145999495354e+00,-5.813776741499452783e+00,-4.472135954999579610e+00,-3.577708763999663422e+00,-3.130495168499705549e+00,-1.788854381999831711e+00,-3.130495168499705549e+00,-2.459674775249768519e+00,-2.012461179749810647e+00,-2.459674775249768519e+00,-1.788854381999831711e+00,-1.565247584249852775e+00,-1.565247584249852775e+00,-1.788854381999831711e+00,-4.472135954999579277e-01,2.236067977499789639e-01,-4.472135954999579277e-01,1.341640786499873839e+00,2.012461179749810647e+00,4.248529157249600452e+00,6.037383539249431941e+00,6.484597134749389369e+00,8.049844718999242588e+00,8.273451516749220858e+00,8.049844718999242588e+00,9.167878707749137490e+00,8.944271909999159220e+00,7.155417527999326843e+00,7.155417527999326843e+00,6.931810730249347685e+00,5.813776741499452783e+00,4.472135954999579610e+00,6.260990336999411099e+00,4.248529157249600452e+00,5.142956348249516196e+00,4.248529157249600452e+00,2.683281572999747677e+00,4.248529157249600452e+00,3.354101966249684263e+00,3.577708763999663422e+00,2.683281572999747677e+00,2.683281572999747677e+00,1.565247584249852775e+00,2.236067977499789805e+00,2.012461179749810647e+00,3.354101966249684263e+00,4.248529157249600452e+00,4.695742752749557880e+00,3.577708763999663422e+00,4.472135954999579610e+00,4.695742752749557880e+00,3.801315561749642136e+00,4.472135954999579610e+00,5.590169943749473624e+00,7.826237921249263430e+00,6.484597134749389369e+00,5.366563145999495354e+00,5.590169943749473624e+00,7.602631123499284271e+00,8.049844718999242588e+00,6.484597134749389369e+00,5.813776741499452783e+00,6.931810730249347685e+00,5.813776741499452783e+00,4.472135954999579610e+00,4.695742752749557880e+00,2.012461179749810647e+00,3.577708763999663422e+00,2.459674775249768519e+00,3.130495168499705549e+00,2.906888370749726391e+00,2.459674775249768519e+00,2.012461179749810647e+00,1.118033988749894903e+00,-6.708203932499369193e-01,-2.683281572999747677e+00,-2.459674775249768519e+00,-1.565247584249852775e+00,-6.708203932499369193e-01,-2.236067977499789639e-01,8.944271909999158554e-01,6.708203932499369193e-01,1.565247584249852775e+00,0.000000000000000000e+00,-4.472135954999579277e-01,1.341640786499873839e+00,-6.708203932499369193e-01,-6.708203932499369193e-01,-1.565247584249852775e+00,0.000000000000000000e+00,-2.236067977499789639e-01,4.472135954999579277e-01,1.341640786499873839e+00,2.012461179749810647e+00,2.236067977499789639e-01,8.944271909999158554e-01,1.118033988749894903e+00,8.944271909999158554e-01,6.708203932499369193e-01,2.236067977499789639e-01,-2.012461179749810647e+00,-2.906888370749726391e+00,-2.236067977499789805e+00,-2.683281572999747677e+00,-2.236067977499789805e+00,-4.472135954999579277e-01,4.472135954999579277e-01,1.341640786499873839e+00,1.118033988749894903e+00,1.565247584249852775e+00,3.130495168499705549e+00,6.708203932499369193e-01,-4.472135954999579277e-01,-6.708203932499369193e-01,8.944271909999158554e-01,2.236067977499789639e-01,4.472135954999579277e-01,2.012461179749810647e+00,1.788854381999831711e+00,2.236067977499789805e+00,2.906888370749726391e+00,4.248529157249600452e+00,3.354101966249684263e+00,6.931810730249347685e+00,6.484597134749389369e+00,4.919349550499537038e+00,4.695742752749557880e+00,4.919349550499537038e+00,5.366563145999495354e+00,5.142956348249516196e+00,5.142956348249516196e+00,2.906888370749726391e+00,2.906888370749726391e+00,2.683281572999747677e+00,2.236067977499789805e+00,-4.472135954999579277e-01,4.472135954999579277e-01,-2.236067977499789639e-01,-8.944271909999158554e-01,-8.944271909999158554e-01,8.944271909999158554e-01,0.000000000000000000e+00,1.565247584249852775e+00,1.788854381999831711e+00,2.459674775249768519e+00,2.459674775249768519e+00,1.788854381999831711e+00,8.944271909999158554e-01,-6.708203932499369193e-01,-2.236067977499789639e-01,0.000000000000000000e+00,-8.944271909999158554e-01,-1.341640786499873839e+00,4.472135954999579277e-01,-1.118033988749894903e+00,-1.118033988749894903e+00,2.236067977499789639e-01,4.472135954999579277e-01,6.708203932499369193e-01,0.000000000000000000e+00,1.341640786499873839e+00,1.788854381999831711e+00,4.248529157249600452e+00,4.024922359499621294e+00,2.236067977499789805e+00,1.341640786499873839e+00,1.341640786499873839e+00,4.472135954999579277e-01,3.130495168499705549e+00,3.354101966249684263e+00,3.354101966249684263e+00,2.683281572999747677e+00,2.236067977499789639e-01,1.565247584249852775e+00,4.472135954999579277e-01,-4.472135954999579277e-01,-1.565247584249852775e+00,-1.565247584249852775e+00,-4.472135954999579277e-01,1.788854381999831711e+00,4.248529157249600452e+00,2.459674775249768519e+00,2.906888370749726391e+00,2.683281572999747677e+00,1.565247584249852775e+00,2.236067977499789639e-01,1.565247584249852775e+00,1.565247584249852775e+00,2.012461179749810647e+00,3.801315561749642136e+00,6.260990336999411099e+00,7.155417527999326843e+00,7.379024325749306001e+00,7.826237921249263430e+00,6.037383539249431941e+00,4.919349550499537038e+00,4.919349550499537038e+00,5.366563145999495354e+00,4.695742752749557880e+00,4.919349550499537038e+00,4.472135954999579610e+00,2.683281572999747677e+00,2.012461179749810647e+00,2.236067977499789805e+00,3.801315561749642136e+00,4.695742752749557880e+00,6.931810730249347685e+00,6.484597134749389369e+00,6.037383539249431941e+00,4.472135954999579610e+00,2.906888370749726391e+00,2.906888370749726391e+00,4.024922359499621294e+00,5.142956348249516196e+00,7.602631123499284271e+00,8.049844718999242588e+00,1.028591269649903239e+01,9.838699100999074076e+00,9.615092303249095806e+00,9.391485505499115760e+00,9.167878707749137490e+00,9.391485505499115760e+00,7.379024325749306001e+00,7.826237921249263430e+00,6.708203932499368527e+00,4.919349550499537038e+00,5.813776741499452783e+00,6.037383539249431941e+00,3.801315561749642136e+00,5.366563145999495354e+00,5.366563145999495354e+00,3.577708763999663422e+00,5.590169943749473624e+00,4.248529157249600452e+00,2.459674775249768519e+00,1.118033988749894903e+00,-2.236067977499789805e+00,-8.944271909999158554e-01,6.708203932499369193e-01,1.118033988749894903e+00,2.012461179749810647e+00,1.788854381999831711e+00,8.944271909999158554e-01,4.472135954999579277e-01,1.118033988749894903e+00,4.472135954999579277e-01,-6.708203932499369193e-01,-8.944271909999158554e-01,-1.788854381999831711e+00,-2.012461179749810647e+00,-2.459674775249768519e+00,-2.683281572999747677e+00,-4.472135954999579277e-01,-1.118033988749894903e+00,4.472135954999579277e-01,0.000000000000000000e+00,-2.236067977499789805e+00,-2.012461179749810647e+00,-3.130495168499705549e+00,-4.024922359499621294e+00,-1.788854381999831711e+00,-4.024922359499621294e+00,-2.012461179749810647e+00,-1.341640786499873839e+00,-1.565247584249852775e+00,-8.944271909999158554e-01,4.472135954999579277e-01,2.236067977499789805e+00,1.565247584249852775e+00,1.565247584249852775e+00,1.341640786499873839e+00,2.236067977499789639e-01,-4.472135954999579277e-01,-2.236067977499789639e-01,0.000000000000000000e+00,-1.118033988749894903e+00,-1.118033988749894903e+00,-8.944271909999158554e-01,-2.012461179749810647e+00,-3.130495168499705549e+00,-2.459674775249768519e+00,-3.130495168499705549e+00,-1.788854381999831711e+00,-6.708203932499369193e-01,1.788854381999831711e+00,6.708203932499369193e-01,2.236067977499789639e-01,-3.130495168499705549e+00,-2.236067977499789805e+00,-2.236067977499789805e+00,-1.788854381999831711e+00,-2.012461179749810647e+00,-4.472135954999579277e-01,-8.944271909999158554e-01,-1.118033988749894903e+00,-2.236067977499789805e+00,-1.788854381999831711e+00,-1.788854381999831711e+00,-2.459674775249768519e+00,-2.459674775249768519e+00,-3.130495168499705549e+00,-2.906888370749726391e+00,-1.788854381999831711e+00,-1.788854381999831711e+00,-3.130495168499705549e+00,-3.354101966249684263e+00,-2.683281572999747677e+00,-3.354101966249684263e+00,-4.024922359499621294e+00,-4.024922359499621294e+00,-3.801315561749642136e+00,-3.801315561749642136e+00,-4.024922359499621294e+00,-5.366563145999495354e+00,-5.590169943749473624e+00,-4.024922359499621294e+00,-4.472135954999579610e+00,-4.472135954999579610e+00,-4.695742752749557880e+00,-2.906888370749726391e+00,-2.236067977499789639e-01,-2.236067977499789805e+00,-1.565247584249852775e+00,-2.459674775249768519e+00,-2.906888370749726391e+00,-2.683281572999747677e+00,-2.236067977499789639e-01,0.000000000000000000e+00,1.565247584249852775e+00,3.801315561749642136e+00,5.813776741499452783e+00,5.590169943749473624e+00,6.484597134749389369e+00,6.484597134749389369e+00,6.260990336999411099e+00,4.248529157249600452e+00,4.695742752749557880e+00,4.695742752749557880e+00,3.354101966249684263e+00,3.130495168499705549e+00,3.801315561749642136e+00,5.142956348249516196e+00,6.260990336999411099e+00,6.037383539249431941e+00,4.472135954999579610e+00,2.012461179749810647e+00,2.906888370749726391e+00,2.012461179749810647e+00,2.012461179749810647e+00,4.024922359499621294e+00,2.459674775249768519e+00,2.906888370749726391e+00,2.906888370749726391e+00,4.024922359499621294e+00,2.236067977499789805e+00,3.577708763999663422e+00,4.248529157249600452e+00,4.472135954999579610e+00,4.695742752749557880e+00,6.484597134749389369e+00,5.813776741499452783e+00,6.708203932499368527e+00,6.708203932499368527e+00,5.366563145999495354e+00,7.826237921249263430e+00,7.826237921249263430e+00,6.260990336999411099e+00,6.037383539249431941e+00,5.590169943749473624e+00,4.472135954999579610e+00,3.801315561749642136e+00,4.919349550499537038e+00,2.906888370749726391e+00,8.944271909999158554e-01,2.683281572999747677e+00,5.366563145999495354e+00,4.024922359499621294e+00,5.366563145999495354e+00,6.484597134749389369e+00,6.260990336999411099e+00,4.919349550499537038e+00,5.590169943749473624e+00,4.695742752749557880e+00,5.813776741499452783e+00,1.118033988749894903e+00,2.236067977499789639e-01,-2.236067977499789639e-01,-1.788854381999831711e+00,-1.788854381999831711e+00,-6.708203932499369193e-01,4.472135954999579277e-01,1.118033988749894903e+00,8.944271909999158554e-01,8.944271909999158554e-01,-8.944271909999158554e-01,-1.118033988749894903e+00,-2.683281572999747677e+00,-3.130495168499705549e+00,-4.024922359499621294e+00,-3.577708763999663422e+00,-2.236067977499789805e+00,-2.906888370749726391e+00,-2.459674775249768519e+00,-2.683281572999747677e+00,-2.236067977499789805e+00,-4.024922359499621294e+00,-3.354101966249684263e+00,-3.130495168499705549e+00,-4.024922359499621294e+00,-3.577708763999663422e+00,-2.683281572999747677e+00,-5.366563145999495354e+00,-6.484597134749389369e+00,-8.497058314499200904e+00,-9.391485505499115760e+00,-7.826237921249263430e+00,-8.720665112249179174e+00,-8.497058314499200904e+00,-8.049844718999242588e+00,-7.379024325749306001e+00,-6.931810730249347685e+00,-6.931810730249347685e+00,-6.708203932499368527e+00,-5.590169943749473624e+00,-6.484597134749389369e+00,-5.142956348249516196e+00,-4.695742752749557880e+00,-2.459674775249768519e+00,-2.459674775249768519e+00,-1.341640786499873839e+00,-1.341640786499873839e+00,-2.236067977499789639e-01,-8.944271909999158554e-01,-1.341640786499873839e+00,-6.708203932499369193e-01,4.472135954999579277e-01,2.236067977499789639e-01,8.944271909999158554e-01,2.459674775249768519e+00,0.000000000000000000e+00,-8.944271909999158554e-01,-8.944271909999158554e-01,-1.788854381999831711e+00,-1.788854381999831711e+00,-3.354101966249684263e+00,-3.354101966249684263e+00,-3.577708763999663422e+00,-2.683281572999747677e+00,-2.683281572999747677e+00,-2.012461179749810647e+00,-2.236067977499789805e+00,-4.472135954999579277e-01,-2.012461179749810647e+00,-4.919349550499537038e+00,-5.590169943749473624e+00,-5.142956348249516196e+00,-3.354101966249684263e+00,-4.248529157249600452e+00,-4.248529157249600452e+00,-2.906888370749726391e+00,-1.118033988749894903e+00,1.118033988749894903e+00,2.236067977499789805e+00,1.118033988749894903e+00,-2.236067977499789639e-01,-8.944271909999158554e-01,-2.236067977499789805e+00,-2.236067977499789805e+00,0.000000000000000000e+00,-1.788854381999831711e+00,-6.708203932499369193e-01,8.944271909999158554e-01,8.944271909999158554e-01,1.565247584249852775e+00,2.012461179749810647e+00,1.341640786499873839e+00,-4.472135954999579277e-01,1.565247584249852775e+00,0.000000000000000000e+00,-4.472135954999579277e-01,0.000000000000000000e+00,1.788854381999831711e+00,2.012461179749810647e+00,3.130495168499705549e+00,2.906888370749726391e+00,2.906888370749726391e+00,3.801315561749642136e+00,2.906888370749726391e+00,3.354101966249684263e+00,1.788854381999831711e+00,1.565247584249852775e+00,1.565247584249852775e+00
-2.236067977499789639e-01,-1.341640786499873839e+00,-2.236067977499789805e+00,-1.341640786499873839e+00,6.708203932499369193e-01,-4.472135954999579277e-01,0.000000000000000000e+00,0.000000000000000000e+00,4.472135954999579277e-01,1.341640786499873839e+00,1.565247584249852775e+00,-8.944271909999158554e-01,-2.906888370749726391e+00,-2.459674775249768519e+00,-2.236067977499789639e-01,-6.708203932499369193e-01,-1.341640786499873839e+00,-3.577708763999663422e+00,-1.341640786499873839e+00,-1.565247584249852775e+00,-2.459674775249768519e+00,-2.683281572999747677e+00,-3.130495168499705549e+00,-2.459674775249768519e+00,-1.341640786499873839e+00,8.944271909999158554e-01,1.118033988749894903e+00,0.000000000000000000e+00,-2.236067977499789639e-01,-1.341640786499873839e+00,-1.565247584249852775e+00,-3.130495168499705549e+00,-2.906888370749726391e+00,-2.906888370749726391e+00,-4.472135954999579610e+00,-5.366563145999495354e+00,-5.590169943749473624e+00,-5.142956348249516196e+00,-4.472135954999579610e+00,-6.708203932499369193e-01,1.118033988749894903e+00,1.341640786499873839e+00,4.472135954999579277e-01,2.236067977499789639e-01,0.000000000000000000e+00,0.000000000000000000e+00,0.000000000000000000e+00,-2.236067977499789639e-01,3.130495168499705549e+00,4.024922359499621294e+00,3.577708763999663422e+00,2.683281572999747677e+00,1.565247584249852775e+00,1.565247584249852775e+00,3.354101966249684263e+00,4.919349550499537038e+00,5.142956348249516196e+00,4.024922359499621294e+00,3.354101966249684263e+00,4.248529157249600452e+00,4.695742752749557880e+00,3.801315561749642136e+00,8.944271909999158554e-01,-2.236067977499789639e-01,6.708203932499369193e-01,1.565247584249852775e+00,1.118033988749894903e+00,4.472135954999579277e-01,2.459674775249768519e+00,3.801315561749642136e+00,4.248529157249600452e+00,6.037383539249431941e+00,6.484597134749389369e+00,4.919349550499537038e+00,4.919349550499537038e+00,5.142956348249516196e+00,3.801315561749642136e+00,4.919349550499537038e+00,4.248529157249600452e+00,4.248529157249600452e+00,5.142956348249516196e+00,4.024922359499621294e+00,3.354101966249684263e+00,2.459674775249768519e+00,6.708203932499369193e-01,6.708203932499369193e-01,2.012461179749810647e+00,2.906888370749726391e+00,2.012461179749810647e+00,2.012461179749810647e+00,2.459674775249768519e+00,2.012461179749810647e+00,2.236067977499789639e-01,1.341640786499873839e+00,8.944271909999158554e-01,4.472135954999579277e-01,8.944271909999158554e-01,2.012461179749810647e+00,8.944271909999158554e-01,2.236067977499789805e+00,1.788854381999831711e+00,1.788854381999831711e+00,2.012461179749810647e+00,4.472135954999579277e-01,-6.708203932499369193e-01,-4.472135954999579277e-01,-1.118033988749894903e+00,-2.236067977499789639e-01,1.788854381999831711e+00,1.118033988749894903e+00,-1.341640786499873839e+00,-2.236067977499789805e+00,-2.906888370749726391e+00,-2.683281572999747677e+00,-3.801315561749642136e+00,-2.906888370749726391e+00,-4.919349550499537038e+00,-3.354101966249684263e+00,-2.236067977499789805e+00,-2.236067977499789805e+00,-3.354101966249684263e+00,-2.459674775249768519e+00,0.000000000000000000e+00,-4.472135954999579277e-01,1.341640786499873839e+00,3.801315561749642136e+00,4.919349550499537038e+00,6.260990336999411099e+00,6.260990336999411099e+00,3.801315561749642136e+00,3.801315561749642136e+00,1.341640786499873839e+00,2.236067977499789639e-01,6.708203932499369193e-01,2.012461179749810647e+00,-4.472135954999579277e-01,-2.236067977499789639e-01,-1.118033988749894903e+00,-3.801315561749642136e+00,-4.248529157249600452e+00,-3.130495168499705549e+00,-4.695742752749557880e+00,-4.472135954999579610e+00,-3.577708763999663422e+00,-3.801315561749642136e+00,-5.590169943749473624e+00,-5.142956348249516196e+00,-3.577708763999663422e+00,-4.695742752749557880e+00,-4.919349550499537038e+00,-3.577708763999663422e+00,-2.012461179749810647e+00,-8.944271909999158554e-01,-2.236067977499789639e-01,-6.708203932499369193e-01,4.472135954999579277e-01,1.565247584249852775e+00,4.472135954999579277e-01,-1.565247584249852775e+00,-2.906888370749726391e+00,-3.801315561749642136e+00,-4.919349550499537038e+00,-6.260990336999411099e+00,-5.366563145999495354e+00,-4.248529157249600452e+00,-4.248529157249600452e+00,-3.130495168499705549e+00,-2.906888370749726391e+00,-2.012461179749810647e+00,-2.683281572999747677e+00,-2.236067977499789805e+00,-2.236067977499789805e+00,-2.012461179749810647e+00,-1.788854381999831711e+00,-1.118033988749894903e+00,-1.341640786499873839e+00,-6.708203932499369193e-01,-1.341640786499873839e+00,-2.012461179749810647e+00,-4.472135954999579277e-01,8.944271909999158554e-01,0.000000000000000000e+00,-2.236067977499789639e-01,-4.472135954999579277e-01,0.000000000000000000e+00,0.000000000000000000e+00,-2.236067977499789639e-01,-2.459674775249768519e+00,-2.459674775249768519e+00,-1.788854381999831711e+00,-2.236067977499789639e-01,-1.788854381999831711e+00,-2.012461179749810647e+00,-3.354101966249684263e+00,-2.459674775249768519e+00,-8.944271909999158554e-01,-2.012461179749810647e+00,-3.130495168499705549e+00,-1.118033988749894903e+00,-4.472135954999579277e-01,-2.459674775249768519e+00,-1.565247584249852775e+00,-2.012461179749810647e+00,-1.565247584249852775e+00,-3.130495168499705549e+00,-4.695742752749557880e+00,-1.341640786499873839e+00,-8.944271909999158554e-01,-6.708203932499369193e-01,4.472135954999579277e-01,6.708203932499369193e-01,6.708203932499369193e-01,2.459674775249768519e+00,3.801315561749642136e+00,4.472135954999579610e+00,5.142956348249516196e+00,7.155417527999326843e+00,4.695742752749557880e+00,5.590169943749473624e+00,6.260990336999411099e+00,6.708203932499368527e+00,7.379024325749306001e+00,7.602631123499284271e+00,8.497058314499200904e+00,9.838699100999074076e+00,1.028591269649903239e+01,9.838699100999074076e+00,7.602631123499284271e+00,4.919349550499537038e+00,5.366563145999495354e+00,6.708203932499368527e+00,5.142956348249516196e+00,5.590169943749473624e+00,3.577708763999663422e+00,3.354101966249684263e+00,1.118033988749894903e+00,2.012461179749810647e+00,-1.341640786499873839e+00,-2.236067977499789805e+00,-3.130495168499705549e+00,-3.801315561749642136e+00,-8.944271909999158554e-01,-1.565247584249852775e+00,-4.472135954999579277e-01,1.788854381999831711e+00,3.577708763999663422e+00,3.130495168499705549e+00,3.801315561749642136e+00,2.683281572999747677e+00,3.130495168499705549e+00,2.683281572999747677e+00,5.813776741499452783e+00,6.037383539249431941e+00,4.919349550499537038e+00,4.472135954999579610e+00,7.155417527999326843e+00,6.484597134749389369e+00,4.248529157249600452e+00,5.142956348249516196e+00,3.801315561749642136e+00,2.459674775249768519e+00,2.906888370749726391e+00,2.459674775249768519e+00,1.341640786499873839e+00,1.341640786499873839e+00,2.012461179749810647e+00,-6.708203932499369193e-01,-2.012461179749810647e+00,-2.012461179749810647e+00,4.472135954999579277e-01,-4.472135954999579277e-01,-1.565247584249852775e+00,-1.118033988749894903e+00,-8.944271909999158554e-01,1.118033988749894903e+00,6.708203932499369193e-01,0.000000000000000000e+00,-4.472135954999579277e-01,2.236067977499789639e-01,-1.341640786499873839e+00,-1.341640786499873839e+00,-3.354101966249684263e+00,-2.683281572999747677e+00,-8.944271909999158554e-01,-6.708203932499369193e-01,-1.341640786499873839e+00,-2.236067977499789639e-01,1.118033988749894903e+00,-1.788854381999831711e+00,-2.906888370749726391e+00,-2.236067977499789805e+00,-2.012461179749810647e+00,6.708203932499369193e-01,2.236067977499789639e-01,0.000000000000000000e+00,4.472135954999579277e-01,-1.118033988749894903e+00,-6.708203932499369193e-01,4.472135954999579277e-01,1.788854381999831711e+00,8.944271909999158554e-01,4.472135954999579277e-01,-2.236067977499789639e-01,0.000000000000000000e+00,1.118033988749894903e+00,-2.236067977499789639e-01,2.012461179749810647e+00,-4.472135954999579277e-01,-2.012461179749810647e+00,-2.012461179749810647e+00,-1.118033988749894903e+00,-1.118033988749894903e+00,-1.788854381999831711e+00,-1.565247584249852775e+00,-2.236067977499789805e+00,-2.236067977499789805e+00,-2.236067977499789805e+00,-3.577708763999663422e+00,-2.683281572999747677e+00,-3.130495168499705549e+00,-2.012461179749810647e+00,-1.341640786499873839e+00,-6.708203932499369193e-01,-6.708203932499369193e-01,1.118033988749894903e+00,1.118033988749894903e+00,1.341640786499873839e+00,4.472135954999579277e-01,2.459674775249768519e+00,2.236067977499789805e+00,2.459674775249768519e+00,1.788854381999831711e+00,2.683281572999747677e+00,2.459674775249768519e+00,2.683281572999747677e+00,6.708203932499369193e-01,2.459674775249768519e+00,3.130495168499705549e+00,4.472135954999579610e+00,3.801315561749642136e+00,2.906888370749726391e+00,2.459674775249768519e+00,2.906888370749726391e+00,2.683281572999747677e+00,2.459674775249768519e+00,3.130495168499705549e+00,8.944271909999158554e-01,2.012461179749810647e+00,2.236067977499789805e+00,2.236067977499789639e-01,4.472135954999579277e-01,2.236067977499789639e-01,2.236067977499789805e+00,4.472135954999579277e-01,1.341640786499873839e+00,0.000000000000000000e+00,-4.472135954999579277e-01,4.472135954999579277e-01,-2.459674775249768519e+00,-6.708203932499369193e-01,-2.236067977499789805e+00,-6.708203932499369193e-01,-2.236067977499789639e-01,2.236067977499789639e-01,-6.708203932499369193e-01,6.708203932499369193e-01,2.906888370749726391e+00,3.577708763999663422e+00,2.906888370749726391e+00,3.577708763999663422e+00,1.341640786499873839e+00,-1.118033988749894903e+00,-1.788854381999831711e+00,-1.788854381999831711e+00,-1.565247584249852775e+00,-8.944271909999158554e-01,2.236067977499789639e-01,1.788854381999831711e+00,8.944271909999158554e-01,0.000000000000000000e+00,-6.708203932499369193e-01,-2.683281572999747677e+00,-4.695742752749557880e+00,-6.037383539249431941e+00,-5.590169943749473624e+00,-4.695742752749557880e+00,-6.260990336999411099e+00,-6.484597134749389369e+00,-6.708203932499368527e+00,-4.695742752749557880e+00,-4.024922359499621294e+00,-4.695742752749557880e+00,-1.788854381999831711e+00,-2.236067977499789805e+00,-2.236067977499789639e-01,-1.341640786499873839e+00,2.236067977499789639e-01,1.341640786499873839e+00,-2.236067977499789639e-01,-4.472135954999579277e-01,6.708203932499369193e-01,8.944271909999158554e-01,1.118033988749894903e+00,0.000000000000000000e+00,-2.236067977499789639e-01,1.788854381999831711e+00,2.236067977499789805e+00,1.118033988749894903e+00,8.944271909999158554e-01,-1.341640786499873839e+00,-2.459674775249768519e+00,-2.236067977499789805e+00,-8.944271909999158554e-01,-8.944271909999158554e-01,-4.472135954999579277e-01,-1.118033988749894903e+00,0.000000000000000000e+00,1.788854381999831711e+00,2.236067977499789805e+00,1.565247584249852775e+00,1.341640786499873839e+00,0.000000000000000000e+00,-6.708203932499369193e-01,0.000000000000000000e+00,-2.236067977499789639e-01,-2.012461179749810647e+00,-3.354101966249684263e+00,-3.130495168499705549e+00,-2.906888370749726391e+00,-5.366563145999495354e+00,-3.577708763999663422e+00,-2.683281572999747677e+00,-2.012461179749810647e+00,-1.341640786499873839e+00,-8.944271909999158554e-01,4.472135954999579277e-01,0.000000000000000000e+00,8.944271909999158554e-01,2.236067977499789805e+00,1.788854381999831711e+00,2.012461179749810647e+00,1.118033988749894903e+00,2.236067977499789639e-01,-4.472135954999579277e-01,-1.565247584249852775e+00,-1.565247584249852775e+00,-1.565247584249852775e+00,-8.944271909999158554e-01,-6.708203932499369193e-01,-8.944271909999158554e-01,-2.012461179749810647e+00,-8.944271909999158554e-01,8.944271909999158554e-01,-4.472135954999579277e-01,-1.341640786499873839e+00,-4.472135954999579277e-01,4.472135954999579277e-01,0.000000000000000000e+00,-2.236067977499789639e-01,-1.341640786499873839e+00,4.472135954999579277e-01,1.118033988749894903e+00,0.000000000000000000e+00,1.788854381999831711e+00,-2.236067977499789639e-01,4.472135954999579277e-01,-1.341640786499873839e+00,-8.944271909999158554e-01,-1.341640786499873839e+00,-3.354101966249684263e+00,-3.801315561749642136e+00,-4.472135954999579610e+00,-3.577708763999663422e+00,-2.236067977499789805e+00,-2.236067977499789805e+00,-6.708203932499369193e-01,-1.341640786499873839e+00,-1.118033988749894903e+00,-3.577708763999663422e+00,-6.708203932499368527e+00,-3.354101966249684263e+00,-1.341640786499873839e+00,-1.341640786499873839e+00,6.708203932499369193e-01,6.708203932499369193e-01,4.472135954999579277e-01,0.000000000000000000e+00,0.000000000000000000e+00,8.944271909999158554e-01,0.000000000000000000e+00,6.708203932499369193e-01,1.341640786499873839e+00,3.577708763999663422e+00,2.459674775249768519e+00,2.236067977499789805e+00,1.565247584249852775e+00,2.459674775249768519e+00,3.577708763999663422e+00,2.906888370749726391e+00,2.459674775249768519e+00
8.944271909999158554e-01,1.565247584249852775e+00,-8.944271909999158554e-01,-1.118033988749894903e+00,-1.118033988749894903e+00,-1.788854381999831711e+00,-2.012461179749810647e+00,-2.012461179749810647e+00,-1.565247584249852775e+00,4.472135954999579277e-01,2.236067977499789639e-01,-2.236067977499789639e-01,8.944271909999158554e-01,1.788854381999831711e+00,-6.708203932499369193e-01,-2.236067977499789639e-01,-2.236067977499789639e-01,8.944271909999158554e-01,6.708203932499369193e-01,2.683281572999747677e+00,3.801315561749642136e+00,3.577708763999663422e+00,3.130495168499705549e+00,3.130495168499705549e+00,1.788854381999831711e+00,1.341640786499873839e+00,1.565247584249852775e+00,2.906888370749726391e+00,2.683281572999747677e+00,8.944271909999158554e-01,1.118033988749894903e+00,1.341640786499873839e+00,0.000000000000000000e+00,6.708203932499369193e-01,-3.130495168499705549e+00,-3.130495168499705549e+00,-3.354101966249684263e+00,-2.906888370749726391e+00,-2.683281572999747677e+00,-3.354101966249684263e+00,-2.459674775249768519e+00,-3.577708763999663422e+00,-5.142956348249516196e+00,-4.248529157249600452e+00,-4.695742752749557880e+00,-6.037383539249431941e+00,-5.366563145999495354e+00,-6.484597134749389369e+00,-5.590169943749473624e+00,-4.472135954999579610e+00,-5.366563145999495354e+00,-5.590169943749473624e+00,-5.366563145999495354e+00,-4.024922359499621294e+00,-4.024922359499621294e+00,-3.354101966249684263e+00,-4.248529157249600452e+00,-3.801315561749642136e+00,-4.695742752749557880e+00,-4.472135954999579610e+00,-6.484597134749389369e+00,-6.037383539249431941e+00,-6.037383539249431941e+00,-7.602631123499284271e+00,-8.497058314499200904e+00,-8.273451516749220858e+00,-7.155417527999326843e+00,-7.155417527999326843e+00,-8.944271909999159220e+00,-8.720665112249179174e+00,-6.931810730249347685e+00,-8.273451516749220858e+00,-6.037383539249431941e+00,-6.037383539249431941e+00,-6.931810730249347685e+00,-7.379024325749306001e+00,-7.155417527999326843e+00,-4.695742752749557880e+00,-4.695742752749557880e+00,-4.472135954999579610e+00,-5.142956348249516196e+00,-4.248529157249600452e+00,-2.683281572999747677e+00,-4.248529157249600452e+00,-5.590169943749473624e+00,-4.472135954999579610e+00,-5.366563145999495354e+00,-4.695742752749557880e+00,-5.366563145999495354e+00,-5.813776741499452783e+00,-4.695742752749557880e+00,-6.260990336999411099e+00,-4.695742752749557880e+00,-6.260990336999411099e+00,-4.919349550499537038e+00,-4.695742752749557880e+00,-4.248529157249600452e+00,-4.919349550499537038e+00,-5.142956348249516196e+00,-6.484597134749389369e+00,-4.024922359499621294e+00,-4.695742752749557880e+00,-4.248529157249600452e+00,-4.919349550499537038e+00,-7.379024325749306001e+00,-6.708203932499368527e+00,-6.260990336999411099e+00,-6.037383539249431941e+00,-6.708203932499368527e+00,-8.273451516749220858e+00,-7.155417527999326843e+00,-8.944271909999159220e+00,-8.497058314499200904e+00,-8.944271909999159220e+00,-8.273451516749220858e+00,-8.049844718999242588e+00,-5.813776741499452783e+00,-3.130495168499705549e+00,-3.130495168499705549e+00,-1.118033988749894903e+00,-2.236067977499789805e+00,-2.906888370749726391e+00,-2.906888370749726391e+00,-2.906888370749726391e+00,-4.248529157249600452e+00,-3.577708763999663422e+00,-3.577708763999663422e+00,-1.788854381999831711e+00,-2.236067977499789805e+00,-4.472135954999579277e-01,2.012461179749810647e+00,1.565247584249852775e+00,8.944271909999158554e-01,-1.341640786499873839e+00,-1.341640786499873839e+00,2.236067977499789639e-01,4.472135954999579277e-01,-1.788854381999831711e+00,-6.708203932499369193e-01,-1.118033988749894903e+00,-4.472135954999579277e-01,4.472135954999579277e-01,2.236067977499789639e-01,6.708203932499369193e-01,1.565247584249852775e+00,2.236067977499789639e-01,8.944271909999158554e-01,4.472135954999579277e-01,4.472135954999579277e-01,0.000000000000000000e+00,6.708203932499369193e-01,-4.472135954999579277e-01,-2.236067977499789805e+00,-2.906888370749726391e+00,-3.801315561749642136e+00,-3.577708763999663422e+00,-4.024922359499621294e+00,-2.906888370749726391e+00,-4.024922359499621294e+00,-4.919349550499537038e+00,-5.142956348249516196e+00,-3.354101966249684263e+00,-3.801315561749642136e+00,-2.459674775249768519e+00,-4.024922359499621294e+00,-5.590169943749473624e+00,-4.024922359499621294e+00,-6.260990336999411099e+00,-6.931810730249347685e+00,-6.931810730249347685e+00,-6.260990336999411099e+00,-6.260990336999411099e+00,-7.602631123499284271e+00,-7.826237921249263430e+00,-4.919349550499537038e+00,-4.248529157249600452e+00,-3.577708763999663422e+00,-3.130495168499705549e+00,-4.024922359499621294e+00,-4.472135954999579610e+00,-4.024922359499621294e+00,-5.142956348249516196e+00,-4.695742752749557880e+00,-4.024922359499621294e+00,-3.801315561749642136e+00,-3.130495168499705549e+00,-2.683281572999747677e+00,-4.248529157249600452e+00,-4.248529157249600452e+00,-6.037383539249431941e+00,-5.813776741499452783e+00,-5.366563145999495354e+00,-7.155417527999326843e+00,-7.602631123499284271e+00,-5.366563145999495354e+00,-6.037383539249431941e+00,-6.708203932499368527e+00,-7.602631123499284271e+00,-6.931810730249347685e+00,-8.273451516749220858e+00,-6.484597134749389369e+00,-6.708203932499368527e+00,-5.813776741499452783e+00,-5.366563145999495354e+00,-3.354101966249684263e+00,-2.683281572999747677e+00,-2.236067977499789805e+00,-3.130495168499705549e+00,-3.354101966249684263e+00,-2.012461179749810647e+00,-1.788854381999831711e+00,-8.944271909999158554e-01,-1.565247584249852775e+00,-2.236067977499789805e+00,-2.236067977499789805e+00,-2.236067977499789805e+00,-1.565247584249852775e+00,-1.565247584249852775e+00,1.118033988749894903e+00,0.000000000000000000e+00,6.708203932499369193e-01,2.236067977499789639e-01,8.944271909999158554e-01,-8.944271909999158554e-01,-1.788854381999831711e+00,-6.708203932499369193e-01,-8.944271909999158554e-01,0.000000000000000000e+00,0.000000000000000000e+00,8.944271909999158554e-01,4.472135954999579277e-01,-2.236067977499789639e-01,6.708203932499369193e-01,3.577708763999663422e+00,2.236067977499789805e+00,1.788854381999831711e+00,8.944271909999158554e-01,2.236067977499789805e+00,2.906888370749726391e+00,2.459674775249768519e+00,-2.236067977499789639e-01,0.000000000000000000e+00,2.236067977499789805e+00,2.459674775249768519e+00,2.012461179749810647e+00,2.906888370749726391e+00,3.130495168499705549e+00,4.248529157249600452e+00,4.024922359499621294e+00,4.919349550499537038e+00,4.919349550499537038e+00,5.366563145999495354e+00,4.919349550499537038e+00,4.024922359499621294e+00,2.683281572999747677e+00,4.248529157249600452e+00,1.788854381999831711e+00,1.788854381999831711e+00,1.565247584249852775e+00,2.683281572999747677e+00,2.459674775249768519e+00,2.236067977499789805e+00,3.577708763999663422e+00,4.919349550499537038e+00,4.695742752749557880e+00,3.130495168499705549e+00,2.683281572999747677e+00,4.024922359499621294e+00,4.695742752749557880e+00,5.366563145999495354e+00,4.919349550499537038e+00,2.906888370749726391e+00,1.118033988749894903e+00,6.708203932499369193e-01,1.565247584249852775e+00,2.906888370749726391e+00,3.130495168499705549e+00,1.565247584249852775e+00,6.708203932499369193e-01,-6.708203932499369193e-01,-3.354101966249684263e+00,-4.024922359499621294e+00,-1.341640786499873839e+00,4.472135954999579277e-01,1.565247584249852775e+00,0.000000000000000000e+00,6.708203932499369193e-01,0.000000000000000000e+00,6.708203932499369193e-01,-1.118033988749894903e+00,-8.944271909999158554e-01,4.472135954999579277e-01,-1.118033988749894903e+00,-2.236067977499789639e-01,4.472135954999579277e-01,6.708203932499369193e-01,0.000000000000000000e+00,-8.944271909999158554e-01,4.472135954999579277e-01,1.118033988749894903e+00,2.236067977499789639e-01,-4.472135954999579277e-01,1.341640786499873839e+00,1.341640786499873839e+00,1.788854381999831711e+00,0.000000000000000000e+00,6.708203932499369193e-01,2.236067977499789639e-01,-2.236067977499789639e-01,4.472135954999579277e-01,0.000000000000000000e+00,6.708203932499369193e-01,0.000000000000000000e+00,-6.708203932499369193e-01,-2.012461179749810647e+00,-1.341640786499873839e+00,-1.118033988749894903e+00,-2.236067977499789805e+00,-4.472135954999579277e-01,-1.341640786499873839e+00,0.000000000000000000e+00,-8.944271909999158554e-01,-2.906888370749726391e+00,-2.012461179749810647e+00,-2.906888370749726391e+00,-3.801315561749642136e+00,-3.801315561749642136e+00,-5.366563145999495354e+00,-5.813776741499452783e+00,-4.248529157249600452e+00,-4.919349550499537038e+00,-3.801315561749642136e+00,-4.248529157249600452e+00,-2.012461179749810647e+00,-1.118033988749894903e+00,-1.118033988749894903e+00,-1.788854381999831711e+00,-1.118033988749894903e+00,4.472135954999579277e-01,2.012461179749810647e+00,1.341640786499873839e+00,2.683281572999747677e+00,2.683281572999747677e+00,6.708203932499369193e-01,1.118033988749894903e+00,-1.341640786499873839e+00,-2.236067977499789805e+00,-1.565247584249852775e+00,-1.341640786499873839e+00,-2.906888370749726391e+00,-4.248529157249600452e+00,-3.354101966249684263e+00,-3.354101966249684263e+00,-3.354101966249684263e+00,-3.130495168499705549e+00,-1.118033988749894903e+00,-2.683281572999747677e+00,-8.944271909999158554e-01,-1.565247584249852775e+00,-2.012461179749810647e+00,-3.577708763999663422e+00,-3.801315561749642136e+00,-4.024922359499621294e+00,-6.260990336999411099e+00,-5.142956348249516196e+00,-7.155417527999326843e+00,-4.695742752749557880e+00,-3.130495168499705549e+00,-2.683281572999747677e+00,-1.341640786499873839e+00,-1.565247584249852775e+00,-8.944271909999158554e-01,6.708203932499369193e-01,-1.341640786499873839e+00,-1.118033988749894903e+00,1.341640786499873839e+00,1.788854381999831711e+00,2.012461179749810647e+00,1.565247584249852775e+00,4.472135954999579277e-01,-1.341640786499873839e+00,-4.472135954999579277e-01,-6.708203932499369193e-01,-4.472135954999579277e-01,-1.341640786499873839e+00,1.118033988749894903e+00,0.000000000000000000e+00,1.565247584249852775e+00,8.944271909999158554e-01,4.472135954999579277e-01,-2.236067977499789639e-01,8.944271909999158554e-01,0.000000000000000000e+00,1.118033988749894903e+00,4.472135954999579277e-01,1.788854381999831711e+00,1.565247584249852775e+00,1.118033988749894903e+00,1.118033988749894903e+00,1.788854381999831711e+00,4.472135954999579277e-01,-2.236067977499789639e-01,-2.236067977499789805e+00,-3.130495168499705549e+00,-3.354101966249684263e+00,-2.236067977499789805e+00,-2.459674775249768519e+00,-8.944271909999158554e-01,2.236067977499789639e-01,-1.565247584249852775e+00,-1.341640786499873839e+00,-2.459674775249768519e+00,-1.565247584249852775e+00,-8.944271909999158554e-01,-6.708203932499369193e-01,2.459674775249768519e+00,8.944271909999158554e-01,1.341640786499873839e+00,4.248529157249600452e+00,3.801315561749642136e+00,3.354101966249684263e+00,2.459674775249768519e+00,0.000000000000000000e+00,-4.472135954999579277e-01,-3.801315561749642136e+00,-3.130495168499705549e+00,-2.906888370749726391e+00,-3.354101966249684263e+00,-3.801315561749642136e+00,-1.788854381999831711e+00,-1.565247584249852775e+00,-2.012461179749810647e+00,-1.341640786499873839e+00,-1.118033988749894903e+00,-6.708203932499369193e-01,-1.565247584249852775e+00,-1.118033988749894903e+00,-2.012461179749810647e+00,2.236067977499789805e+00,2.683281572999747677e+00,2.459674775249768519e+00,6.708203932499369193e-01,-2.236067977499789639e-01,1.341640786499873839e+00,2.236067977499789805e+00,2.683281572999747677e+00,2.906888370749726391e+00,4.024922359499621294e+00,4.248529157249600452e+00,4.024922359499621294e+00,2.906888370749726391e+00,2.683281572999747677e+00,1.565247584249852775e+00,1.565247584249852775e+00,3.577708763999663422e+00,3.577708763999663422e+00,2.012461179749810647e+00,3.130495168499705549e+00,2.012461179749810647e+00,1.118033988749894903e+00,2.236067977499789639e-01,2.459674775249768519e+00,1.118033988749894903e+00,1.118033988749894903e+00,0.000000000000000000e+00,-2.236067977499789639e-01,-1.341640786499873839e+00,-1.565247584249852775e+00,2.236067977499789639e-01,2.236067977499789639e-01,2.236067977499789639e-01,0.000000000000000000e+00,2.236067977499789639e-01,6.708203932499369193e-01,-8.944271909999158554e-01,-1.565247584249852775e+00,6.708203932499369193e-01,2.683281572999747677e+00,4.695742752749557880e+00,4.919349550499537038e+00,4.248529157249600452e+00,4.248529157249600452e+00,2.459674775249768519e+00,4.919349550499537038e+00,4.919349550499537038e+00,4.919349550499537038e+00,5.142956348249516196e+00,5.142956348249516196e+00,4.919349550499537038e+00,3.577708763999663422e+00,2.906888370749726391e+00,2.906888370749726391e+00,1.788854381999831711e+00,1.788854381999831711e+00,1.565247584249852775e+00,2.236067977499789805e+00,2.683281572999747677e+00,2.906888370749726391e+00,2.906888370749726391e+00,4.248529157249600452e+00
-3.130495168499705549e+00,-3.130495168499705549e+00,-5.590169943749473624e+00,-4.695742752749557880e+00,-3.354101966249684263e+00,-2.906888370749726391e+00,-1.788854381999831711e+00,-1.565247584249852775e+00,-1.118033988749894903e+00,4.472135954999579277e-01,-2.236067977499789639e-01,2.236067977499789639e-01,1.565247584249852775e+00,3.577708763999663422e+00,3.801315561749642136e+00,2.459674775249768519e+00,4.919349550499537038e+00,6.708203932499368527e+00,7.379024325749306001e+00,6.260990336999411099e+00,4.695742752749557880e+00,2.012461179749810647e+00,4.024922359499621294e+00,4.695742752749557880e+00,4.248529157249600452e+00,5.142956348249516196e+00,5.142956348249516196e+00,3.577708763999663422e+00,4.695742752749557880e+00,5.590169943749473624e+00,4.695742752749557880e+00,4.472135954999579610e+00,4.919349550499537038e+00,4.695742752749557880e+00,3.130495168499705549e+00,2.236067977499789805e+00,8.944271909999158554e-01,-1.341640786499873839e+00,-1.565247584249852775e+00,-1.118033988749894903e+00,4.472135954999579277e-01,8.944271909999158554e-01,1.118033988749894903e+00,2.683281572999747677e+00,4.024922359499621294e+00,4.695742752749557880e+00,3.354101966249684263e+00,3.577708763999663422e+00,3.354101966249684263e+00,2.683281572999747677e+00,2.683281572999747677e+00,2.236067977499789805e+00,2.236067977499789805e+00,5.142956348249516196e+00,4.248529157249600452e+00,4.472135954999579610e+00,3.577708763999663422e+00,5.366563145999495354e+00,4.248529157249600452e+00,7.155417527999326843e+00,7.602631123499284271e+00,9.391485505499115760e+00,1.028591269649903239e+01,8.273451516749220858e+00,8.049844718999242588e+00,8.720665112249179174e+00,9.838699100999074076e+00,6.931810730249347685e+00,6.037383539249431941e+00,6.484597134749389369e+00,5.813776741499452783e+00,3.577708763999663422e+00,2.459674775249768519e+00,2.906888370749726391e+00,4.472135954999579610e+00,4.024922359499621294e+00,4.472135954999579610e+00,5.142956348249516196e+00,5.142956348249516196e+00,2.683281572999747677e+00,2.012461179749810647e+00,2.683281572999747677e+00,2.906888370749726391e+00,2.459674775249768519e+00,-2.236067977499789639e-01,-1.341640786499873839e+00,-1.341640786499873839e+00,2.236067977499789639e-01,-6.708203932499369193e-01,8.944271909999158554e-01,1.565247584249852775e+00,4.472135954999579277e-01,3.577708763999663422e+00,4.472135954999579610e+00,3.354101966249684263e+00,2.459674775249768519e+00,2.012461179749810647e+00,1.341640786499873839e+00,2.236067977499789639e-01,2.236067977499789639e-01,-1.788854381999831711e+00,-1.565247584249852775e+00,-1.118033988749894903e+00,-1.118033988749894903e+00,-4.472135954999579277e-01,0.000000000000000000e+00,-1.788854381999831711e+00,-2.236067977499789639e-01,2.236067977499789639e-01,1.341640786499873839e+00,2.459674775249768519e+00,4.248529157249600452e+00,2.236067977499789805e+00,2.459674775249768519e+00,2.236067977499789805e+00,2.459674775249768519e+00,1.118033988749894903e+00,1.341640786499873839e+00,4.472135954999579277e-01,8.944271909999158554e-01,3.130495168499705549e+00,0.000000000000000000e+00,-2.236067977499789639e-01,-1.565247584249852775e+00,8.944271909999158554e-01,1.341640786499873839e+00,2.683281572999747677e+00,1.788854381999831711e+00,3.130495168499705549e+00,2.236067977499789805e+00,2.459674775249768519e+00,2.683281572999747677e+00,3.130495168499705549e+00,2.012461179749810647e+00,0.000000000000000000e+00,3.130495168499705549e+00,2.683281572999747677e+00,3.577708763999663422e+00,2.459674775249768519e+00,2.236067977499789805e+00,3.354101966249684263e+00,4.248529157249600452e+00,1.788854381999831711e+00,4.472135954999579277e-01,-1.118033988749894903e+00,-3.354101966249684263e+00,-2.683281572999747677e+00,-2.459674775249768519e+00,-2.459674775249768519e+00,-2.459674775249768519e+00,-6.708203932499369193e-01,0.000000000000000000e+00,-2.236067977499789639e-01,1.118033988749894903e+00,2.236067977499789639e-01,1.788854381999831711e+00,2.236067977499789639e-01,-2.236067977499789639e-01,6.708203932499369193e-01,0.000000000000000000e+00,-4.472135954999579277e-01,-1.565247584249852775e+00,-2.683281572999747677e+00,-1.788854381999831711e+00,-1.565247584249852775e+00,-2.236067977499789805e+00,-3.130495168499705549e+00,-3.130495168499705549e+00,-2.236067977499789805e+00,-2.012461179749810647e+00,-3.130495168499705549e+00,-1.565247584249852775e+00,-1.118033988749894903e+00,-8.944271909999158554e-01,-2.236067977499789805e+00,-2.459674775249768519e+00,-2.236067977499789805e+00,-1.341640786499873839e+00,-2.906888370749726391e+00,-4.248529157249600452e+00,-1.118033988749894903e+00,0.000000000000000000e+00,6.708203932499369193e-01,-2.236067977499789639e-01,-1.565247584249852775e+00,-2.906888370749726391e+00,-4.024922359499621294e+00,-2.236067977499789805e+00,-8.944271909999158554e-01,1.118033988749894903e+00,4.472135954999579277e-01,6.708203932499369193e-01,1.341640786499873839e+00,0.000000000000000000e+00,0.000000000000000000e+00,-1.788854381999831711e+00,-4.472135954999579277e-01,6.708203932499369193e-01,3.130495168499705549e+00,4.695742752749557880e+00,2.906888370749726391e+00,2.459674775249768519e+00,3.130495168499705549e+00,4.248529157249600452e+00,1.788854381999831711e+00,2.236067977499789805e+00,3.354101966249684263e+00,1.788854381999831711e+00,2.683281572999747677e+00,8.944271909999158554e-01,8.944271909999158554e-01,2.459674775249768519e+00,-2.236067977499789639e-01,-4.472135954999579277e-01,4.472135954999579277e-01,0.000000000000000000e+00,4.472135954999579277e-01,1.788854381999831711e+00,2.012461179749810647e+00,1.341640786499873839e+00,1.565247584249852775e+00,2.236067977499789805e+00,1.341640786499873839e+00,1.565247584249852775e+00,1.565247584249852775e+00,2.459674775249768519e+00,2.012461179749810647e+00,1.565247584249852775e+00,2.459674775249768519e+00,-6.708203932499369193e-01,-2.012461179749810647e+00,-2.012461179749810647e+00,-2.236067977499789805e+00,-2.012461179749810647e+00,-3.130495168499705549e+00,-6.260990336999411099e+00,-5.366563145999495354e+00,-4.024922359499621294e+00,-2.012461179749810647e+00,-3.130495168499705549e+00,-3.354101966249684263e+00,-5.142956348249516196e+00,-5.366563145999495354e+00,-2.906888370749726391e+00,-1.118033988749894903e+00,6.708203932499369193e-01,2.459674775249768519e+00,1.341640786499873839e+00,1.788854381999831711e+00,2.459674775249768519e+00,2.683281572999747677e+00,1.565247584249852775e+00,1.788854381999831711e+00,1.788854381999831711e+00,2.459674775249768519e+00,1.118033988749894903e+00,1.341640786499873839e+00,3.130495168499705549e+00,1.341640786499873839e+00,2.683281572999747677e+00,2.012461179749810647e+00,1.788854381999831711e+00,2.459674775249768519e+00,6.708203932499369193e-01,0.000000000000000000e+00,8.944271909999158554e-01,1.565247584249852775e+00,2.012461179749810647e+00,2.236067977499789639e-01,-1.118033988749894903e+00,-1.118033988749894903e+00,-1.788854381999831711e+00,-1.788854381999831711e+00,-3.130495168499705549e+00,-2.012461179749810647e+00,-1.118033988749894903e+00,-1.118033988749894903e+00,2.236067977499789639e-01,1.788854381999831711e+00,2.459674775249768519e+00,1.788854381999831711e+00,1.788854381999831711e+00,2.012461179749810647e+00,8.944271909999158554e-01,6.708203932499369193e-01,2.459674775249768519e+00,2.236067977499789639e-01,-1.118033988749894903e+00,-6.708203932499369193e-01,-6.708203932499369193e-01,-2.683281572999747677e+00,-3.577708763999663422e+00,-3.577708763999663422e+00,-2.236067977499789805e+00,-2.459674775249768519e+00,-4.248529157249600452e+00,-4.024922359499621294e+00,-6.484597134749389369e+00,-5.590169943749473624e+00,-5.590169943749473624e+00,-6.260990336999411099e+00,-4.472135954999579610e+00,-6.931810730249347685e+00,-7.602631123499284271e+00,-7.602631123499284271e+00,-6.260990336999411099e+00,-6.484597134749389369e+00,-5.590169943749473624e+00,-7.155417527999326843e+00,-8.049844718999242588e+00,-6.037383539249431941e+00,-4.919349550499537038e+00,-6.708203932499368527e+00,-6.931810730249347685e+00,-7.379024325749306001e+00,-9.167878707749137490e+00,-1.006230589874905235e+01,-9.391485505499115760e+00,-6.708203932499368527e+00,-4.919349550499537038e+00,-2.236067977499789805e+00,-2.683281572999747677e+00,-3.354101966249684263e+00,-2.683281572999747677e+00,-3.354101966249684263e+00,-3.354101966249684263e+00,-3.577708763999663422e+00,-4.695742752749557880e+00,-5.142956348249516196e+00,-6.260990336999411099e+00,-5.366563145999495354e+00,-5.366563145999495354e+00,-6.037383539249431941e+00,-3.801315561749642136e+00,-3.801315561749642136e+00,-3.577708763999663422e+00,-4.024922359499621294e+00,-3.577708763999663422e+00,-1.118033988749894903e+00,4.472135954999579277e-01,-1.118033988749894903e+00,6.708203932499369193e-01,6.708203932499369193e-01,2.459674775249768519e+00,2.906888370749726391e+00,2.683281572999747677e+00,3.130495168499705549e+00,5.366563145999495354e+00,3.577708763999663422e+00,1.565247584249852775e+00,2.236067977499789639e-01,6.708203932499369193e-01,8.944271909999158554e-01,1.341640786499873839e+00,4.472135954999579277e-01,2.236067977499789639e-01,1.118033988749894903e+00,-8.944271909999158554e-01,-1.565247584249852775e+00,-1.341640786499873839e+00,-2.683281572999747677e+00,-3.354101966249684263e+00,-3.801315561749642136e+00,-2.459674775249768519e+00,-2.906888370749726391e+00,-1.788854381999831711e+00,-1.788854381999831711e+00,-6.708203932499369193e-01,-1.118033988749894903e+00,0.000000000000000000e+00,1.788854381999831711e+00,1.788854381999831711e+00,1.341640786499873839e+00,2.012461179749810647e+00,1.118033988749894903e+00,1.788854381999831711e+00,0.000000000000000000e+00,2.236067977499789805e+00,2.459674775249768519e+00,6.708203932499369193e-01,-8.944271909999158554e-01,8.944271909999158554e-01,0.000000000000000000e+00,0.000000000000000000e+00,8.944271909999158554e-01,2.236067977499789805e+00,2.012461179749810647e+00,1.788854381999831711e+00,2.459674775249768519e+00,1.565247584249852775e+00,8.944271909999158554e-01,1.118033988749894903e+00,2.459674775249768519e+00,2.236067977499789805e+00,3.354101966249684263e+00,4.024922359499621294e+00,2.906888370749726391e+00,1.788854381999831711e+00,0.000000000000000000e+00,0.000000000000000000e+00,1.118033988749894903e+00,-4.472135954999579277e-01,-6.708203932499369193e-01,-2.236067977499789639e-01,2.236067977499789639e-01,-4.472135954999579277e-01,-8.944271909999158554e-01,-1.565247584249852775e+00,-2.236067977499789805e+00,-2.236067977499789805e+00,-2.683281572999747677e+00,-2.012461179749810647e+00,-1.565247584249852775e+00,-8.944271909999158554e-01,-1.341640786499873839e+00,-2.236067977499789639e-01,-3.130495168499705549e+00,-1.341640786499873839e+00,6.708203932499369193e-01,8.944271909999158554e-01,-6.708203932499369193e-01,-2.236067977499789639e-01,-1.118033988749894903e+00,-1.341640786499873839e+00,-4.248529157249600452e+00,-3.801315561749642136e+00,-3.130495168499705549e+00,-3.577708763999663422e+00,-4.248529157249600452e+00,-4.695742752749557880e+00,-3.577708763999663422e+00,-3.354101966249684263e+00,-2.012461179749810647e+00,-8.944271909999158554e-01,-8.944271909999158554e-01,-6.708203932499369193e-01,0.000000000000000000e+00,-1.118033988749894903e+00,-2.012461179749810647e+00,-2.012461179749810647e+00,-4.472135954999579277e-01,4.472135954999579277e-01,2.236067977499789639e-01,2.236067977499789639e-01,-1.788854381999831711e+00,-1.565247584249852775e+00,-3.577708763999663422e+00,-3.577708763999663422e+00,-3.577708763999663422e+00,-3.801315561749642136e+00,-2.236067977499789805e+00,-1.118033988749894903e+00,-2.012461179749810647e+00,-3.354101966249684263e+00,-4.919349550499537038e+00,-8.049844718999242588e+00,-6.484597134749389369e+00,-5.142956348249516196e+00,-4.024922359499621294e+00,-3.801315561749642136e+00,-5.142956348249516196e+00,-5.366563145999495354e+00,-4.248529157249600452e+00,-5.813776741499452783e+00,-4.919349550499537038e+00,-4.919349550499537038e+00,-5.590169943749473624e+00,-4.919349550499537038e+00,-6.037383539249431941e+00,-5.366563145999495354e+00,-6.708203932499368527e+00,-5.590169943749473624e+00,-5.142956348249516196e+00,-5.590169943749473624e+00,-7.602631123499284271e+00,-7.602631123499284271e+00,-4.919349550499537038e+00,-5.142956348249516196e+00,-6.484597134749389369e+00,-4.248529157249600452e+00,-6.708203932499368527e+00,-5.590169943749473624e+00,-8.497058314499200904e+00,-8.720665112249179174e+00,-1.006230589874905235e+01,-1.140394668524892730e+01,-1.073312629199899071e+01,-1.050951949424901066e+01,-9.167878707749137490e+00,-7.826237921249263430e+00,-8.944271909999159220e+00,-1.006230589874905235e+01,-1.118033988749894725e+01,-1.006230589874905235e+01,-8.049844718999242588e+00,-8.049844718999242588e+00,-8.049844718999242588e+00,-4.695742752749557880e+00,-2.236067977499789805e+00,-2.236067977499789805e+00
-1.118033988749894903e+00,-6.708203932499369193e-01,-2.459674775249768519e+00,-3.354101966249684263e+00,-4.024922359499621294e+00,-4.248529157249600452e+00,-4.919349550499537038e+00,-6.484597134749389369e+00,-4.248529157249600452e+00,-4.695742752749557880e+00,-4.024922359499621294e+00,-3.130495168499705549e+00,-3.130495168499705549e+00,-2.906888370749726391e+00,-3.130495168499705549e+00,-1.565247584249852775e+00,-1.118033988749894903e+00,-1.118033988749894903e+00,-1.565247584249852775e+00,-2.236067977499789639e-01,-2.236067977499789639e-01,0.000000000000000000e+00,-8.944271909999158554e-01,-8.944271909999158554e-01,8.944271909999158554e-01,6.708203932499369193e-01,-1.341640786499873839e+00,-2.012461179749810647e+00,-2.459674775249768519e+00,-1.118033988749894903e+00,-2.459674775249768519e+00,-3.130495168499705549e+00,-2.683281572999747677e+00,-4.472135954999579277e-01,1.118033988749894903e+00,0.000000000000000000e+00,2.012461179749810647e+00,3.130495168499705549e+00,2.459674775249768519e+00,0.000000000000000000e+00,0.000000000000000000e+00,2.236067977499789639e-01,1.788854381999831711e+00,-4.472135954999579277e-01,0.000000000000000000e+00,-6.708203932499369193e-01,-2.236067977499789805e+00,-2.236067977499789805e+00,-2.459674775249768519e+00,-1.788854381999831711e+00,-4.472135954999579277e-01,-1.788854381999831711e+00,-4.024922359499621294e+00,-4.248529157249600452e+00,-3.801315561749642136e+00,-4.024922359499621294e+00,-3.354101966249684263e+00,-2.683281572999747677e+00,-1.341640786499873839e+00,-1.788854381999831711e+00,2.236067977499789639e-01,1.565247584249852775e+00,1.341640786499873839e+00,1.788854381999831711e+00,4.472135954999579277e-01,-1.341640786499873839e+00,2.236067977499789805e+00,1.118033988749894903e+00,1.788854381999831711e+00,3.801315561749642136e+00,2.906888370749726391e+00,2.012461179749810647e+00,2.236067977499789805e+00,1.788854381999831711e+00,1.118033988749894903e+00,6.708203932499369193e-01,8.944271909999158554e-01,2.012461179749810647e+00,1.788854381999831711e+00,2.683281572999747677e+00,3.130495168499705549e+00,1.565247584249852775e+00,2.906888370749726391e+00,3.577708763999663422e+00,3.130495168499705549e+00,3.577708763999663422e+00,6.260990336999411099e+00,5.590169943749473624e+00,6.484597134749389369e+00,5.590169943749473624e+00,8.273451516749220858e+00,6.931810730249347685e+00,6.260990336999411099e+00,5.142956348249516196e+00,4.695742752749557880e+00,3.354101966249684263e+00,1.118033988749894903e+00,-1.118033988749894903e+00,4.472135954999579277e-01,2.236067977499789639e-01,4.472135954999579277e-01,6.708203932499369193e-01,1.788854381999831711e+00,1.341640786499873839e+00,0.000000000000000000e+00,0.000000000000000000e+00,-6.708203932499369193e-01,0.000000000000000000e+00,-2.236067977499789639e-01,8.944271909999158554e-01,8.944271909999158554e-01,-2.236067977499789639e-01,-8.944271909999158554e-01,-2.236067977499789805e+00,-2.236067977499789805e+00,-5.366563145999495354e+00,-6.260990336999411099e+00,-4.472135954999579610e+00,-3.130495168499705549e+00,-8.944271909999158554e-01,-8.944271909999158554e-01,-2.012461179749810647e+00,-1.118033988749894903e+00,2.012461179749810647e+00,1.788854381999831711e+00,2.459674775249768519e+00,2.683281572999747677e+00,4.472135954999579610e+00,4.695742752749557880e+00,4.024922359499621294e+00,3.354101966249684263e+00,1.788854381999831711e+00,-6.708203932499369193e-01,-1.341640786499873839e+00,0.000000000000000000e+00,-6.708203932499369193e-01,-1.341640786499873839e+00,-4.024922359499621294e+00,-3.130495168499705549e+00,-3.801315561749642136e+00,-3.577708763999663422e+00,-2.683281572999747677e+00,-3.577708763999663422e+00,-5.590169943749473624e+00,-5.813776741499452783e+00,-7.602631123499284271e+00,-5.142956348249516196e+00,-4.024922359499621294e+00,-5.590169943749473624e+00,-5.142956348249516196e+00,-5.142956348249516196e+00,-6.484597134749389369e+00,-7.379024325749306001e+00,-5.590169943749473624e+00,-5.590169943749473624e+00,-6.931810730249347685e+00,-5.366563145999495354e+00,-5.590169943749473624e+00,-4.472135954999579610e+00,-2.012461179749810647e+00,-2.459674775249768519e+00,-3.354101966249684263e+00,-3.354101966249684263e+00,-3.354101966249684263e+00,-5.366563145999495354e+00,-4.695742752749557880e+00,-2.459674775249768519e+00,-2.906888370749726391e+00,-2.236067977499789805e+00,-2.236067977499789805e+00,-1.118033988749894903e+00,-1.118033988749894903e+00,-2.236067977499789639e-01,-8.944271909999158554e-01,-1.118033988749894903e+00,-1.565247584249852775e+00,-1.118033988749894903e+00,-1.788854381999831711e+00,-1.565247584249852775e+00,-8.944271909999158554e-01,-4.472135954999579277e-01,-3.354101966249684263e+00,-4.472135954999579277e-01,6.708203932499369193e-01,6.708203932499369193e-01,-2.236067977499789639e-01,0.000000000000000000e+00,-2.236067977499789639e-01,-2.906888370749726391e+00,-8.944271909999158554e-01,-2.683281572999747677e+00,-8.944271909999158554e-01,2.236067977499789639e-01,-1.565247584249852775e+00,-2.236067977499789805e+00,-4.472135954999579277e-01,-3.354101966249684263e+00,-2.906888370749726391e+00,-1.565247584249852775e+00,-2.236067977499789805e+00,-2.236067977499789805e+00,-3.577708763999663422e+00,-4.024922359499621294e+00,-6.484597134749389369e+00,-6.260990336999411099e+00,-6.708203932499368527e+00,-5.366563145999495354e+00,-3.354101966249684263e+00,-3.577708763999663422e+00,-3.130495168499705549e+00,-4.472135954999579610e+00,-3.354101966249684263e+00,-3.354101966249684263e+00,-1.565247584249852775e+00,1.118033988749894903e+00,0.000000000000000000e+00,-6.708203932499369193e-01,-2.459674775249768519e+00,-2.906888370749726391e+00,-3.801315561749642136e+00,-2.906888370749726391e+00,-3.130495168499705549e+00,-5.142956348249516196e+00,-2.683281572999747677e+00,-2.683281572999747677e+00,-3.354101966249684263e+00,-4.024922359499621294e+00,-4.248529157249600452e+00,-4.024922359499621294e+00,-4.024922359499621294e+00,-3.577708763999663422e+00,-2.459674775249768519e+00,1.118033988749894903e+00,2.236067977499789805e+00,2.012461179749810647e+00,-2.236067977499789639e-01,8.944271909999158554e-01,2.012461179749810647e+00,1.788854381999831711e+00,-2.236067977499789639e-01,-2.236067977499789639e-01,0.000000000000000000e+00,-8.944271909999158554e-01,-1.788854381999831711e+00,-4.472135954999579610e+00,-5.813776741499452783e+00,-5.813776741499452783e+00,-4.695742752749557880e+00,-4.248529157249600452e+00,-4.024922359499621294e+00,-4.919349550499537038e+00,-4.248529157249600452e+00,-3.801315561749642136e+00,-3.577708763999663422e+00,-3.577708763999663422e+00,-3.130495168499705549e+00,-1.341640786499873839e+00,-2.906888370749726391e+00,-2.906888370749726391e+00,-2.012461179749810647e+00,-1.788854381999831711e+00,-4.024922359499621294e+00,-4.695742752749557880e+00,-5.590169943749473624e+00,-5.813776741499452783e+00,-4.248529157249600452e+00,-3.801315561749642136e+00,-4.472135954999579610e+00,-4.919349550499537038e+00,-5.142956348249516196e+00,-3.801315561749642136e+00,-4.472135954999579610e+00,-5.142956348249516196e+00,-4.248529157249600452e+00,-2.683281572999747677e+00,-3.354101966249684263e+00,-4.472135954999579277e-01,-2.236067977499789639e-01,-2.012461179749810647e+00,-2.683281572999747677e+00,-8.944271909999158554e-01,-1.788854381999831711e+00,-2.012461179749810647e+00,-3.577708763999663422e+00,-4.472135954999579610e+00,-4.024922359499621294e+00,-2.459674775249768519e+00,-4.472135954999579610e+00,-4.024922359499621294e+00,-3.130495168499705549e+00,-2.459674775249768519e+00,-2.012461179749810647e+00,-8.944271909999158554e-01,-1.788854381999831711e+00,-1.118033988749894903e+00,-2.012461179749810647e+00,-1.341640786499873839e+00,-8.944271909999158554e-01,-4.472135954999579277e-01,-4.472135954999579277e-01,8.944271909999158554e-01,2.012461179749810647e+00,2.459674775249768519e+00,2.459674775249768519e+00,1.565247584249852775e+00,2.906888370749726391e+00,3.354101966249684263e+00,3.354101966249684263e+00,2.459674775249768519e+00,2.683281572999747677e+00,2.236067977499789639e-01,1.565247584249852775e+00,2.459674775249768519e+00,3.354101966249684263e+00,3.354101966249684263e+00,2.459674775249768519e+00,2.906888370749726391e+00,4.024922359499621294e+00,3.354101966249684263e+00,4.024922359499621294e+00,3.130495168499705549e+00,2.906888370749726391e+00,1.341640786499873839e+00,3.130495168499705549e+00,2.906888370749726391e+00,1.565247584249852775e+00,2.906888370749726391e+00,2.683281572999747677e+00,1.788854381999831711e+00,1.565247584249852775e+00,2.012461179749810647e+00,2.236067977499789805e+00,1.788854381999831711e+00,3.801315561749642136e+00,3.577708763999663422e+00,4.472135954999579610e+00,2.683281572999747677e+00,1.565247584249852775e+00,1.118033988749894903e+00,1.788854381999831711e+00,-2.236067977499789639e-01,-1.788854381999831711e+00,-1.341640786499873839e+00,-1.341640786499873839e+00,-8.944271909999158554e-01,8.944271909999158554e-01,4.472135954999579277e-01,-1.118033988749894903e+00,-8.944271909999158554e-01,-1.565247584249852775e+00,-1.118033988749894903e+00,0.000000000000000000e+00,-2.236067977499789805e+00,-5.142956348249516196e+00,-6.260990336999411099e+00,-5.813776741499452783e+00,-6.708203932499368527e+00,-6.260990336999411099e+00,-5.366563145999495354e+00,-2.012461179749810647e+00,-1.341640786499873839e+00,-2.459674775249768519e+00,-2.236067977499789805e+00,-2.906888370749726391e+00,-2.236067977499789805e+00,-2.683281572999747677e+00,-2.459674775249768519e+00,-1.565247584249852775e+00,-4.472135954999579277e-01,-1.341640786499873839e+00,4.472135954999579277e-01,2.906888370749726391e+00,3.130495168499705549e+00,4.919349550499537038e+00,6.931810730249347685e+00,8.944271909999159220e+00,7.379024325749306001e+00,5.142956348249516196e+00,5.142956348249516196e+00,4.024922359499621294e+00,5.590169943749473624e+00,5.813776741499452783e+00,5.142956348249516196e+00,4.695742752749557880e+00,6.037383539249431941e+00,5.142956348249516196e+00,2.906888370749726391e+00,3.130495168499705549e+00,4.919349550499537038e+00,4.248529157249600452e+00,3.354101966249684263e+00,1.788854381999831711e+00,1.788854381999831711e+00,1.118033988749894903e+00,-4.472135954999579277e-01,1.341640786499873839e+00,4.472135954999579277e-01,-8.944271909999158554e-01,-3.354101966249684263e+00,-2.236067977499789805e+00,-2.236067977499789805e+00,-2.906888370749726391e+00,-1.565247584249852775e+00,-2.906888370749726391e+00,-3.577708763999663422e+00,-4.472135954999579610e+00,-3.801315561749642136e+00,-5.142956348249516196e+00,-6.931810730249347685e+00,-5.590169943749473624e+00,-4.695742752749557880e+00,-4.024922359499621294e+00,-3.354101966249684263e+00,-4.024922359499621294e+00,-3.801315561749642136e+00,-1.118033988749894903e+00,-6.708203932499369193e-01,-2.236067977499789639e-01,-4.472135954999579277e-01,-1.118033988749894903e+00,-1.118033988749894903e+00,-1.565247584249852775e+00,-6.708203932499369193e-01,-8.944271909999158554e-01,-1.565247584249852775e+00,-1.788854381999831711e+00,-2.012461179749810647e+00,-2.236067977499789639e-01,-2.236067977499789639e-01,4.472135954999579277e-01,2.236067977499789639e-01,-1.118033988749894903e+00,1.341640786499873839e+00,3.354101966249684263e+00,1.565247584249852775e+00,1.341640786499873839e+00,4.472135954999579277e-01,-2.236067977499789639e-01,1.788854381999831711e+00,1.118033988749894903e+00,-4.472135954999579277e-01,0.000000000000000000e+00,1.118033988749894903e+00,-2.236067977499789639e-01,2.236067977499789639e-01,0.000000000000000000e+00,6.708203932499369193e-01,1.565247584249852775e+00,1.118033988749894903e+00,2.012461179749810647e+00,1.565247584249852775e+00,2.012461179749810647e+00,0.000000000000000000e+00,-1.341640786499873839e+00,4.472135954999579277e-01,-2.906888370749726391e+00,-1.565247584249852775e+00,-2.906888370749726391e+00,-4.472135954999579610e+00,-3.354101966249684263e+00,-3.801315561749642136e+00,-6.484597134749389369e+00,-4.472135954999579610e+00,-4.472135954999579610e+00,-5.142956348249516196e+00,-4.919349550499537038e+00,-5.813776741499452783e+00,-5.366563145999495354e+00,-3.354101966249684263e+00,-3.130495168499705549e+00,-3.801315561749642136e+00,-3.354101966249684263e+00,-1.565247584249852775e+00,-1.118033988749894903e+00,-2.236067977499789805e+00,0.000000000000000000e+00,6.708203932499369193e-01,1.565247584249852775e+00,-2.236067977499789639e-01,-1.341640786499873839e+00,1.118033988749894903e+00,-1.341640786499873839e+00,-6.708203932499369193e-01,1.341640786499873839e+00,2.012461179749810647e+00,1.565247584249852775e+00,8.944271909999158554e-01,2.012461179749810647e+00,-2.012461179749810647e+00,0.000000000000000000e+00,2.236067977499789639e-01,2.683281572999747677e+00,3.354101966249684263e+00,1.341640786499873839e+00,1.565247584249852775e+00,1.788854381999831711e+00,3.577708763999663422e+00,2.906888370749726391e+00,2.236067977499789805e+00,6.708203932499369193e-01
4.472135954999579610e+00,2.459674775249768519e+00,2.683281572999747677e+00,3.577708763999663422e+00,2.459674775249768519e+00,1.341640786499873839e+00,2.012461179749810647e+00,-4.472135954999579277e-01,0.000000000000000000e+00,4.472135954999579277e-01,2.683281572999747677e+00,2.236067977499789805e+00,3.354101966249684263e+00,2.683281572999747677e+00,3.354101966249684263e+00,4.024922359499621294e+00,2.683281572999747677e+00,3.577708763999663422e+00,3.801315561749642136e+00,4.919349550499537038e+00,4.695742752749557880e+00,4.248529157249600452e+00,4.248529157249600452e+00,4.919349550499537038e+00,6.708203932499368527e+00,5.142956348249516196e+00,6.260990336999411099e+00,5.813776741499452783e+00,5.813776741499452783e+00,6.931810730249347685e+00,6.708203932499368527e+00,5.366563145999495354e+00,6.037383539249431941e+00,5.590169943749473624e+00,6.708203932499368527e+00,6.260990336999411099e+00,7.379024325749306001e+00,6.260990336999411099e+00,7.155417527999326843e+00,6.931810730249347685e+00,6.260990336999411099e+00,6.260990336999411099e+00,8.720665112249179174e+00,5.813776741499452783e+00,6.037383539249431941e+00,5.366563145999495354e+00,5.142956348249516196e+00,3.577708763999663422e+00,3.801315561749642136e+00,2.683281572999747677e+00,2.012461179749810647e+00,1.788854381999831711e+00,-2.236067977499789639e-01,8.944271909999158554e-01,2.236067977499789805e+00,1.788854381999831711e+00,6.708203932499369193e-01,-4.472135954999579277e-01,-1.118033988749894903e+00,-1.565247584249852775e+00,2.236067977499789639e-01,-4.472135954999579277e-01,-1.565247584249852775e+00,-1.788854381999831711e+00,-1.788854381999831711e+00,-1.565247584249852775e+00,2.012461179749810647e+00,6.708203932499369193e-01,2.236067977499789639e-01,-1.788854381999831711e+00,8.944271909999158554e-01,-1.565247584249852775e+00,-6.708203932499369193e-01,2.236067977499789639e-01,6.708203932499369193e-01,2.012461179749810647e+00,2.236067977499789639e-01,2.236067977499789639e-01,1.341640786499873839e+00,1.788854381999831711e+00,1.565247584249852775e+00,4.472135954999579277e-01,-1.565247584249852775e+00,-1.788854381999831711e+00,-4.472135954999579277e-01,-2.236067977499789639e-01,-6.708203932499369193e-01,6.708203932499369193e-01,6.708203932499369193e-01,1.341640786499873839e+00,1.565247584249852775e+00,-1.788854381999831711e+00,-3.577708763999663422e+00,-3.354101966249684263e+00,-3.801315561749642136e+00,-4.919349550499537038e+00,-3.130495168499705549e+00,-2.683281572999747677e+00,-3.354101966249684263e+00,-1.118033988749894903e+00,-8.944271909999158554e-01,6.708203932499369193e-01,2.236067977499789639e-01,6.708203932499369193e-01,1.118033988749894903e+00,1.118033988749894903e+00,2.906888370749726391e+00,1.565247584249852775e+00,1.788854381999831711e+00,6.708203932499369193e-01,-1.341640786499873839e+00,-1.341640786499873839e+00,6.708203932499369193e-01,4.472135954999579277e-01,2.236067977499789639e-01,-2.236067977499789639e-01,0.000000000000000000e+00,1.565247584249852775e+00,2.459674775249768519e+00,2.236067977499789639e-01,0.000000000000000000e+00,0.000000000000000000e+00,-2.012461179749810647e+00,-2.683281572999747677e+00,-2.012461179749810647e+00,2.236067977499789639e-01,1.341640786499873839e+00,1.341640786499873839e+00,3.354101966249684263e+00,4.472135954999579610e+00,1.341640786499873839e+00,2.236067977499789639e-01,2.236067977499789639e-01,0.000000000000000000e+00,-4.472135954999579277e-01,6.708203932499369193e-01,2.459674775249768519e+00,2.683281572999747677e+00,3.354101966249684263e+00,3.130495168499705549e+00,3.577708763999663422e+00,2.906888370749726391e+00,4.695742752749557880e+00,2.683281572999747677e+00,1.788854381999831711e+00,6.708203932499369193e-01,-2.236067977499789639e-01,2.012461179749810647e+00,3.130495168499705549e+00,2.459674775249768519e+00,1.341640786499873839e+00,-4.472135954999579277e-01,-1.788854381999831711e+00,0.000000000000000000e+00,0.000000000000000000e+00,-6.708203932499369193e-01,-8.944271909999158554e-01,-1.788854381999831711e+00,4.472135954999579277e-01,-4.472135954999579277e-01,-1.118033988749894903e+00,-2.236067977499789639e-01,1.341640786499873839e+00,4.024922359499621294e+00,5.366563145999495354e+00,5.590169943749473624e+00,3.801315561749642136e+00,4.695742752749557880e+00,6.931810730249347685e+00,7.602631123499284271e+00,6.260990336999411099e+00,7.155417527999326843e+00,5.142956348249516196e+00,4.695742752749557880e+00,2.459674775249768519e+00,1.565247584249852775e+00,1.118033988749894903e+00,-4.472135954999579277e-01,2.459674775249768519e+00,3.354101966249684263e+00,3.801315561749642136e+00,1.118033988749894903e+00,0.000000000000000000e+00,2.236067977499789639e-01,-1.118033988749894903e+00,-2.236067977499789805e+00,-3.577708763999663422e+00,-4.248529157249600452e+00,-2.906888370749726391e+00,-2.683281572999747677e+00,-2.683281572999747677e+00,-3.577708763999663422e+00,-2.012461179749810647e+00,-3.577708763999663422e+00,-3.577708763999663422e+00,-4.024922359499621294e+00,-5.366563145999495354e+00,-2.683281572999747677e+00,-1.118033988749894903e+00,0.000000000000000000e+00,-2.236067977499789639e-01,-1.788854381999831711e+00,-8.944271909999158554e-01,-2.012461179749810647e+00,-1.341640786499873839e+00,0.000000000000000000e+00,1.341640786499873839e+00,-2.236067977499789639e-01,1.118033988749894903e+00,8.944271909999158554e-01,8.944271909999158554e-01,-2.236067977499789639e-01,4.472135954999579277e-01,2.236067977499789639e-01,-2.236067977499789639e-01,-8.944271909999158554e-01,0.000000000000000000e+00,1.118033988749894903e+00,1.341640786499873839e+00,6.708203932499369193e-01,6.708203932499369193e-01,0.000000000000000000e+00,-1.341640786499873839e+00,-6.708203932499369193e-01,0.000000000000000000e+00,1.118033988749894903e+00,1.565247584249852775e+00,1.341640786499873839e+00,2.459674775249768519e+00,3.354101966249684263e+00,2.459674775249768519e+00,2.906888370749726391e+00,2.236067977499789639e-01,1.118033988749894903e+00,6.708203932499369193e-01,4.472135954999579277e-01,2.236067977499789639e-01,4.472135954999579277e-01,3.130495168499705549e+00,3.354101966249684263e+00,3.354101966249684263e+00,4.024922359499621294e+00,4.024922359499621294e+00,3.801315561749642136e+00,1.565247584249852775e+00,2.012461179749810647e+00,2.683281572999747677e+00,2.236067977499789805e+00,1.565247584249852775e+00,1.341640786499873839e+00,3.130495168499705549e+00,4.248529157249600452e+00,3.354101966249684263e+00,2.683281572999747677e+00,3.801315561749642136e+00,3.801315561749642136e+00,4.024922359499621294e+00,2.906888370749726391e+00,1.565247584249852775e+00,3.354101966249684263e+00,2.683281572999747677e+00,3.354101966249684263e+00,2.906888370749726391e+00,3.354101966249684263e+00,5.366563145999495354e+00,4.024922359499621294e+00,1.341640786499873839e+00,1.341640786499873839e+00,8.944271909999158554e-01,2.906888370749726391e+00,2.906888370749726391e+00,3.130495168499705549e+00,2.683281572999747677e+00,8.944271909999158554e-01,2.236067977499789805e+00,4.472135954999579277e-01,4.472135954999579277e-01,1.565247584249852775e+00,-2.236067977499789639e-01,-1.341640786499873839e+00,-2.236067977499789805e+00,-8.944271909999158554e-01,1.118033988749894903e+00,3.130495168499705549e+00,4.024922359499621294e+00,4.248529157249600452e+00,5.366563145999495354e+00,7.155417527999326843e+00,4.472135954999579610e+00,1.788854381999831711e+00,2.459674775249768519e+00,2.459674775249768519e+00,1.565247584249852775e+00,2.683281572999747677e+00,4.024922359499621294e+00,5.142956348249516196e+00,6.037383539249431941e+00,5.813776741499452783e+00,4.024922359499621294e+00,3.577708763999663422e+00,2.683281572999747677e+00,2.236067977499789805e+00,-8.944271909999158554e-01,1.118033988749894903e+00,2.236067977499789805e+00,4.472135954999579610e+00,4.024922359499621294e+00,3.354101966249684263e+00,1.341640786499873839e+00,-8.944271909999158554e-01,2.012461179749810647e+00,1.118033988749894903e+00,-6.708203932499369193e-01,0.000000000000000000e+00,6.708203932499369193e-01,-2.236067977499789639e-01,-1.565247584249852775e+00,-1.118033988749894903e+00,-1.341640786499873839e+00,-2.236067977499789805e+00,-2.236067977499789639e-01,8.944271909999158554e-01,-6.708203932499369193e-01,0.000000000000000000e+00,0.000000000000000000e+00,1.341640786499873839e+00,1.341640786499873839e+00,2.683281572999747677e+00,1.341640786499873839e+00,0.000000000000000000e+00,-6.708203932499369193e-01,2.236067977499789639e-01,2.012461179749810647e+00,2.683281572999747677e+00,3.130495168499705549e+00,2.459674775249768519e+00,1.565247584249852775e+00,2.012461179749810647e+00,2.683281572999747677e+00,4.919349550499537038e+00,5.366563145999495354e+00,5.366563145999495354e+00,5.813776741499452783e+00,5.366563145999495354e+00,3.577708763999663422e+00,3.130495168499705549e+00,2.459674775249768519e+00,1.565247584249852775e+00,2.459674775249768519e+00,3.354101966249684263e+00,2.906888370749726391e+00,2.906888370749726391e+00,4.024922359499621294e+00,4.695742752749557880e+00,4.695742752749557880e+00,5.813776741499452783e+00,7.602631123499284271e+00,7.379024325749306001e+00,5.366563145999495354e+00,5.142956348249516196e+00,6.708203932499368527e+00,6.708203932499368527e+00,6.037383539249431941e+00,6.260990336999411099e+00,8.273451516749220858e+00,8.720665112249179174e+00,7.379024325749306001e+00,6.260990336999411099e+00,3.801315561749642136e+00,2.906888370749726391e+00,1.565247584249852775e+00,2.683281572999747677e+00,3.130495168499705549e+00,2.459674775249768519e+00,3.130495168499705549e+00,4.472135954999579610e+00,5.590169943749473624e+00,6.260990336999411099e+00,5.590169943749473624e+00,5.813776741499452783e+00,4.919349550499537038e+00,4.695742752749557880e+00,6.037383539249431941e+00,6.037383539249431941e+00,5.813776741499452783e+00,5.590169943749473624e+00,8.049844718999242588e+00,5.366563145999495354e+00,4.919349550499537038e+00,2.683281572999747677e+00,2.683281572999747677e+00,6.708203932499369193e-01,0.000000000000000000e+00,4.472135954999579277e-01,1.565247584249852775e+00,2.459674775249768519e+00,2.459674775249768519e+00,3.801315561749642136e+00,4.024922359499621294e+00,4.919349550499537038e+00,2.906888370749726391e+00,1.118033988749894903e+00,-6.708203932499369193e-01,-2.236067977499789639e-01,2.236067977499789639e-01,-6.708203932499369193e-01,1.118033988749894903e+00,2.459674775249768519e+00,4.248529157249600452e+00,3.130495168499705549e+00,8.944271909999158554e-01,8.944271909999158554e-01,-4.472135954999579277e-01,-2.236067977499789639e-01,-2.236067977499789639e-01,-2.236067977499789639e-01,0.000000000000000000e+00,1.341640786499873839e+00,1.118033988749894903e+00,6.708203932499369193e-01,1.118033988749894903e+00,1.118033988749894903e+00,3.801315561749642136e+00,4.919349550499537038e+00,5.813776741499452783e+00,6.484597134749389369e+00,5.813776741499452783e+00,3.577708763999663422e+00,2.012461179749810647e+00,2.236067977499789639e-01,-1.341640786499873839e+00,-2.683281572999747677e+00,-2.459674775249768519e+00,-6.708203932499369193e-01,-1.118033988749894903e+00,-1.565247584249852775e+00,-1.788854381999831711e+00,0.000000000000000000e+00,1.341640786499873839e+00,3.130495168499705549e+00,1.788854381999831711e+00,1.565247584249852775e+00,4.472135954999579277e-01,1.118033988749894903e+00,3.130495168499705549e+00,2.012461179749810647e+00,2.459674775249768519e+00,1.118033988749894903e+00,1.118033988749894903e+00,0.000000000000000000e+00,-6.708203932499369193e-01,-1.788854381999831711e+00,-2.236067977499789639e-01,-6.708203932499369193e-01,-1.788854381999831711e+00,-4.472135954999579277e-01,-1.788854381999831711e+00,-2.683281572999747677e+00,-2.906888370749726391e+00,-3.577708763999663422e+00,-1.565247584249852775e+00,-1.341640786499873839e+00,0.000000000000000000e+00,2.012461179749810647e+00,1.565247584249852775e+00,1.118033988749894903e+00,2.459674775249768519e+00,1.788854381999831711e+00,3.801315561749642136e+00,3.577708763999663422e+00,5.366563145999495354e+00,7.155417527999326843e+00,5.590169943749473624e+00,4.472135954999579610e+00,2.459674775249768519e+00,3.354101966249684263e+00,5.366563145999495354e+00,3.577708763999663422e+00,2.906888370749726391e+00,3.130495168499705549e+00,2.236067977499789639e-01,1.118033988749894903e+00,-2.236067977499789639e-01,0.000000000000000000e+00,-4.472135954999579277e-01,0.000000000000000000e+00,4.472135954999579277e-01,1.565247584249852775e+00,2.236067977499789805e+00,3.130495168499705549e+00,6.708203932499369193e-01,2.236067977499789805e+00,1.565247584249852775e+00,-1.118033988749894903e+00,4.472135954999579277e-01,-2.236067977499789639e-01,-2.236067977499789639e-01,-2.012461179749810647e+00,-3.130495168499705549e+00,-4.024922359499621294e+00
-2.683281572999747677e+00,-2.459674775249768519e+00,-2.459674775249768519e+00,-2.683281572999747677e+00,-1.341640786499873839e+00,-1.341640786499873839e+00,-1.118033988749894903e+00,-1.565247584249852775e+00,-3.577708763999663422e+00,-4.248529157249600452e+00,-5.142956348249516196e+00,-3.354101966249684263e+00,-2.459674775249768519e+00,-1.565247584249852775e+00,4.472135954999579277e-01,4.472135954999579277e-01,-6.708203932499369193e-01,-6.708203932499369193e-01,-1.341640786499873839e+00,-2.236067977499789639e-01,2.236067977499789639e-01,-1.118033988749894903e+00,-4.472135954999579277e-01,2.236067977499789639e-01,2.236067977499789639e-01,-8.944271909999158554e-01,-1.565247584249852775e+00,-8.944271909999158554e-01,-6.708203932499369193e-01,-1.118033988749894903e+00,-2.012461179749810647e+00,0.000000000000000000e+00,2.236067977499789639e-01,-4.472135954999579277e-01,-1.341640786499873839e+00,-1.788854381999831711e+00,-4.472135954999579610e+00,-3.354101966249684263e+00,-4.919349550499537038e+00,-4.472135954999579610e+00,-5.813776741499452783e+00,-6.708203932499368527e+00,-5.142956348249516196e+00,-4.472135954999579610e+00,-2.906888370749726391e+00,-3.130495168499705549e+00,-4.919349550499537038e+00,-5.813776741499452783e+00,-6.260990336999411099e+00,-5.366563145999495354e+00,-3.354101966249684263e+00,-3.577708763999663422e+00,-4.024922359499621294e+00,-2.683281572999747677e+00,-1.565247584249852775e+00,-2.236067977499789805e+00,-3.577708763999663422e+00,-2.906888370749726391e+00,-3.130495168499705549e+00,-3.130495168499705549e+00,-8.944271909999158554e-01,-2.236067977499789639e-01,-2.236067977499789639e-01,-6.708203932499369193e-01,6.708203932499369193e-01,-8.944271909999158554e-01,-1.118033988749894903e+00,2.012461179749810647e+00,4.024922359499621294e+00,3.577708763999663422e+00,4.472135954999579610e+00,2.459674775249768519e+00,6.708203932499369193e-01,-8.944271909999158554e-01,-8.944271909999158554e-01,-4.472135954999579277e-01,-1.565247584249852775e+00,-2.236067977499789805e+00,-2.683281572999747677e+00,-3.130495168499705549e+00,-1.788854381999831711e+00,-1.788854381999831711e+00,-1.565247584249852775e+00,-2.012461179749810647e+00,6.708203932499369193e-01,-8.944271909999158554e-01,-1.565247584249852775e+00,8.944271909999158554e-01,1.118033988749894903e+00,1.341640786499873839e+00,4.472135954999579277e-01,6.708203932499369193e-01,-4.472135954999579277e-01,-2.236067977499789639e-01,-8.944271909999158554e-01,0.000000000000000000e+00,0.000000000000000000e+00,8.944271909999158554e-01,1.118033988749894903e+00,2.236067977499789639e-01,0.000000000000000000e+00,8.944271909999158554e-01,2.683281572999747677e+00,5.813776741499452783e+00,5.813776741499452783e+00,4.024922359499621294e+00,2.459674775249768519e+00,1.565247584249852775e+00,6.708203932499369193e-01,1.565247584249852775e+00,1.565247584249852775e+00,3.354101966249684263e+00,3.354101966249684263e+00,2.459674775249768519e+00,3.801315561749642136e+00,3.801315561749642136e+00,5.366563145999495354e+00,3.801315561749642136e+00,4.695742752749557880e+00,4.024922359499621294e+00,3.801315561749642136e+00,4.472135954999579610e+00,4.248529157249600452e+00,5.590169943749473624e+00,6.484597134749389369e+00,5.142956348249516196e+00,3.801315561749642136e+00,1.341640786499873839e+00,3.577708763999663422e+00,2.012461179749810647e+00,1.788854381999831711e+00,6.708203932499369193e-01,-6.708203932499369193e-01,2.236067977499789639e-01,-8.944271909999158554e-01,-2.459674775249768519e+00,-2.906888370749726391e+00,-2.236067977499789805e+00,-3.801315561749642136e+00,-2.906888370749726391e+00,-4.695742752749557880e+00,-2.683281572999747677e+00,-3.354101966249684263e+00,-2.459674775249768519e+00,-1.341640786499873839e+00,-1.788854381999831711e+00,-2.906888370749726391e+00,-2.906888370749726391e+00,-3.354101966249684263e+00,-4.472135954999579610e+00,-2.906888370749726391e+00,-4.024922359499621294e+00,-3.801315561749642136e+00,-4.472135954999579610e+00,-3.354101966249684263e+00,-2.459674775249768519e+00,0.000000000000000000e+00,4.472135954999579277e-01,-2.459674775249768519e+00,-5.366563145999495354e+00,-3.354101966249684263e+00,-2.683281572999747677e+00,-2.459674775249768519e+00,-2.906888370749726391e+00,-3.801315561749642136e+00,-3.801315561749642136e+00,-3.354101966249684263e+00,-3.130495168499705549e+00,-3.354101966249684263e+00,-1.341640786499873839e+00,2.236067977499789639e-01,4.472135954999579277e-01,-6.708203932499369193e-01,-1.118033988749894903e+00,-2.236067977499789639e-01,-3.130495168499705549e+00,-3.577708763999663422e+00,-3.801315561749642136e+00,-3.801315561749642136e+00,-3.354101966249684263e+00,-4.024922359499621294e+00,-5.366563145999495354e+00,-6.931810730249347685e+00,-6.484597134749389369e+00,-3.801315561749642136e+00,-3.354101966249684263e+00,-3.130495168499705549e+00,-2.236067977499789805e+00,-6.708203932499369193e-01,6.708203932499369193e-01,1.565247584249852775e+00,1.118033988749894903e+00,1.565247584249852775e+00,1.565247584249852775e+00,2.906888370749726391e+00,1.788854381999831711e+00,1.341640786499873839e+00,1.118033988749894903e+00,1.565247584249852775e+00,1.341640786499873839e+00,2.012461179749810647e+00,2.683281572999747677e+00,2.236067977499789805e+00,4.919349550499537038e+00,4.919349550499537038e+00,2.906888370749726391e+00,2.012461179749810647e+00,1.341640786499873839e+00,4.472135954999579277e-01,2.236067977499789805e+00,2.236067977499789805e+00,3.577708763999663422e+00,3.801315561749642136e+00,4.695742752749557880e+00,5.366563145999495354e+00,4.695742752749557880e+00,4.472135954999579610e+00,3.354101966249684263e+00,4.919349550499537038e+00,3.577708763999663422e+00,2.236067977499789805e+00,2.683281572999747677e+00,1.788854381999831711e+00,2.459674775249768519e+00,2.459674775249768519e+00,2.906888370749726391e+00,3.354101966249684263e+00,2.683281572999747677e+00,2.459674775249768519e+00,3.801315561749642136e+00,2.012461179749810647e+00,0.000000000000000000e+00,0.000000000000000000e+00,-4.472135954999579277e-01,1.788854381999831711e+00,4.472135954999579277e-01,-8.944271909999158554e-01,-6.708203932499369193e-01,2.012461179749810647e+00,1.565247584249852775e+00,2.906888370749726391e+00,2.012461179749810647e+00,3.130495168499705549e+00,3.801315561749642136e+00,4.472135954999579610e+00,5.813776741499452783e+00,5.142956348249516196e+00,6.484597134749389369e+00,5.813776741499452783e+00,4.248529157249600452e+00,4.024922359499621294e+00,3.801315561749642136e+00,4.024922359499621294e+00,1.788854381999831711e+00,1.788854381999831711e+00,1.341640786499873839e+00,3.354101966249684263e+00,4.248529157249600452e+00,4.472135954999579277e-01,-2.236067977499789639e-01,0.000000000000000000e+00,0.000000000000000000e+00,-1.788854381999831711e+00,-1.565247584249852775e+00,-2.012461179749810647e+00,-1.341640786499873839e+00,-6.708203932499369193e-01,1.565247584249852775e+00,1.341640786499873839e+00,8.944271909999158554e-01,2.236067977499789639e-01,8.944271909999158554e-01,0.000000000000000000e+00,-1.118033988749894903e+00,-1.341640786499873839e+00,-1.565247584249852775e+00,-1.788854381999831711e+00,-3.354101966249684263e+00,-2.236067977499789805e+00,-1.788854381999831711e+00,-4.472135954999579277e-01,-2.236067977499789639e-01,1.788854381999831711e+00,-1.341640786499873839e+00,-1.788854381999831711e+00,-3.801315561749642136e+00,-2.683281572999747677e+00,-1.788854381999831711e+00,-2.459674775249768519e+00,-2.683281572999747677e+00,-4.472135954999579610e+00,-5.142956348249516196e+00,-5.813776741499452783e+00,-3.801315561749642136e+00,-4.024922359499621294e+00,-4.248529157249600452e+00,-5.590169943749473624e+00,-6.484597134749389369e+00,-5.142956348249516196e+00,-6.037383539249431941e+00,-3.801315561749642136e+00,-2.012461179749810647e+00,-1.788854381999831711e+00,-1.565247584249852775e+00,-2.683281572999747677e+00,-1.788854381999831711e+00,-2.012461179749810647e+00,-6.708203932499369193e-01,0.000000000000000000e+00,-1.118033988749894903e+00,-8.944271909999158554e-01,-1.788854381999831711e+00,-1.118033988749894903e+00,-1.341640786499873839e+00,-3.577708763999663422e+00,-3.801315561749642136e+00,-2.012461179749810647e+00,-8.944271909999158554e-01,-8.944271909999158554e-01,-6.708203932499369193e-01,0.000000000000000000e+00,6.708203932499369193e-01,6.708203932499369193e-01,8.944271909999158554e-01,2.236067977499789805e+00,8.944271909999158554e-01,-2.236067977499789639e-01,-2.012461179749810647e+00,-1.565247584249852775e+00,-2.459674775249768519e+00,-2.683281572999747677e+00,-8.944271909999158554e-01,-2.236067977499789639e-01,-1.118033988749894903e+00,-2.236067977499789639e-01,1.565247584249852775e+00,3.577708763999663422e+00,2.906888370749726391e+00,2.236067977499789805e+00,1.341640786499873839e+00,0.000000000000000000e+00,-2.236067977499789639e-01,-1.118033988749894903e+00,6.708203932499369193e-01,1.788854381999831711e+00,-1.118033988749894903e+00,-1.565247584249852775e+00,-2.012461179749810647e+00,-8.944271909999158554e-01,-8.944271909999158554e-01,-4.024922359499621294e+00,-4.695742752749557880e+00,-5.590169943749473624e+00,-4.919349550499537038e+00,-6.037383539249431941e+00,-4.919349550499537038e+00,-4.919349550499537038e+00,-6.931810730249347685e+00,-7.379024325749306001e+00,-6.037383539249431941e+00,-5.590169943749473624e+00,-5.813776741499452783e+00,-6.037383539249431941e+00,-5.142956348249516196e+00,-3.577708763999663422e+00,-2.906888370749726391e+00,-3.577708763999663422e+00,-4.024922359499621294e+00,-4.248529157249600452e+00,-5.142956348249516196e+00,-4.919349550499537038e+00,-5.590169943749473624e+00,-5.366563145999495354e+00,-5.142956348249516196e+00,-4.695742752749557880e+00,-5.590169943749473624e+00,-9.391485505499115760e+00,-1.185116028074888561e+01,-1.118033988749894725e+01,-9.615092303249095806e+00,-7.602631123499284271e+00,-8.273451516749220858e+00,-7.602631123499284271e+00,-7.379024325749306001e+00,-7.602631123499284271e+00,-6.708203932499368527e+00,-6.484597134749389369e+00,-6.708203932499368527e+00,-6.708203932499368527e+00,-5.142956348249516196e+00,-4.695742752749557880e+00,-3.130495168499705549e+00,-1.341640786499873839e+00,-2.459674775249768519e+00,-4.248529157249600452e+00,-4.695742752749557880e+00,-3.577708763999663422e+00,-3.354101966249684263e+00,-1.788854381999831711e+00,-2.012461179749810647e+00,-8.944271909999158554e-01,-2.236067977499789639e-01,0.000000000000000000e+00,8.944271909999158554e-01,8.944271909999158554e-01,1.341640786499873839e+00,-2.236067977499789639e-01,4.472135954999579277e-01,1.565247584249852775e+00,2.683281572999747677e+00,4.472135954999579610e+00,4.472135954999579610e+00,5.142956348249516196e+00,6.037383539249431941e+00,4.919349550499537038e+00,5.142956348249516196e+00,5.366563145999495354e+00,4.024922359499621294e+00,6.260990336999411099e+00,2.906888370749726391e+00,1.341640786499873839e+00,3.801315561749642136e+00,5.590169943749473624e+00,3.577708763999663422e+00,6.708203932499369193e-01,3.130495168499705549e+00,4.024922359499621294e+00,2.683281572999747677e+00,6.260990336999411099e+00,3.801315561749642136e+00,3.577708763999663422e+00,3.577708763999663422e+00,2.459674775249768519e+00,2.236067977499789639e-01,0.000000000000000000e+00,-2.012461179749810647e+00,8.944271909999158554e-01,6.708203932499369193e-01,-2.236067977499789639e-01,-1.565247584249852775e+00,-2.012461179749810647e+00,-2.683281572999747677e+00,-6.037383539249431941e+00,-6.037383539249431941e+00,-3.577708763999663422e+00,-2.683281572999747677e+00,0.000000000000000000e+00,1.118033988749894903e+00,2.683281572999747677e+00,4.695742752749557880e+00,3.354101966249684263e+00,4.695742752749557880e+00,4.248529157249600452e+00,3.801315561749642136e+00,3.801315561749642136e+00,2.683281572999747677e+00,3.354101966249684263e+00,2.906888370749726391e+00,2.012461179749810647e+00,0.000000000000000000e+00,-6.708203932499369193e-01,-8.944271909999158554e-01,-2.236067977499789805e+00,2.236067977499789639e-01,4.472135954999579277e-01,1.565247584249852775e+00,8.944271909999158554e-01,-4.472135954999579277e-01,-6.708203932499369193e-01,0.000000000000000000e+00,-2.236067977499789639e-01,-1.341640786499873839e+00,-1.788854381999831711e+00,-1.341640786499873839e+00,4.472135954999579277e-01,-4.472135954999579277e-01,6.708203932499369193e-01,1.341640786499873839e+00,2.683281572999747677e+00,2.459674775249768519e+00,1.788854381999831711e+00,2.459674775249768519e+00,2.906888370749726391e+00,2.459674775249768519e+00,4.248529157249600452e+00,3.577708763999663422e+00,4.919349550499537038e+00,3.577708763999663422e+00,2.906888370749726391e+00,3.801315561749642136e+00,4.024922359499621294e+00,3.577708763999663422e+00,3.130495168499705549e+00,3.354101966249684263e+00,2.906888370749726391e+00,2.459674775249768519e+00,3.801315561749642136e+00,4.695742752749557880e+00,4.024922359499621294e+00,3.801315561749642136e+00
-1.565247584249852775e+00,-4.024922359499621294e+00,-4.248529157249600452e+00,-5.142956348249516196e+00,-2.683281572999747677e+00,-2.906888370749726391e+00,-4.024922359499621294e+00,-2.683281572999747677e+00,-3.577708763999663422e+00,-3.577708763999663422e+00,-4.695742752749557880e+00,-4.024922359499621294e+00,-4.695742752749557880e+00,-4.472135954999579610e+00,-3.577708763999663422e+00,-3.354101966249684263e+00,-2.906888370749726391e+00,-1.788854381999831711e+00,-2.459674775249768519e+00,-8.944271909999158554e-01,-1.341640786499873839e+00,2.683281572999747677e+00,2.683281572999747677e+00,2.459674775249768519e+00,2.236067977499789805e+00,0.000000000000000000e+00,-8.944271909999158554e-01,-3.130495168499705549e+00,-2.683281572999747677e+00,-4.024922359499621294e+00,-4.919349550499537038e+00,-4.472135954999579610e+00,-5.813776741499452783e+00,-6.708203932499368527e+00,-6.260990336999411099e+00,-5.366563145999495354e+00,-4.695742752749557880e+00,-5.366563145999495354e+00,-5.142956348249516196e+00,-6.037383539249431941e+00,-5.142956348249516196e+00,-5.590169943749473624e+00,-5.590169943749473624e+00,-8.049844718999242588e+00,-9.391485505499115760e+00,-7.826237921249263430e+00,-8.720665112249179174e+00,-1.073312629199899071e+01,-8.944271909999159220e+00,-8.273451516749220858e+00,-7.155417527999326843e+00,-7.379024325749306001e+00,-5.813776741499452783e+00,-4.919349550499537038e+00,-3.577708763999663422e+00,-2.906888370749726391e+00,-3.354101966249684263e+00,-3.354101966249684263e+00,-2.906888370749726391e+00,-3.130495168499705549e+00,-3.130495168499705549e+00,-2.906888370749726391e+00,-1.118033988749894903e+00,-3.577708763999663422e+00,-4.695742752749557880e+00,-3.801315561749642136e+00,-1.788854381999831711e+00,-2.236067977499789805e+00,-6.708203932499369193e-01,-2.012461179749810647e+00,-2.459674775249768519e+00,-2.459674775249768519e+00,2.236067977499789639e-01,-2.012461179749810647e+00,-2.459674775249768519e+00,-2.236067977499789805e+00,-2.012461179749810647e+00,-6.708203932499369193e-01,-1.341640786499873839e+00,-1.565247584249852775e+00,-1.565247584249852775e+00,0.000000000000000000e+00,-2.236067977499789639e-01,-1.565247584249852775e+00,0.000000000000000000e+00,-4.472135954999579277e-01,2.236067977499789639e-01,2.459674775249768519e+00,3.577708763999663422e+00,3.130495168499705549e+00,3.130495168499705549e+00,1.788854381999831711e+00,1.565247584249852775e+00,4.248529157249600452e+00,3.130495168499705549e+00,4.248529157249600452e+00,4.472135954999579610e+00,4.472135954999579610e+00,5.366563145999495354e+00,3.801315561749642136e+00,1.788854381999831711e+00,2.012461179749810647e+00,3.577708763999663422e+00,2.236067977499789805e+00,2.012461179749810647e+00,1.788854381999831711e+00,2.012461179749810647e+00,2.012461179749810647e+00,2.459674775249768519e+00,4.024922359499621294e+00,3.801315561749642136e+00,3.577708763999663422e+00,4.919349550499537038e+00,3.130495168499705549e+00,2.906888370749726391e+00,2.459674775249768519e+00,2.236067977499789805e+00,2.683281572999747677e+00,2.906888370749726391e+00,2.459674775249768519e+00,3.354101966249684263e+00,3.801315561749642136e+00,1.341640786499873839e+00,3.354101966249684263e+00,4.472135954999579610e+00,4.024922359499621294e+00,3.130495168499705549e+00,-4.472135954999579277e-01,-2.459674775249768519e+00,-3.801315561749642136e+00,-3.130495168499705549e+00,-2.683281572999747677e+00,-2.012461179749810647e+00,-2.012461179749810647e+00,-1.565247584249852775e+00,4.472135954999579277e-01,6.708203932499369193e-01,-1.118033988749894903e+00,-2.012461179749810647e+00,-4.472135954999579277e-01,6.708203932499369193e-01,-6.708203932499369193e-01,6.708203932499369193e-01,2.459674775249768519e+00,3.130495168499705549e+00,4.695742752749557880e+00,6.260990336999411099e+00,5.590169943749473624e+00,4.695742752749557880e+00,3.354101966249684263e+00,5.366563145999495354e+00,3.354101966249684263e+00,2.012461179749810647e+00,2.459674775249768519e+00,4.248529157249600452e+00,2.906888370749726391e+00,2.459674775249768519e+00,2.906888370749726391e+00,2.236067977499789805e+00,1.341640786499873839e+00,1.565247584249852775e+00,2.236067977499789639e-01,-1.118033988749894903e+00,-8.944271909999158554e-01,-2.012461179749810647e+00,-2.459674775249768519e+00,-3.801315561749642136e+00,-4.919349550499537038e+00,-3.130495168499705549e+00,-2.459674775249768519e+00,-2.236067977499789805e+00,-3.801315561749642136e+00,-3.577708763999663422e+00,-4.919349550499537038e+00,-3.577708763999663422e+00,-2.683281572999747677e+00,-6.708203932499369193e-01,-1.118033988749894903e+00,-2.012461179749810647e+00,-6.708203932499369193e-01,4.472135954999579277e-01,6.708203932499369193e-01,1.341640786499873839e+00,1.788854381999831711e+00,2.012461179749810647e+00,2.012461179749810647e+00,8.944271909999158554e-01,-1.118033988749894903e+00,-1.788854381999831711e+00,0.000000000000000000e+00,-1.565247584249852775e+00,-1.341640786499873839e+00,-1.341640786499873839e+00,-3.577708763999663422e+00,-3.577708763999663422e+00,-3.577708763999663422e+00,-2.236067977499789805e+00,-3.130495168499705549e+00,-3.577708763999663422e+00,-5.366563145999495354e+00,-2.683281572999747677e+00,0.000000000000000000e+00,2.236067977499789805e+00,2.012461179749810647e+00,1.788854381999831711e+00,3.130495168499705549e+00,2.459674775249768519e+00,1.118033988749894903e+00,3.354101966249684263e+00,2.906888370749726391e+00,2.236067977499789805e+00,2.906888370749726391e+00,1.788854381999831711e+00,3.801315561749642136e+00,6.260990336999411099e+00,4.919349550499537038e+00,5.590169943749473624e+00,5.142956348249516196e+00,5.590169943749473624e+00,4.472135954999579610e+00,2.459674775249768519e+00,2.459674775249768519e+00,-8.944271909999158554e-01,-2.906888370749726391e+00,-3.577708763999663422e+00,-3.130495168499705549e+00,-2.906888370749726391e+00,-4.248529157249600452e+00,-2.012461179749810647e+00,-1.565247584249852775e+00,-1.118033988749894903e+00,-1.118033988749894903e+00,-1.788854381999831711e+00,-2.236067977499789805e+00,-4.695742752749557880e+00,-2.683281572999747677e+00,2.236067977499789639e-01,2.236067977499789639e-01,-4.472135954999579277e-01,-4.472135954999579277e-01,-1.565247584249852775e+00,4.472135954999579277e-01,4.472135954999579277e-01,8.944271909999158554e-01,8.944271909999158554e-01,2.459674775249768519e+00,1.788854381999831711e+00,1.341640786499873839e+00,3.354101966249684263e+00,2.459674775249768519e+00,6.708203932499369193e-01,1.341640786499873839e+00,1.118033988749894903e+00,1.565247584249852775e+00,1.341640786499873839e+00,-4.472135954999579277e-01,1.788854381999831711e+00,3.354101966249684263e+00,2.459674775249768519e+00,2.459674775249768519e+00,-1.118033988749894903e+00,-1.788854381999831711e+00,-2.012461179749810647e+00,-6.708203932499369193e-01,0.000000000000000000e+00,1.788854381999831711e+00,1.565247584249852775e+00,2.012461179749810647e+00,2.236067977499789639e-01,2.012461179749810647e+00,2.683281572999747677e+00,2.683281572999747677e+00,3.577708763999663422e+00,4.248529157249600452e+00,3.801315561749642136e+00,2.459674775249768519e+00,1.788854381999831711e+00,2.012461179749810647e+00,1.341640786499873839e+00,6.708203932499369193e-01,8.944271909999158554e-01,1.118033988749894903e+00,1.565247584249852775e+00,3.354101966249684263e+00,1.565247584249852775e+00,3.130495168499705549e+00,3.577708763999663422e+00,1.565247584249852775e+00,2.012461179749810647e+00,2.012461179749810647e+00,1.341640786499873839e+00,2.012461179749810647e+00,1.565247584249852775e+00,2.236067977499789639e-01,-8.944271909999158554e-01,-4.472135954999579277e-01,0.000000000000000000e+00,-1.118033988749894903e+00,0.000000000000000000e+00,6.708203932499369193e-01,-4.472135954999579277e-01,-2.012461179749810647e+00,-2.012461179749810647e+00,-1.118033988749894903e+00,-2.236067977499789805e+00,-2.012461179749810647e+00,4.472135954999579277e-01,-1.341640786499873839e+00,-2.012461179749810647e+00,-2.459674775249768519e+00,-4.695742752749557880e+00,-5.142956348249516196e+00,-3.130495168499705549e+00,-2.683281572999747677e+00,-2.236067977499789805e+00,-2.683281572999747677e+00,-1.341640786499873839e+00,-1.788854381999831711e+00,-8.944271909999158554e-01,-3.130495168499705549e+00,-3.130495168499705549e+00,-2.683281572999747677e+00,-1.788854381999831711e+00,-2.236067977499789805e+00,-3.801315561749642136e+00,-5.142956348249516196e+00,-2.906888370749726391e+00,-1.118033988749894903e+00,-3.130495168499705549e+00,-2.683281572999747677e+00,-1.788854381999831711e+00,1.118033988749894903e+00,2.236067977499789805e+00,3.801315561749642136e+00,2.459674775249768519e+00,1.565247584249852775e+00,0.000000000000000000e+00,0.000000000000000000e+00,6.708203932499369193e-01,2.012461179749810647e+00,3.354101966249684263e+00,2.012461179749810647e+00,6.708203932499369193e-01,1.565247584249852775e+00,1.118033988749894903e+00,1.341640786499873839e+00,1.788854381999831711e+00,2.012461179749810647e+00,1.118033988749894903e+00,-4.472135954999579277e-01,-4.472135954999579277e-01,-1.341640786499873839e+00,-1.565247584249852775e+00,-4.024922359499621294e+00,-4.024922359499621294e+00,-2.459674775249768519e+00,-3.130495168499705549e+00,-4.695742752749557880e+00,-4.024922359499621294e+00,-3.801315561749642136e+00,-2.906888370749726391e+00,-2.906888370749726391e+00,-4.024922359499621294e+00,-2.683281572999747677e+00,-6.708203932499369193e-01,1.788854381999831711e+00,4.024922359499621294e+00,5.813776741499452783e+00,5.366563145999495354e+00,5.366563145999495354e+00,4.248529157249600452e+00,6.260990336999411099e+00,5.366563145999495354e+00,3.354101966249684263e+00,5.813776741499452783e+00,6.260990336999411099e+00,6.260990336999411099e+00,6.037383539249431941e+00,6.931810730249347685e+00,7.602631123499284271e+00,7.379024325749306001e+00,5.142956348249516196e+00,5.142956348249516196e+00,4.919349550499537038e+00,4.024922359499621294e+00,3.354101966249684263e+00,4.024922359499621294e+00,4.695742752749557880e+00,5.813776741499452783e+00,4.472135954999579610e+00,1.565247584249852775e+00,3.130495168499705549e+00,2.906888370749726391e+00,3.577708763999663422e+00,1.788854381999831711e+00,2.012461179749810647e+00,1.788854381999831711e+00,1.565247584249852775e+00,2.236067977499789639e-01,1.118033988749894903e+00,-4.472135954999579277e-01,-4.472135954999579277e-01,-8.944271909999158554e-01,1.565247584249852775e+00,8.944271909999158554e-01,8.944271909999158554e-01,3.354101966249684263e+00,4.248529157249600452e+00,4.024922359499621294e+00,3.354101966249684263e+00,4.024922359499621294e+00,3.354101966249684263e+00,4.248529157249600452e+00,5.813776741499452783e+00,6.931810730249347685e+00,4.919349550499537038e+00,5.366563145999495354e+00,5.366563145999495354e+00,4.024922359499621294e+00,3.577708763999663422e+00,4.695742752749557880e+00,5.142956348249516196e+00,5.142956348249516196e+00,4.472135954999579610e+00,3.130495168499705549e+00,2.683281572999747677e+00,2.236067977499789805e+00,1.788854381999831711e+00,3.801315561749642136e+00,4.472135954999579610e+00,4.919349550499537038e+00,3.577708763999663422e+00,4.024922359499621294e+00,2.236067977499789805e+00,2.012461179749810647e+00,2.459674775249768519e+00,2.459674775249768519e+00,2.012461179749810647e+00,1.565247584249852775e+00,3.801315561749642136e+00,4.919349550499537038e+00,5.813776741499452783e+00,6.037383539249431941e+00,6.484597134749389369e+00,6.037383539249431941e+00,6.484597134749389369e+00,5.813776741499452783e+00,6.037383539249431941e+00,4.248529157249600452e+00,4.472135954999579610e+00,2.683281572999747677e+00,2.459674775249768519e+00,2.459674775249768519e+00,1.565247584249852775e+00,2.236067977499789805e+00,1.565247584249852775e+00,1.788854381999831711e+00,3.354101966249684263e+00,1.565247584249852775e+00,1.565247584249852775e+00,6.708203932499369193e-01,1.341640786499873839e+00,1.788854381999831711e+00,1.341640786499873839e+00,6.708203932499369193e-01,8.944271909999158554e-01,1.788854381999831711e+00,1.788854381999831711e+00,2.906888370749726391e+00,3.801315561749642136e+00,2.236067977499789805e+00,2.236067977499789805e+00,4.472135954999579610e+00,3.577708763999663422e+00,7.155417527999326843e+00,7.155417527999326843e+00,6.484597134749389369e+00,5.590169943749473624e+00,5.142956348249516196e+00,4.695742752749557880e+00,5.366563145999495354e+00,4.472135954999579610e+00,5.590169943749473624e+00,3.577708763999663422e+00,1.341640786499873839e+00,8.944271909999158554e-01,2.906888370749726391e+00,3.130495168499705549e+00,3.801315561749642136e+00,3.801315561749642136e+00,4.919349550499537038e+00,5.590169943749473624e+00,5.590169943749473624e+00,5.366563145999495354e+00,2.236067977499789805e+00,3.801315561749642136e+00,3.577708763999663422e+00,2.459674775249768519e+00,2.012461179749810647e+00,1.118033988749894903e+00
1.341640786499873839e+00,-4.472135954999579277e-01,-4.472135954999579277e-01,-6.708203932499369193e-01,-6.708203932499369193e-01,-8.944271909999158554e-01,-2.012461179749810647e+00,-2.236067977499789805e+00,-1.565247584249852775e+00,-1.118033988749894903e+00,-2.683281572999747677e+00,-2.236067977499789639e-01,-1.788854381999831711e+00,-3.354101966249684263e+00,-1.118033988749894903e+00,-1.341640786499873839e+00,-1.341640786499873839e+00,2.236067977499789639e-01,0.000000000000000000e+00,-6.708203932499369193e-01,-2.236067977499789805e+00,-1.341640786499873839e+00,-2.236067977499789639e-01,-2.236067977499789639e-01,-6.708203932499369193e-01,0.000000000000000000e+00,2.236067977499789639e-01,2.236067977499789639e-01,1.788854381999831711e+00,4.472135954999579277e-01,-2.236067977499789639e-01,1.118033988749894903e+00,-6.708203932499369193e-01,-1.788854381999831711e+00,-1.341640786499873839e+00,-6.708203932499369193e-01,-6.708203932499369193e-01,-6.708203932499369193e-01,-1.118033988749894903e+00,-3.354101966249684263e+00,-5.590169943749473624e+00,-4.248529157249600452e+00,-4.024922359499621294e+00,-4.024922359499621294e+00,-2.459674775249768519e+00,-2.459674775249768519e+00,-3.130495168499705549e+00,-3.577708763999663422e+00,-4.472135954999579610e+00,-4.695742752749557880e+00,-3.801315561749642136e+00,-4.024922359499621294e+00,-2.459674775249768519e+00,-8.944271909999158554e-01,-8.944271909999158554e-01,-4.024922359499621294e+00,-4.472135954999579610e+00,-5.142956348249516196e+00,-4.472135954999579610e+00,-4.919349550499537038e+00,-6.037383539249431941e+00,-6.484597134749389369e+00,-5.813776741499452783e+00,-3.577708763999663422e+00,-3.801315561749642136e+00,-2.459674775249768519e+00,-2.459674775249768519e+00,-3.130495168499705549e+00,-4.024922359499621294e+00,-4.472135954999579610e+00,-4.919349550499537038e+00,-5.590169943749473624e+00,-5.813776741499452783e+00,-5.366563145999495354e+00,-4.919349550499537038e+00,-4.919349550499537038e+00,-4.472135954999579610e+00,-4.024922359499621294e+00,-2.683281572999747677e+00,-3.801315561749642136e+00,-3.577708763999663422e+00,-4.248529157249600452e+00,-4.248529157249600452e+00,-5.142956348249516196e+00,-3.577708763999663422e+00,-4.024922359499621294e+00,-5.366563145999495354e+00,-5.366563145999495354e+00,-4.695742752749557880e+00,-4.024922359499621294e+00,-2.236067977499789805e+00,-2.236067977499789805e+00,-1.341640786499873839e+00,-1.565247584249852775e+00,-4.472135954999579277e-01,4.472135954999579277e-01,2.236067977499789639e-01,-2.236067977499789639e-01,-8.944271909999158554e-01,-2.459674775249768519e+00,-2.012461179749810647e+00,0.000000000000000000e+00,0.000000000000000000e+00,-2.236067977499789639e-01,0.000000000000000000e+00,0.000000000000000000e+00,4.472135954999579277e-01,-2.236067977499789639e-01,1.565247584249852775e+00,4.472135954999579610e+00,2.012461179749810647e+00,2.236067977499789805e+00,3.801315561749642136e+00,4.695742752749557880e+00,2.012461179749810647e+00,0.000000000000000000e+00,8.944271909999158554e-01,1.118033988749894903e+00,-8.944271909999158554e-01,-6.708203932499369193e-01,-2.906888370749726391e+00,-2.906888370749726391e+00,-2.683281572999747677e+00,-2.012461179749810647e+00,-1.788854381999831711e+00,-1.788854381999831711e+00,-2.012461179749810647e+00,-2.012461179749810647e+00,-3.354101966249684263e+00,-2.012461179749810647e+00,-2.906888370749726391e+00,-2.459674775249768519e+00,-2.459674775249768519e+00,-2.236067977499789805e+00,-3.130495168499705549e+00,-4.024922359499621294e+00,-3.354101966249684263e+00,-4.919349550499537038e+00,-1.788854381999831711e+00,-2.012461179749810647e+00,-1.341640786499873839e+00,-2.012461179749810647e+00,-1.788854381999831711e+00,-1.118033988749894903e+00,-1.565247584249852775e+00,-2.236067977499789805e+00,-2.012461179749810647e+00,-2.459674775249768519e+00,-2.236067977499789805e+00,-3.577708763999663422e+00,-3.130495168499705549e+00,-3.801315561749642136e+00,-4.024922359499621294e+00,-3.130495168499705549e+00,-4.695742752749557880e+00,-3.577708763999663422e+00,-4.248529157249600452e+00,-3.130495168499705549e+00,-2.459674775249768519e+00,-1.788854381999831711e+00,-1.118033988749894903e+00,-2.236067977499789639e-01,2.012461179749810647e+00,1.341640786499873839e+00,2.683281572999747677e+00,4.919349550499537038e+00,3.577708763999663422e+00,3.130495168499705549e+00,2.459674775249768519e+00,1.341640786499873839e+00,3.130495168499705549e+00,2.012461179749810647e+00,3.801315561749642136e+00,1.788854381999831711e+00,6.708203932499369193e-01,2.236067977499789639e-01,0.000000000000000000e+00,-1.565247584249852775e+00,-1.565247584249852775e+00,-1.788854381999831711e+00,-4.472135954999579277e-01,-1.118033988749894903e+00,-1.788854381999831711e+00,-1.118033988749894903e+00,-6.708203932499369193e-01,-4.472135954999579277e-01,8.944271909999158554e-01,1.341640786499873839e+00,6.708203932499369193e-01,6.708203932499369193e-01,6.708203932499369193e-01,-2.683281572999747677e+00,-2.906888370749726391e+00,-8.944271909999158554e-01,-2.012461179749810647e+00,-1.565247584249852775e+00,-1.341640786499873839e+00,-2.683281572999747677e+00,-6.708203932499369193e-01,-2.683281572999747677e+00,-2.012461179749810647e+00,-4.248529157249600452e+00,-2.012461179749810647e+00,-3.354101966249684263e+00,-3.130495168499705549e+00,-2.459674775249768519e+00,-3.801315561749642136e+00,-3.354101966249684263e+00,-1.788854381999831711e+00,-1.565247584249852775e+00,-4.024922359499621294e+00,-3.130495168499705549e+00,-2.459674775249768519e+00,-1.341640786499873839e+00,8.944271909999158554e-01,1.788854381999831711e+00,2.906888370749726391e+00,3.801315561749642136e+00,2.012461179749810647e+00,4.024922359499621294e+00,4.919349550499537038e+00,6.260990336999411099e+00,4.024922359499621294e+00,2.906888370749726391e+00,4.472135954999579277e-01,2.683281572999747677e+00,1.341640786499873839e+00,8.944271909999158554e-01,4.024922359499621294e+00,4.472135954999579610e+00,4.695742752749557880e+00,6.037383539249431941e+00,6.708203932499368527e+00,6.931810730249347685e+00,5.142956348249516196e+00,5.366563145999495354e+00,4.248529157249600452e+00,5.142956348249516196e+00,4.695742752749557880e+00,3.577708763999663422e+00,3.354101966249684263e+00,2.683281572999747677e+00,3.130495168499705549e+00,5.590169943749473624e+00,6.484597134749389369e+00,7.602631123499284271e+00,7.826237921249263430e+00,8.273451516749220858e+00,8.720665112249179174e+00,9.167878707749137490e+00,8.273451516749220858e+00,6.260990336999411099e+00,6.037383539249431941e+00,3.577708763999663422e+00,3.354101966249684263e+00,2.683281572999747677e+00,2.683281572999747677e+00,2.906888370749726391e+00,2.683281572999747677e+00,6.708203932499369193e-01,2.012461179749810647e+00,2.683281572999747677e+00,3.354101966249684263e+00,2.236067977499789805e+00,1.118033988749894903e+00,1.565247584249852775e+00,2.683281572999747677e+00,3.577708763999663422e+00,1.788854381999831711e+00,1.565247584249852775e+00,-2.236067977499789639e-01,-6.708203932499369193e-01,-2.236067977499789639e-01,-6.708203932499369193e-01,-1.788854381999831711e+00,-2.906888370749726391e+00,-2.683281572999747677e+00,-3.577708763999663422e+00,-5.366563145999495354e+00,-5.142956348249516196e+00,-6.037383539249431941e+00,-6.037383539249431941e+00,-5.142956348249516196e+00,-3.354101966249684263e+00,-4.695742752749557880e+00,-5.142956348249516196e+00,-5.813776741499452783e+00,-4.472135954999579610e+00,-5.813776741499452783e+00,-5.142956348249516196e+00,-4.472135954999579610e+00,-6.484597134749389369e+00,-7.826237921249263430e+00,-8.497058314499200904e+00,-6.708203932499368527e+00,-6.260990336999411099e+00,-6.260990336999411099e+00,-7.602631123499284271e+00,-6.931810730249347685e+00,-7.379024325749306001e+00,-7.155417527999326843e+00,-7.379024325749306001e+00,-8.273451516749220858e+00,-8.497058314499200904e+00,-6.260990336999411099e+00,-3.801315561749642136e+00,-4.472135954999579610e+00,-5.590169943749473624e+00,-4.472135954999579610e+00,-5.366563145999495354e+00,-4.919349550499537038e+00,-2.683281572999747677e+00,-2.683281572999747677e+00,-4.695742752749557880e+00,-4.919349550499537038e+00,-4.695742752749557880e+00,-2.906888370749726391e+00,-2.459674775249768519e+00,-1.788854381999831711e+00,-2.683281572999747677e+00,-4.248529157249600452e+00,-3.577708763999663422e+00,-4.248529157249600452e+00,-4.472135954999579610e+00,-5.590169943749473624e+00,-4.024922359499621294e+00,-2.459674775249768519e+00,-1.118033988749894903e+00,0.000000000000000000e+00,-4.472135954999579277e-01,-1.565247584249852775e+00,-8.944271909999158554e-01,-1.118033988749894903e+00,-4.472135954999579277e-01,4.472135954999579277e-01,2.012461179749810647e+00,1.341640786499873839e+00,1.118033988749894903e+00,-2.236067977499789639e-01,6.708203932499369193e-01,8.944271909999158554e-01,2.012461179749810647e+00,2.459674775249768519e+00,3.801315561749642136e+00,4.248529157249600452e+00,4.024922359499621294e+00,4.024922359499621294e+00,3.577708763999663422e+00,2.906888370749726391e+00,3.354101966249684263e+00,2.459674775249768519e+00,4.472135954999579277e-01,8.944271909999158554e-01,1.565247584249852775e+00,1.788854381999831711e+00,-1.565247584249852775e+00,-8.944271909999158554e-01,-1.341640786499873839e+00,-1.788854381999831711e+00,-1.788854381999831711e+00,-1.565247584249852775e+00,-2.012461179749810647e+00,-6.708203932499369193e-01,-4.472135954999579277e-01,1.118033988749894903e+00,4.472135954999579277e-01,3.354101966249684263e+00,0.000000000000000000e+00,2.236067977499789805e+00,2.236067977499789639e-01,-1.118033988749894903e+00,-8.944271909999158554e-01,-8.944271909999158554e-01,-1.788854381999831711e+00,-8.944271909999158554e-01,-6.708203932499369193e-01,-1.341640786499873839e+00,-2.236067977499789805e+00,-8.944271909999158554e-01,-1.341640786499873839e+00,-2.236067977499789639e-01,0.000000000000000000e+00,-8.944271909999158554e-01,-2.683281572999747677e+00,-2.683281572999747677e+00,-2.906888370749726391e+00,-3.801315561749642136e+00,-4.695742752749557880e+00,-4.695742752749557880e+00,-4.472135954999579610e+00,-3.130495168499705549e+00,-2.683281572999747677e+00,-2.236067977499789805e+00,-5.142956348249516196e+00,-1.565247584249852775e+00,-8.944271909999158554e-01,-2.012461179749810647e+00,-2.459674775249768519e+00,-1.788854381999831711e+00,-1.788854381999831711e+00,1.118033988749894903e+00,4.472135954999579277e-01,-4.472135954999579277e-01,-2.236067977499789639e-01,8.944271909999158554e-01,1.565247584249852775e+00,2.236067977499789639e-01,-2.236067977499789805e+00,-3.354101966249684263e+00,-3.577708763999663422e+00,0.000000000000000000e+00,-1.341640786499873839e+00,-2.236067977499789639e-01,2.012461179749810647e+00,2.236067977499789805e+00,6.708203932499369193e-01,8.944271909999158554e-01,-2.236067977499789639e-01,-1.118033988749894903e+00,-1.788854381999831711e+00,0.000000000000000000e+00,6.708203932499369193e-01,1.565247584249852775e+00,4.472135954999579277e-01,2.236067977499789639e-01,4.472135954999579277e-01,-1.565247584249852775e+00,-2.012461179749810647e+00,-2.012461179749810647e+00,-3.801315561749642136e+00,-5.590169943749473624e+00,-4.472135954999579610e+00,-4.695742752749557880e+00,-5.813776741499452783e+00,-5.590169943749473624e+00,-4.248529157249600452e+00,-1.118033988749894903e+00,-2.236067977499789805e+00,0.000000000000000000e+00,2.683281572999747677e+00,2.906888370749726391e+00,3.354101966249684263e+00,2.459674775249768519e+00,2.236067977499789805e+00,4.248529157249600452e+00,6.037383539249431941e+00,3.801315561749642136e+00,2.459674775249768519e+00,2.906888370749726391e+00,1.565247584249852775e+00,-2.236067977499789639e-01,-1.565247584249852775e+00,-3.801315561749642136e+00,-4.248529157249600452e+00,-4.248529157249600452e+00,-4.024922359499621294e+00,-2.683281572999747677e+00,-3.354101966249684263e+00,-3.577708763999663422e+00,-4.695742752749557880e+00,-4.472135954999579610e+00,-3.354101966249684263e+00,-2.236067977499789805e+00,-3.577708763999663422e+00,-4.024922359499621294e+00,-3.801315561749642136e+00,-1.341640786499873839e+00,-8.944271909999158554e-01,-1.341640786499873839e+00,1.341640786499873839e+00,1.788854381999831711e+00,2.683281572999747677e+00,2.459674775249768519e+00,8.944271909999158554e-01,1.118033988749894903e+00,1.788854381999831711e+00,8.944271909999158554e-01,-4.472135954999579277e-01,-2.012461179749810647e+00,-2.236067977499789805e+00,-1.118033988749894903e+00,-2.236067977499789639e-01,6.708203932499369193e-01,8.944271909999158554e-01,-2.236067977499789639e-01,0.000000000000000000e+00,-2.012461179749810647e+00,-1.118033988749894903e+00,-2.236067977499789639e-01,8.944271909999158554e-01,-4.472135954999579277e-01,-8.944271909999158554e-01,-1.118033988749894903e+00,-1.341640786499873839e+00,-1.788854381999831711e+00,-2.012461179749810647e+00,-2.012461179749810647e+00,8.944271909999158554e-01,6.708203932499369193e-01,1.118033988749894903e+00
-4.919349550499537038e+00,-2.683281572999747677e+00,-3.130495168499705549e+00,-3.354101966249684263e+00,-2.236067977499789805e+00,-2.236067977499789639e-01,-1.341640786499873839e+00,-6.708203932499369193e-01,4.472135954999579277e-01,-8.944271909999158554e-01,-6.708203932499369193e-01,8.944271909999158554e-01,6.708203932499369193e-01,-6.708203932499369193e-01,-8.944271909999158554e-01,-6.708203932499369193e-01,1.565247584249852775e+00,-6.708203932499369193e-01,-1.565247584249852775e+00,-6.708203932499369193e-01,-4.472135954999579277e-01,2.683281572999747677e+00,1.565247584249852775e+00,2.906888370749726391e+00,4.919349550499537038e+00,5.590169943749473624e+00,7.379024325749306001e+00,6.037383539249431941e+00,6.037383539249431941e+00,8.273451516749220858e+00,6.708203932499368527e+00,4.695742752749557880e+00,4.695742752749557880e+00,5.142956348249516196e+00,3.577708763999663422e+00,2.683281572999747677e+00,4.024922359499621294e+00,4.024922359499621294e+00,5.590169943749473624e+00,2.906888370749726391e+00,1.341640786499873839e+00,3.577708763999663422e+00,2.236067977499789805e+00,1.341640786499873839e+00,1.118033988749894903e+00,-4.472135954999579277e-01,6.708203932499369193e-01,-8.944271909999158554e-01,-2.236067977499789805e+00,-1.341640786499873839e+00,-4.472135954999579277e-01,1.118033988749894903e+00,1.118033988749894903e+00,-1.118033988749894903e+00,-2.012461179749810647e+00,-4.472135954999579610e+00,-6.037383539249431941e+00,-6.708203932499368527e+00,-8.049844718999242588e+00,-8.273451516749220858e+00,-5.813776741499452783e+00,-6.037383539249431941e+00,-6.260990336999411099e+00,-6.260990336999411099e+00,-5.590169943749473624e+00,-4.472135954999579610e+00,-3.130495168499705549e+00,-2.236067977499789805e+00,-3.801315561749642136e+00,-3.577708763999663422e+00,-3.354101966249684263e+00,-3.577708763999663422e+00,-3.577708763999663422e+00,-1.118033988749894903e+00,-2.236067977499789805e+00,-2.012461179749810647e+00,-2.236067977499789805e+00,-8.944271909999158554e-01,-6.708203932499369193e-01,1.788854381999831711e+00,6.708203932499369193e-01,2.236067977499789639e-01,-1.118033988749894903e+00,-3.130495168499705549e+00,-2.236067977499789805e+00,-4.472135954999579277e-01,0.000000000000000000e+00,2.683281572999747677e+00,3.577708763999663422e+00,4.248529157249600452e+00,3.577708763999663422e+00,4.248529157249600452e+00,4.248529157249600452e+00,1.341640786499873839e+00,-2.236067977499789639e-01,-2.012461179749810647e+00,-1.341640786499873839e+00,-6.708203932499369193e-01,-2.236067977499789639e-01,0.000000000000000000e+00,2.236067977499789639e-01,-4.472135954999579277e-01,-1.118033988749894903e+00,0.000000000000000000e+00,-6.708203932499369193e-01,-1.565247584249852775e+00,-2.906888370749726391e+00,-1.341640786499873839e+00,-2.012461179749810647e+00,-2.236067977499789805e+00,-2.683281572999747677e+00,-2.012461179749810647e+00,-1.341640786499873839e+00,-2.012461179749810647e+00,0.000000000000000000e+00,-1.118033988749894903e+00,-2.012461179749810647e+00,1.341640786499873839e+00,1.788854381999831711e+00,1.788854381999831711e+00,4.472135954999579277e-01,6.708203932499369193e-01,-1.788854381999831711e+00,-1.341640786499873839e+00,-1.788854381999831711e+00,-2.459674775249768519e+00,-2.236067977499789639e-01,8.944271909999158554e-01,1.341640786499873839e+00,1.341640786499873839e+00,-2.236067977499789639e-01,-6.708203932499369193e-01,4.472135954999579277e-01,0.000000000000000000e+00,6.708203932499369193e-01,-8.944271909999158554e-01,0.000000000000000000e+00,-8.944271909999158554e-01,-6.708203932499369193e-01,-2.459674775249768519e+00,-5.366563145999495354e+00,-2.459674775249768519e+00,-3.354101966249684263e+00,-1.788854381999831711e+00,-1.788854381999831711e+00,-1.565247584249852775e+00,-1.341640786499873839e+00,-1.788854381999831711e+00,-1.118033988749894903e+00,-1.788854381999831711e+00,-2.683281572999747677e+00,-1.341640786499873839e+00,4.472135954999579277e-01,2.012461179749810647e+00,1.788854381999831711e+00,-4.472135954999579277e-01,-1.341640786499873839e+00,-2.459674775249768519e+00,-4.024922359499621294e+00,-4.024922359499621294e+00,-8.944271909999158554e-01,-1.565247584249852775e+00,-8.944271909999158554e-01,-4.472135954999579277e-01,2.236067977499789639e-01,6.708203932499369193e-01,-6.708203932499369193e-01,-4.472135954999579277e-01,-1.565247584249852775e+00,-3.130495168499705549e+00,-4.695742752749557880e+00,-5.590169943749473624e+00,-6.037383539249431941e+00,-6.708203932499368527e+00,-6.037383539249431941e+00,-4.919349550499537038e+00,-3.130495168499705549e+00,-2.012461179749810647e+00,-1.788854381999831711e+00,-2.236067977499789805e+00,-2.683281572999747677e+00,-3.130495168499705549e+00,-6.708203932499369193e-01,4.472135954999579277e-01,1.118033988749894903e+00,8.944271909999158554e-01,4.472135954999579277e-01,-4.472135954999579277e-01,-1.788854381999831711e+00,-4.472135954999579277e-01,-2.236067977499789639e-01,-1.118033988749894903e+00,-1.788854381999831711e+00,-2.012461179749810647e+00,6.708203932499369193e-01,-1.118033988749894903e+00,-1.118033988749894903e+00,-8.944271909999158554e-01,-1.118033988749894903e+00,-1.565247584249852775e+00,-4.024922359499621294e+00,-3.577708763999663422e+00,-3.354101966249684263e+00,-2.683281572999747677e+00,-1.118033988749894903e+00,-6.708203932499369193e-01,2.236067977499789639e-01,0.000000000000000000e+00,-6.708203932499369193e-01,6.708203932499369193e-01,2.459674775249768519e+00,4.024922359499621294e+00,3.130495168499705549e+00,4.248529157249600452e+00,4.024922359499621294e+00,3.577708763999663422e+00,3.354101966249684263e+00,5.142956348249516196e+00,3.354101966249684263e+00,2.459674775249768519e+00,2.683281572999747677e+00,2.906888370749726391e+00,2.012461179749810647e+00,0.000000000000000000e+00,-1.788854381999831711e+00,-2.012461179749810647e+00,4.472135954999579277e-01,2.236067977499789639e-01,-1.341640786499873839e+00,-2.906888370749726391e+00,-3.354101966249684263e+00,-4.024922359499621294e+00,-4.472135954999579610e+00,-4.695742752749557880e+00,-5.366563145999495354e+00,-5.590169943749473624e+00,-5.590169943749473624e+00,-2.236067977499789805e+00,-3.130495168499705549e+00,-2.012461179749810647e+00,-1.788854381999831711e+00,-1.788854381999831711e+00,-8.944271909999158554e-01,-2.236067977499789805e+00,-2.236067977499789805e+00,-8.944271909999158554e-01,-1.565247584249852775e+00,-4.472135954999579277e-01,6.708203932499369193e-01,-2.236067977499789639e-01,1.341640786499873839e+00,-8.944271909999158554e-01,-2.012461179749810647e+00,-3.130495168499705549e+00,-2.236067977499789805e+00,-8.944271909999158554e-01,1.341640786499873839e+00,6.708203932499369193e-01,-4.472135954999579277e-01,-8.944271909999158554e-01,2.236067977499789639e-01,1.565247584249852775e+00,4.472135954999579277e-01,1.118033988749894903e+00,4.248529157249600452e+00,2.906888370749726391e+00,2.012461179749810647e+00,2.906888370749726391e+00,2.236067977499789805e+00,2.459674775249768519e+00,1.341640786499873839e+00,3.130495168499705549e+00,3.354101966249684263e+00,2.236067977499789805e+00,1.341640786499873839e+00,1.788854381999831711e+00,8.944271909999158554e-01,2.236067977499789639e-01,2.236067977499789639e-01,2.236067977499789805e+00,2.683281572999747677e+00,2.236067977499789805e+00,-2.236067977499789639e-01,8.944271909999158554e-01,2.012461179749810647e+00,8.944271909999158554e-01,-2.236067977499789639e-01,-4.472135954999579277e-01,8.944271909999158554e-01,1.341640786499873839e+00,2.236067977499789805e+00,2.459674775249768519e+00,1.565247584249852775e+00,1.341640786499873839e+00,1.341640786499873839e+00,1.341640786499873839e+00,1.341640786499873839e+00,1.788854381999831711e+00,1.565247584249852775e+00,2.459674775249768519e+00,8.944271909999158554e-01,1.118033988749894903e+00,1.341640786499873839e+00,8.944271909999158554e-01,1.341640786499873839e+00,4.472135954999579277e-01,0.000000000000000000e+00,2.236067977499789639e-01,-4.472135954999579277e-01,-1.788854381999831711e+00,-2.683281572999747677e+00,-2.459674775249768519e+00,-2.012461179749810647e+00,-4.919349550499537038e+00,-3.801315561749642136e+00,-4.248529157249600452e+00,-4.248529157249600452e+00,-2.459674775249768519e+00,2.236067977499789639e-01,1.341640786499873839e+00,-6.708203932499369193e-01,2.236067977499789639e-01,-2.012461179749810647e+00,-3.354101966249684263e+00,-2.906888370749726391e+00,-2.459674775249768519e+00,-2.012461179749810647e+00,-6.708203932499369193e-01,-1.788854381999831711e+00,-1.565247584249852775e+00,-1.565247584249852775e+00,-1.118033988749894903e+00,1.788854381999831711e+00,2.236067977499789639e-01,-2.012461179749810647e+00,-2.459674775249768519e+00,-3.801315561749642136e+00,-2.459674775249768519e+00,-1.118033988749894903e+00,1.341640786499873839e+00,-6.708203932499369193e-01,-1.565247584249852775e+00,-2.683281572999747677e+00,-2.459674775249768519e+00,-4.472135954999579277e-01,-6.708203932499369193e-01,-1.788854381999831711e+00,-1.788854381999831711e+00,-1.565247584249852775e+00,-8.944271909999158554e-01,0.000000000000000000e+00,1.565247584249852775e+00,2.236067977499789639e-01,-4.472135954999579277e-01,-8.944271909999158554e-01,-2.683281572999747677e+00,-1.565247584249852775e+00,0.000000000000000000e+00,-1.341640786499873839e+00,-2.906888370749726391e+00,-3.354101966249684263e+00,-4.695742752749557880e+00,-4.248529157249600452e+00,-5.590169943749473624e+00,-4.919349550499537038e+00,-4.248529157249600452e+00,-5.590169943749473624e+00,-6.037383539249431941e+00,-5.142956348249516196e+00,-4.472135954999579610e+00,-4.919349550499537038e+00,-5.813776741499452783e+00,-3.801315561749642136e+00,-3.577708763999663422e+00,-4.248529157249600452e+00,-4.695742752749557880e+00,-3.801315561749642136e+00,-4.472135954999579610e+00,-2.683281572999747677e+00,-8.944271909999158554e-01,-1.118033988749894903e+00,0.000000000000000000e+00,-2.236067977499789639e-01,2.012461179749810647e+00,4.248529157249600452e+00,5.366563145999495354e+00,4.695742752749557880e+00,4.248529157249600452e+00,3.130495168499705549e+00,3.130495168499705549e+00,2.459674775249768519e+00,3.577708763999663422e+00,5.590169943749473624e+00,5.813776741499452783e+00,4.472135954999579610e+00,1.788854381999831711e+00,2.236067977499789639e-01,-1.341640786499873839e+00,-2.459674775249768519e+00,-2.012461179749810647e+00,-1.118033988749894903e+00,-1.341640786499873839e+00,-1.118033988749894903e+00,1.118033988749894903e+00,4.472135954999579277e-01,-1.788854381999831711e+00,-2.683281572999747677e+00,-3.577708763999663422e+00,-3.801315561749642136e+00,-4.248529157249600452e+00,-3.130495168499705549e+00,-2.906888370749726391e+00,-4.472135954999579610e+00,-3.354101966249684263e+00,-1.565247584249852775e+00,-2.683281572999747677e+00,-2.236067977499789805e+00,-1.565247584249852775e+00,-8.944271909999158554e-01,-2.236067977499789639e-01,1.118033988749894903e+00,-6.708203932499369193e-01,-1.788854381999831711e+00,2.236067977499789639e-01,-6.708203932499369193e-01,2.236067977499789639e-01,-1.788854381999831711e+00,-2.012461179749810647e+00,0.000000000000000000e+00,-6.708203932499369193e-01,-1.118033988749894903e+00,-2.236067977499789639e-01,-2.236067977499789639e-01,0.000000000000000000e+00,2.236067977499789639e-01,-2.012461179749810647e+00,-1.118033988749894903e+00,-2.236067977499789805e+00,0.000000000000000000e+00,0.000000000000000000e+00,-4.472135954999579277e-01,6.708203932499369193e-01,8.944271909999158554e-01,1.565247584249852775e+00,8.944271909999158554e-01,1.341640786499873839e+00,2.683281572999747677e+00,1.565247584249852775e+00,3.354101966249684263e+00,1.788854381999831711e+00,1.565247584249852775e+00,2.459674775249768519e+00,1.565247584249852775e+00,2.012461179749810647e+00,8.944271909999158554e-01,2.236067977499789805e+00,4.024922359499621294e+00,0.000000000000000000e+00,6.708203932499369193e-01,1.341640786499873839e+00,-6.708203932499369193e-01,-2.236067977499789805e+00,-1.565247584249852775e+00,-1.788854381999831711e+00,-4.472135954999579277e-01,-2.236067977499789639e-01,-5.142956348249516196e+00,-4.024922359499621294e+00,-4.248529157249600452e+00,-2.906888370749726391e+00,-2.459674775249768519e+00,-1.341640786499873839e+00,-1.341640786499873839e+00,-1.341640786499873839e+00,-1.565247584249852775e+00,-8.944271909999158554e-01,-1.565247584249852775e+00,-1.118033988749894903e+00,-1.565247584249852775e+00,-6.708203932499369193e-01,-2.459674775249768519e+00,-2.683281572999747677e+00,-5.590169943749473624e+00,-4.695742752749557880e+00,-3.801315561749642136e+00,-8.944271909999158554e-01,-1.118033988749894903e+00,-3.354101966249684263e+00,-4.472135954999579610e+00,-5.142956348249516196e+00,-2.906888370749726391e+00,-3.130495168499705549e+00,-2.459674775249768519e+00,-2.459674775249768519e+00,-2.459674775249768519e+00,-3.577708763999663422e+00,-3.577708763999663422e+00,-4.695742752749557880e+00,-4.024922359499621294e+00,-4.024922359499621294e+00
-1.788854381999831711e+00,-2.459674775249768519e+00,-3.354101966249684263e+00,-2.236067977499789805e+00,-2.906888370749726391e+00,-3.130495168499705549e+00,-2.683281572999747677e+00,-2.906888370749726391e+00,-2.906888370749726391e+00,-3.577708763999663422e+00,-5.366563145999495354e+00,-5.366563145999495354e+00,-4.024922359499621294e+00,-3.354101966249684263e+00,-1.118033988749894903e+00,-2.236067977499789805e+00,-2.683281572999747677e+00,-1.788854381999831711e+00,-2.236067977499789805e+00,-2.236067977499789805e+00,-3.130495168499705549e+00,-6.037383539249431941e+00,-3.801315561749642136e+00,-4.919349550499537038e+00,-2.236067977499789805e+00,-1.565247584249852775e+00,-4.472135954999579277e-01,-2.236067977499789639e-01,8.944271909999158554e-01,1.788854381999831711e+00,1.788854381999831711e+00,-8.944271909999158554e-01,-4.472135954999579277e-01,-2.236067977499789639e-01,-4.472135954999579277e-01,-2.236067977499789805e+00,-3.354101966249684263e+00,-4.695742752749557880e+00,-6.484597134749389369e+00,-7.379024325749306001e+00,-7.155417527999326843e+00,-5.366563145999495354e+00,-4.919349550499537038e+00,-3.801315561749642136e+00,-3.801315561749642136e+00,-2.459674775249768519e+00,-2.236067977499789805e+00,-2.459674775249768519e+00,-1.118033988749894903e+00,-6.708203932499369193e-01,-1.118033988749894903e+00,-4.472135954999579277e-01,6.708203932499369193e-01,2.683281572999747677e+00,-1.788854381999831711e+00,-4.472135954999579277e-01,-4.472135954999579277e-01,4.472135954999579277e-01,-4.472135954999579277e-01,-4.472135954999579277e-01,8.944271909999158554e-01,1.565247584249852775e+00,2.459674775249768519e+00,2.906888370749726391e+00,1.788854381999831711e+00,3.577708763999663422e+00,4.472135954999579610e+00,1.788854381999831711e+00,8.944271909999158554e-01,1.341640786499873839e+00,2.683281572999747677e+00,0.000000000000000000e+00,-6.708203932499369193e-01,-8.944271909999158554e-01,-6.708203932499369193e-01,-8.944271909999158554e-01,2.236067977499789639e-01,-1.341640786499873839e+00,-1.118033988749894903e+00,4.472135954999579277e-01,6.708203932499369193e-01,6.708203932499369193e-01,4.472135954999579277e-01,6.708203932499369193e-01,1.118033988749894903e+00,6.708203932499369193e-01,1.565247584249852775e+00,6.708203932499369193e-01,2.236067977499789639e-01,0.000000000000000000e+00,4.472135954999579277e-01,-2.236067977499789639e-01,-1.788854381999831711e+00,-2.683281572999747677e+00,-2.236067977499789805e+00,-5.142956348249516196e+00,-3.130495168499705549e+00,-1.565247584249852775e+00,-6.708203932499369193e-01,-2.236067977499789639e-01,2.012461179749810647e+00,2.459674775249768519e+00,4.248529157249600452e+00,5.366563145999495354e+00,4.919349550499537038e+00,5.813776741499452783e+00,6.931810730249347685e+00,7.602631123499284271e+00,5.142956348249516196e+00,3.577708763999663422e+00,4.024922359499621294e+00,2.683281572999747677e+00,3.577708763999663422e+00,3.130495168499705549e+00,2.683281572999747677e+00,2.236067977499789805e+00,1.118033988749894903e+00,1.341640786499873839e+00,0.000000000000000000e+00,0.000000000000000000e+00,6.708203932499369193e-01,1.565247584249852775e+00,2.236067977499789805e+00,4.472135954999579610e+00,2.906888370749726391e+00,2.012461179749810647e+00,-6.708203932499369193e-01,-1.565247584249852775e+00,-3.577708763999663422e+00,-2.906888370749726391e+00,-4.024922359499621294e+00,-2.906888370749726391e+00,-1.788854381999831711e+00,-6.708203932499369193e-01,-1.341640786499873839e+00,-1.118033988749894903e+00,-2.012461179749810647e+00,4.472135954999579277e-01,6.708203932499369193e-01,6.708203932499369193e-01,3.577708763999663422e+00,2.459674775249768519e+00,1.788854381999831711e+00,2.012461179749810647e+00,2.236067977499789805e+00,1.118033988749894903e+00,1.565247584249852775e+00,8.944271909999158554e-01,6.708203932499369193e-01,-1.788854381999831711e+00,-4.248529157249600452e+00,-4.919349550499537038e+00,-5.590169943749473624e+00,-4.472135954999579610e+00,-8.944271909999158554e-01,-2.906888370749726391e+00,-3.577708763999663422e+00,-2.683281572999747677e+00,-1.788854381999831711e+00,-4.472135954999579610e+00,-2.236067977499789805e+00,-2.906888370749726391e+00,-3.354101966249684263e+00,-4.472135954999579610e+00,-4.695742752749557880e+00,-3.577708763999663422e+00,-1.788854381999831711e+00,-1.788854381999831711e+00,-3.130495168499705549e+00,-2.683281572999747677e+00,-2.012461179749810647e+00,-1.118033988749894903e+00,6.708203932499369193e-01,4.472135954999579277e-01,-4.472135954999579277e-01,6.708203932499369193e-01,-1.565247584249852775e+00,-1.788854381999831711e+00,-2.906888370749726391e+00,-2.459674775249768519e+00,-3.801315561749642136e+00,-5.142956348249516196e+00,-4.024922359499621294e+00,-3.130495168499705549e+00,-2.236067977499789805e+00,-3.577708763999663422e+00,-5.590169943749473624e+00,-5.813776741499452783e+00,-4.472135954999579610e+00,-3.801315561749642136e+00,-3.801315561749642136e+00,-5.366563145999495354e+00,-6.484597134749389369e+00,-5.813776741499452783e+00,-4.695742752749557880e+00,-5.366563145999495354e+00,-5.590169943749473624e+00,-6.260990336999411099e+00,-4.472135954999579610e+00,-3.577708763999663422e+00,-3.354101966249684263e+00,-2.683281572999747677e+00,-2.012461179749810647e+00,-8.944271909999158554e-01,8.944271909999158554e-01,8.944271909999158554e-01,1.788854381999831711e+00,6.708203932499369193e-01,-1.341640786499873839e+00,-2.236067977499789805e+00,-2.683281572999747677e+00,-4.472135954999579277e-01,-1.118033988749894903e+00,-1.118033988749894903e+00,1.565247584249852775e+00,4.472135954999579277e-01,2.012461179749810647e+00,3.130495168499705549e+00,4.248529157249600452e+00,4.472135954999579277e-01,-1.118033988749894903e+00,-2.012461179749810647e+00,2.236067977499789639e-01,-1.341640786499873839e+00,-4.472135954999579277e-01,4.472135954999579277e-01,-4.472135954999579277e-01,-6.708203932499369193e-01,-2.906888370749726391e+00,-2.012461179749810647e+00,-3.577708763999663422e+00,-5.366563145999495354e+00,-4.695742752749557880e+00,-3.354101966249684263e+00,-5.366563145999495354e+00,-5.813776741499452783e+00,-6.931810730249347685e+00,-7.379024325749306001e+00,-6.931810730249347685e+00,-5.142956348249516196e+00,-4.695742752749557880e+00,-4.024922359499621294e+00,-1.565247584249852775e+00,1.118033988749894903e+00,8.944271909999158554e-01,-2.906888370749726391e+00,-2.012461179749810647e+00,-1.788854381999831711e+00,-2.459674775249768519e+00,-1.565247584249852775e+00,-3.801315561749642136e+00,-5.142956348249516196e+00,-5.142956348249516196e+00,-4.024922359499621294e+00,-1.788854381999831711e+00,-2.012461179749810647e+00,-2.459674775249768519e+00,-1.788854381999831711e+00,-1.118033988749894903e+00,-1.565247584249852775e+00,-2.459674775249768519e+00,-3.577708763999663422e+00,-4.695742752749557880e+00,-6.037383539249431941e+00,-5.142956348249516196e+00,-3.354101966249684263e+00,-2.683281572999747677e+00,-2.683281572999747677e+00,-4.024922359499621294e+00,-2.683281572999747677e+00,-2.906888370749726391e+00,-4.472135954999579610e+00,-3.130495168499705549e+00,-2.683281572999747677e+00,-3.130495168499705549e+00,-4.919349550499537038e+00,-4.695742752749557880e+00,-2.012461179749810647e+00,-2.683281572999747677e+00,-3.130495168499705549e+00,-2.012461179749810647e+00,-3.130495168499705549e+00,-3.130495168499705549e+00,-3.130495168499705549e+00,-6.708203932499369193e-01,4.472135954999579277e-01,2.236067977499789805e+00,8.944271909999158554e-01,4.472135954999579277e-01,-2.012461179749810647e+00,-3.130495168499705549e+00,-3.577708763999663422e+00,-4.919349550499537038e+00,-4.248529157249600452e+00,-5.366563145999495354e+00,-3.130495168499705549e+00,-2.906888370749726391e+00,-4.024922359499621294e+00,-4.472135954999579610e+00,-4.472135954999579610e+00,-5.813776741499452783e+00,-6.260990336999411099e+00,-5.590169943749473624e+00,-4.248529157249600452e+00,-5.590169943749473624e+00,-5.813776741499452783e+00,-5.590169943749473624e+00,-4.695742752749557880e+00,-3.130495168499705549e+00,-3.354101966249684263e+00,-2.683281572999747677e+00,-4.919349550499537038e+00,-4.024922359499621294e+00,-3.130495168499705549e+00,-2.906888370749726391e+00,-4.919349550499537038e+00,-3.577708763999663422e+00,-3.577708763999663422e+00,-4.024922359499621294e+00,-1.565247584249852775e+00,-2.236067977499789805e+00,-2.012461179749810647e+00,-4.472135954999579277e-01,-2.236067977499789639e-01,-1.341640786499873839e+00,-6.708203932499369193e-01,-8.944271909999158554e-01,-1.788854381999831711e+00,-1.118033988749894903e+00,2.459674775249768519e+00,2.236067977499789805e+00,0.000000000000000000e+00,4.472135954999579277e-01,2.236067977499789639e-01,-2.012461179749810647e+00,-8.944271909999158554e-01,-4.472135954999579277e-01,-4.472135954999579277e-01,2.236067977499789639e-01,1.341640786499873839e+00,1.341640786499873839e+00,1.788854381999831711e+00,-2.236067977499789639e-01,2.236067977499789639e-01,1.118033988749894903e+00,1.118033988749894903e+00,8.944271909999158554e-01,2.012461179749810647e+00,2.012461179749810647e+00,2.012461179749810647e+00,2.683281572999747677e+00,2.236067977499789805e+00,3.801315561749642136e+00,5.590169943749473624e+00,4.695742752749557880e+00,4.248529157249600452e+00,3.801315561749642136e+00,6.037383539249431941e+00,4.472135954999579610e+00,5.813776741499452783e+00,6.260990336999411099e+00,6.708203932499368527e+00,5.590169943749473624e+00,4.695742752749557880e+00,2.459674775249768519e+00,5.366563145999495354e+00,6.484597134749389369e+00,3.577708763999663422e+00,2.683281572999747677e+00,1.788854381999831711e+00,1.565247584249852775e+00,1.788854381999831711e+00,2.236067977499789805e+00,-8.944271909999158554e-01,-2.012461179749810647e+00,-3.354101966249684263e+00,-2.459674775249768519e+00,-1.118033988749894903e+00,-2.012461179749810647e+00,-2.906888370749726391e+00,-3.577708763999663422e+00,-1.118033988749894903e+00,-2.236067977499789639e-01,0.000000000000000000e+00,1.341640786499873839e+00,6.708203932499369193e-01,-4.472135954999579277e-01,0.000000000000000000e+00,1.788854381999831711e+00,1.341640786499873839e+00,1.565247584249852775e+00,1.788854381999831711e+00,2.236067977499789639e-01,1.565247584249852775e+00,3.130495168499705549e+00,8.944271909999158554e-01,1.118033988749894903e+00,8.944271909999158554e-01,4.472135954999579277e-01,6.708203932499369193e-01,8.944271909999158554e-01,1.341640786499873839e+00,1.341640786499873839e+00,8.944271909999158554e-01,1.788854381999831711e+00,4.024922359499621294e+00,3.130495168499705549e+00,1.341640786499873839e+00,1.788854381999831711e+00,2.906888370749726391e+00,2.012461179749810647e+00,2.236067977499789805e+00,2.683281572999747677e+00,4.919349550499537038e+00,4.472135954999579610e+00,3.577708763999663422e+00,3.130495168499705549e+00,3.354101966249684263e+00,6.484597134749389369e+00,6.931810730249347685e+00,6.037383539249431941e+00,6.260990336999411099e+00,5.590169943749473624e+00,4.695742752749557880e+00,3.354101966249684263e+00,2.459674775249768519e+00,3.130495168499705549e+00,4.472135954999579610e+00,4.248529157249600452e+00,4.248529157249600452e+00,4.919349550499537038e+00,6.931810730249347685e+00,6.484597134749389369e+00,6.260990336999411099e+00,8.497058314499200904e+00,5.366563145999495354e+00,6.037383539249431941e+00,4.695742752749557880e+00,5.590169943749473624e+00,3.577708763999663422e+00,2.459674775249768519e+00,2.236067977499789805e+00,3.130495168499705549e+00,4.248529157249600452e+00,3.130495168499705549e+00,4.472135954999579277e-01,1.788854381999831711e+00,6.708203932499369193e-01,1.118033988749894903e+00,-6.708203932499369193e-01,-1.565247584249852775e+00,-1.341640786499873839e+00,2.236067977499789639e-01,2.683281572999747677e+00,2.012461179749810647e+00,2.012461179749810647e+00,3.354101966249684263e+00,4.919349550499537038e+00,6.708203932499368527e+00,6.260990336999411099e+00,7.155417527999326843e+00,5.366563145999495354e+00,5.813776741499452783e+00,5.813776741499452783e+00,3.354101966249684263e+00,2.906888370749726391e+00,4.024922359499621294e+00,2.459674775249768519e+00,2.683281572999747677e+00,4.472135954999579277e-01,4.472135954999579277e-01,1.118033988749894903e+00,3.130495168499705549e+00,2.459674775249768519e+00,6.708203932499369193e-01,6.708203932499369193e-01,1.118033988749894903e+00,-1.565247584249852775e+00,-1.341640786499873839e+00,-2.236067977499789805e+00,-3.130495168499705549e+00,-2.012461179749810647e+00,-2.906888370749726391e+00,-4.472135954999579277e-01,0.000000000000000000e+00,-8.944271909999158554e-01,-1.118033988749894903e+00,4.472135954999579277e-01,2.236067977499789639e-01,1.341640786499873839e+00,3.130495168499705549e+00,2.683281572999747677e+00,2.236067977499789805e+00,1.118033988749894903e+00,0.000000000000000000e+00,0.000000000000000000e+00,-6.708203932499369193e-01,-4.472135954999579277e-01,-4.472135954999579277e-01,-2.906888370749726391e+00
-2.012461179749810647e+00,-2.459674775249768519e+00,-8.944271909999158554e-01,0.000000000000000000e+00,6.708203932499369193e-01,3.577708763999663422e+00,5.590169943749473624e+00,5.366563145999495354e+00,3.130495168499705549e+00,5.590169943749473624e+00,4.695742752749557880e+00,5.142956348249516196e+00,4.919349550499537038e+00,4.024922359499621294e+00,4.472135954999579610e+00,4.472135954999579610e+00,4.472135954999579610e+00,3.801315561749642136e+00,2.236067977499789805e+00,1.118033988749894903e+00,-8.944271909999158554e-01,8.944271909999158554e-01,-4.472135954999579277e-01,-3.130495168499705549e+00,-3.130495168499705549e+00,-4.919349550499537038e+00,-7.155417527999326843e+00,-7.602631123499284271e+00,-7.155417527999326843e+00,-6.484597134749389369e+00,-6.708203932499368527e+00,-4.248529157249600452e+00,-2.236067977499789805e+00,-8.944271909999158554e-01,-1.788854381999831711e+00,-1.565247584249852775e+00,-2.683281572999747677e+00,-2.683281572999747677e+00,-2.683281572999747677e+00,-1.118033988749894903e+00,-6.708203932499369193e-01,-4.472135954999579277e-01,-6.708203932499369193e-01,0.000000000000000000e+00,1.118033988749894903e+00,1.118033988749894903e+00,2.459674775249768519e+00,2.236067977499789805e+00,2.459674775249768519e+00,2.012461179749810647e+00,2.012461179749810647e+00,1.565247584249852775e+00,2.683281572999747677e+00,2.459674775249768519e+00,2.906888370749726391e+00,2.906888370749726391e+00,6.708203932499369193e-01,-1.341640786499873839e+00,4.472135954999579277e-01,4.472135954999579277e-01,4.472135954999579277e-01,6.708203932499369193e-01,8.944271909999158554e-01,1.341640786499873839e+00,1.565247584249852775e+00,2.236067977499789639e-01,0.000000000000000000e+00,4.472135954999579277e-01,1.341640786499873839e+00,8.944271909999158554e-01,1.341640786499873839e+00,-2.236067977499789639e-01,1.341640786499873839e+00,8.944271909999158554e-01,2.459674775249768519e+00,8.944271909999158554e-01,-1.118033988749894903e+00,-4.248529157249600452e+00,-2.236067977499789805e+00,4.472135954999579277e-01,-1.118033988749894903e+00,-2.236067977499789805e+00,-3.801315561749642136e+00,-4.024922359499621294e+00,-4.024922359499621294e+00,-2.459674775249768519e+00,-2.459674775249768519e+00,-6.708203932499369193e-01,-4.472135954999579277e-01,-2.459674775249768519e+00,-1.788854381999831711e+00,-1.788854381999831711e+00,-1.565247584249852775e+00,-1.341640786499873839e+00,-2.012461179749810647e+00,-1.341640786499873839e+00,2.236067977499789639e-01,6.708203932499369193e-01,1.788854381999831711e+00,2.906888370749726391e+00,2.906888370749726391e+00,3.801315561749642136e+00,4.695742752749557880e+00,3.801315561749642136e+00,1.788854381999831711e+00,1.788854381999831711e+00,6.708203932499369193e-01,-8.944271909999158554e-01,2.236067977499789805e+00,-8.944271909999158554e-01,4.472135954999579277e-01,2.012461179749810647e+00,1.788854381999831711e+00,0.000000000000000000e+00,-1.565247584249852775e+00,-2.459674775249768519e+00,-2.236067977499789639e-01,2.236067977499789639e-01,-1.341640786499873839e+00,-2.236067977499789639e-01,-1.118033988749894903e+00,-2.236067977499789639e-01,-2.236067977499789639e-01,2.236067977499789639e-01,-6.708203932499369193e-01,-2.683281572999747677e+00,-1.118033988749894903e+00,-8.944271909999158554e-01,-1.565247584249852775e+00,-1.341640786499873839e+00,-1.341640786499873839e+00,-2.012461179749810647e+00,-2.012461179749810647e+00,-2.236067977499789805e+00,-2.459674775249768519e+00,-2.236067977499789805e+00,-2.906888370749726391e+00,-4.919349550499537038e+00,-2.459674775249768519e+00,-1.788854381999831711e+00,-3.577708763999663422e+00,-1.565247584249852775e+00,-1.341640786499873839e+00,-1.118033988749894903e+00,-2.459674775249768519e+00,-1.118033988749894903e+00,-1.341640786499873839e+00,-1.341640786499873839e+00,-1.565247584249852775e+00,2.236067977499789639e-01,2.906888370749726391e+00,1.788854381999831711e+00,1.565247584249852775e+00,1.788854381999831711e+00,0.000000000000000000e+00,1.118033988749894903e+00,-2.236067977499789639e-01,2.236067977499789805e+00,2.012461179749810647e+00,1.341640786499873839e+00,1.118033988749894903e+00,1.341640786499873839e+00,1.565247584249852775e+00,1.341640786499873839e+00,4.024922359499621294e+00,5.813776741499452783e+00,4.695742752749557880e+00,4.695742752749557880e+00,4.472135954999579610e+00,3.577708763999663422e+00,3.130495168499705549e+00,3.801315561749642136e+00,4.472135954999579610e+00,1.788854381999831711e+00,2.236067977499789639e-01,-8.944271909999158554e-01,-2.012461179749810647e+00,-2.012461179749810647e+00,-1.118033988749894903e+00,-2.012461179749810647e+00,6.708203932499369193e-01,2.012461179749810647e+00,2.012461179749810647e+00,4.472135954999579277e-01,2.012461179749810647e+00,2.236067977499789639e-01,1.565247584249852775e+00,4.472135954999579277e-01,-4.472135954999579277e-01,8.944271909999158554e-01,-2.236067977499789639e-01,6.708203932499369193e-01,1.788854381999831711e+00,1.341640786499873839e+00,3.354101966249684263e+00,4.695742752749557880e+00,2.459674775249768519e+00,1.788854381999831711e+00,3.130495168499705549e+00,1.788854381999831711e+00,-8.944271909999158554e-01,6.708203932499369193e-01,0.000000000000000000e+00,-8.944271909999158554e-01,1.788854381999831711e+00,2.683281572999747677e+00,2.683281572999747677e+00,5.366563145999495354e+00,4.472135954999579610e+00,4.248529157249600452e+00,3.577708763999663422e+00,3.354101966249684263e+00,2.683281572999747677e+00,3.801315561749642136e+00,4.695742752749557880e+00,6.037383539249431941e+00,5.142956348249516196e+00,4.024922359499621294e+00,2.683281572999747677e+00,3.801315561749642136e+00,3.354101966249684263e+00,2.459674775249768519e+00,2.012461179749810647e+00,3.354101966249684263e+00,1.565247584249852775e+00,6.708203932499369193e-01,-4.472135954999579277e-01,-1.341640786499873839e+00,-1.118033988749894903e+00,-2.236067977499789805e+00,-1.341640786499873839e+00,-1.788854381999831711e+00,-1.118033988749894903e+00,-6.708203932499369193e-01,-1.341640786499873839e+00,-6.708203932499369193e-01,-6.708203932499369193e-01,-2.236067977499789639e-01,-1.118033988749894903e+00,1.788854381999831711e+00,1.341640786499873839e+00,1.341640786499873839e+00,2.683281572999747677e+00,6.037383539249431941e+00,7.602631123499284271e+00,5.590169943749473624e+00,7.826237921249263430e+00,6.484597134749389369e+00,6.931810730249347685e+00,6.260990336999411099e+00,6.931810730249347685e+00,6.931810730249347685e+00,8.273451516749220858e+00,8.497058314499200904e+00,8.049844718999242588e+00,8.049844718999242588e+00,7.602631123499284271e+00,6.484597134749389369e+00,7.155417527999326843e+00,5.142956348249516196e+00,5.590169943749473624e+00,4.024922359499621294e+00,5.813776741499452783e+00,7.602631123499284271e+00,6.708203932499368527e+00,6.484597134749389369e+00,3.577708763999663422e+00,3.354101966249684263e+00,3.801315561749642136e+00,2.906888370749726391e+00,2.236067977499789639e-01,8.944271909999158554e-01,2.012461179749810647e+00,1.788854381999831711e+00,4.472135954999579277e-01,1.788854381999831711e+00,1.118033988749894903e+00,1.788854381999831711e+00,4.472135954999579277e-01,1.565247584249852775e+00,1.341640786499873839e+00,8.944271909999158554e-01,2.236067977499789805e+00,1.341640786499873839e+00,8.944271909999158554e-01,6.708203932499369193e-01,8.944271909999158554e-01,2.683281572999747677e+00,2.683281572999747677e+00,1.118033988749894903e+00,2.236067977499789805e+00,3.801315561749642136e+00,4.248529157249600452e+00,5.590169943749473624e+00,6.708203932499368527e+00,5.813776741499452783e+00,3.354101966249684263e+00,3.354101966249684263e+00,1.118033988749894903e+00,1.565247584249852775e+00,8.944271909999158554e-01,1.118033988749894903e+00,2.459674775249768519e+00,3.801315561749642136e+00,5.813776741499452783e+00,4.695742752749557880e+00,5.813776741499452783e+00,8.497058314499200904e+00,7.379024325749306001e+00,7.155417527999326843e+00,4.024922359499621294e+00,4.248529157249600452e+00,4.024922359499621294e+00,5.590169943749473624e+00,5.813776741499452783e+00,6.260990336999411099e+00,5.813776741499452783e+00,7.826237921249263430e+00,7.379024325749306001e+00,6.931810730249347685e+00,6.260990336999411099e+00,5.590169943749473624e+00,3.801315561749642136e+00,2.683281572999747677e+00,4.695742752749557880e+00,2.906888370749726391e+00,4.472135954999579610e+00,3.801315561749642136e+00,2.012461179749810647e+00,3.130495168499705549e+00,2.012461179749810647e+00,4.248529157249600452e+00,1.788854381999831711e+00,4.472135954999579277e-01,2.236067977499789639e-01,2.236067977499789639e-01,-1.341640786499873839e+00,-1.118033988749894903e+00,-2.012461179749810647e+00,-2.459674775249768519e+00,-2.459674775249768519e+00,-3.801315561749642136e+00,-3.354101966249684263e+00,-3.130495168499705549e+00,-4.248529157249600452e+00,-4.695742752749557880e+00,-5.813776741499452783e+00,-4.695742752749557880e+00,-5.813776741499452783e+00,-6.484597134749389369e+00,-6.260990336999411099e+00,-4.695742752749557880e+00,-4.024922359499621294e+00,-4.024922359499621294e+00,-4.919349550499537038e+00,-4.695742752749557880e+00,-4.695742752749557880e+00,-1.565247584249852775e+00,-1.118033988749894903e+00,-2.683281572999747677e+00,-2.012461179749810647e+00,-2.236067977499789639e-01,1.118033988749894903e+00,1.788854381999831711e+00,4.472135954999579277e-01,-6.708203932499369193e-01,-2.236067977499789639e-01,2.012461179749810647e+00,2.459674775249768519e+00,3.354101966249684263e+00,4.248529157249600452e+00,4.695742752749557880e+00,5.142956348249516196e+00,3.354101966249684263e+00,3.354101966249684263e+00,3.801315561749642136e+00,3.354101966249684263e+00,3.801315561749642136e+00,3.130495168499705549e+00,4.248529157249600452e+00,4.695742752749557880e+00,5.142956348249516196e+00,4.248529157249600452e+00,5.366563145999495354e+00,6.484597134749389369e+00,7.379024325749306001e+00,6.931810730249347685e+00,5.142956348249516196e+00,4.919349550499537038e+00,3.801315561749642136e+00,4.024922359499621294e+00,3.801315561749642136e+00,2.683281572999747677e+00,3.577708763999663422e+00,3.354101966249684263e+00,4.024922359499621294e+00,5.590169943749473624e+00,5.366563145999495354e+00,5.590169943749473624e+00,5.142956348249516196e+00,4.695742752749557880e+00,4.472135954999579610e+00,4.695742752749557880e+00,4.248529157249600452e+00,5.142956348249516196e+00,4.695742752749557880e+00,2.906888370749726391e+00,4.024922359499621294e+00,4.695742752749557880e+00,3.577708763999663422e+00,1.788854381999831711e+00,1.118033988749894903e+00,-8.944271909999158554e-01,1.565247584249852775e+00,-4.472135954999579277e-01,-1.565247584249852775e+00,-1.118033988749894903e+00,-4.472135954999579610e+00,-2.683281572999747677e+00,-1.565247584249852775e+00,-1.341640786499873839e+00,-1.118033988749894903e+00,-8.944271909999158554e-01,-1.118033988749894903e+00,-4.472135954999579277e-01,2.236067977499789639e-01,-4.472135954999579277e-01,8.944271909999158554e-01,1.788854381999831711e+00,1.565247584249852775e+00,4.472135954999579277e-01,1.565247584249852775e+00,8.944271909999158554e-01,-1.341640786499873839e+00,-1.788854381999831711e+00,1.341640786499873839e+00,2.236067977499789639e-01,1.118033988749894903e+00,2.459674775249768519e+00,1.118033988749894903e+00,8.944271909999158554e-01,2.459674775249768519e+00,2.012461179749810647e+00,2.459674775249768519e+00,4.472135954999579610e+00,3.801315561749642136e+00,1.788854381999831711e+00,1.565247584249852775e+00,1.565247584249852775e+00,8.944271909999158554e-01,1.788854381999831711e+00,0.000000000000000000e+00,8.944271909999158554e-01,2.236067977499789639e-01,-2.236067977499789639e-01,-2.236067977499789639e-01,0.000000000000000000e+00,-4.472135954999579277e-01,-1.788854381999831711e+00,-1.788854381999831711e+00,-1.788854381999831711e+00,-3.130495168499705549e+00,-3.577708763999663422e+00,-3.801315561749642136e+00,-5.366563145999495354e+00,-5.142956348249516196e+00,-4.695742752749557880e+00,-4.248529157249600452e+00,-4.248529157249600452e+00,-4.024922359499621294e+00,-4.695742752749557880e+00,-3.577708763999663422e+00,-3.801315561749642136e+00,-3.354101966249684263e+00,-2.459674775249768519e+00,-3.577708763999663422e+00,-3.130495168499705549e+00,-4.024922359499621294e+00,-5.590169943749473624e+00,-3.801315561749642136e+00,-2.683281572999747677e+00,-8.944271909999158554e-01,-4.472135954999579277e-01,-6.708203932499369193e-01,-1.118033988749894903e+00,-3.801315561749642136e+00,-2.012461179749810647e+00,-1.565247584249852775e+00,-2.236067977499789805e+00,-2.683281572999747677e+00,-2.236067977499789805e+00,-2.012461179749810647e+00,-2.683281572999747677e+00,-2.012461179749810647e+00,-1.341640786499873839e+00,-2.236067977499789805e+00,-2.906888370749726391e+00,-8.944271909999158554e-01,-6.708203932499369193e-01,-8.944271909999158554e-01
-1.788854381999831711e+00,-6.708203932499369193e-01,2.236067977499789639e-01,4.472135954999579277e-01,2.236067977499789639e-01,0.000000000000000000e+00,-8.944271909999158554e-01,4.472135954999579277e-01,6.708203932499369193e-01,6.708203932499369193e-01,-6.708203932499369193e-01,-1.118033988749894903e+00,0.000000000000000000e+00,-8.944271909999158554e-01,0.000000000000000000e+00,-2.236067977499789639e-01,4.472135954999579277e-01,4.472135954999579277e-01,0.000000000000000000e+00,-1.341640786499873839e+00,-2.236067977499789639e-01,-8.944271909999158554e-01,-1.118033988749894903e+00,-8.944271909999158554e-01,-2.236067977499789805e+00,-3.130495168499705549e+00,-1.118033988749894903e+00,1.788854381999831711e+00,0.000000000000000000e+00,-2.236067977499789639e-01,0.000000000000000000e+00,4.472135954999579277e-01,4.472135954999579277e-01,-4.472135954999579277e-01,1.118033988749894903e+00,2.236067977499789639e-01,4.472135954999579277e-01,2.459674775249768519e+00,1.341640786499873839e+00,-4.472135954999579277e-01,0.000000000000000000e+00,-1.341640786499873839e+00,-2.906888370749726391e+00,-3.354101966249684263e+00,-4.695742752749557880e+00,-3.577708763999663422e+00,-1.565247584249852775e+00,-2.459674775249768519e+00,-4.472135954999579277e-01,-1.788854381999831711e+00,-1.341640786499873839e+00,-3.130495168499705549e+00,-2.012461179749810647e+00,-2.236067977499789805e+00,-1.565247584249852775e+00,-1.118033988749894903e+00,-4.472135954999579277e-01,0.000000000000000000e+00,2.236067977499789639e-01,4.472135954999579277e-01,-1.341640786499873839e+00,-8.944271909999158554e-01,8.944271909999158554e-01,1.565247584249852775e+00,-4.472135954999579277e-01,-2.683281572999747677e+00,-2.012461179749810647e+00,-1.565247584249852775e+00,-1.788854381999831711e+00,-4.024922359499621294e+00,-4.024922359499621294e+00,-1.341640786499873839e+00,-1.788854381999831711e+00,-8.944271909999158554e-01,-4.472135954999579277e-01,-8.944271909999158554e-01,-2.459674775249768519e+00,-8.944271909999158554e-01,0.000000000000000000e+00,-1.341640786499873839e+00,-1.565247584249852775e+00,-2.236067977499789639e-01,8.944271909999158554e-01,0.000000000000000000e+00,8.944271909999158554e-01,4.472135954999579277e-01,0.000000000000000000e+00,1.341640786499873839e+00,2.236067977499789639e-01,2.236067977499789639e-01,6.708203932499369193e-01,8.944271909999158554e-01,2.236067977499789639e-01,-2.683281572999747677e+00,-1.118033988749894903e+00,-2.236067977499789805e+00,-4.472135954999579610e+00,-5.366563145999495354e+00,-4.919349550499537038e+00,-3.801315561749642136e+00,-4.024922359499621294e+00,-2.906888370749726391e+00,-1.341640786499873839e+00,-2.236067977499789639e-01,-1.118033988749894903e+00,-4.472135954999579277e-01,-8.944271909999158554e-01,-6.708203932499369193e-01,0.000000000000000000e+00,2.236067977499789639e-01,-4.472135954999579277e-01,2.236067977499789639e-01,1.118033988749894903e+00,1.565247584249852775e+00,2.906888370749726391e+00,4.248529157249600452e+00,5.142956348249516196e+00,6.037383539249431941e+00,5.366563145999495354e+00,5.813776741499452783e+00,7.602631123499284271e+00,6.931810730249347685e+00,4.472135954999579610e+00,3.130495168499705549e+00,2.683281572999747677e+00,3.577708763999663422e+00,3.354101966249684263e+00,3.354101966249684263e+00,3.354101966249684263e+00,1.565247584249852775e+00,2.012461179749810647e+00,3.354101966249684263e+00,2.236067977499789805e+00,0.000000000000000000e+00,0.000000000000000000e+00,-4.472135954999579277e-01,2.236067977499789639e-01,0.000000000000000000e+00,4.472135954999579277e-01,-4.472135954999579277e-01,-6.708203932499369193e-01,2.236067977499789639e-01,-1.788854381999831711e+00,-2.236067977499789805e+00,-1.788854381999831711e+00,-2.236067977499789805e+00,-8.944271909999158554e-01,-1.788854381999831711e+00,-2.012461179749810647e+00,-1.788854381999831711e+00,-6.708203932499369193e-01,-8.944271909999158554e-01,6.708203932499369193e-01,2.012461179749810647e+00,3.801315561749642136e+00,4.248529157249600452e+00,4.695742752749557880e+00,4.024922359499621294e+00,3.354101966249684263e+00,4.919349550499537038e+00,3.130495168499705549e+00,2.459674775249768519e+00,1.565247584249852775e+00,6.708203932499369193e-01,1.341640786499873839e+00,3.130495168499705549e+00,3.577708763999663422e+00,2.906888370749726391e+00,3.354101966249684263e+00,3.130495168499705549e+00,3.801315561749642136e+00,3.354101966249684263e+00,3.354101966249684263e+00,1.341640786499873839e+00,1.565247584249852775e+00,-2.236067977499789639e-01,1.341640786499873839e+00,1.341640786499873839e+00,2.683281572999747677e+00,2.236067977499789805e+00,2.906888370749726391e+00,2.012461179749810647e+00,-6.708203932499369193e-01,-2.012461179749810647e+00,-6.708203932499369193e-01,0.000000000000000000e+00,8.944271909999158554e-01,-4.472135954999579277e-01,4.472135954999579277e-01,-8.944271909999158554e-01,-1.565247584249852775e+00,-2.683281572999747677e+00,-6.708203932499369193e-01,-4.472135954999579277e-01,2.236067977499789639e-01,-2.236067977499789639e-01,-2.236067977499789639e-01,-4.472135954999579277e-01,4.472135954999579277e-01,4.472135954999579277e-01,3.130495168499705549e+00,3.577708763999663422e+00,4.248529157249600452e+00,4.919349550499537038e+00,5.366563145999495354e+00,5.366563145999495354e+00,4.919349550499537038e+00,6.931810730249347685e+00,5.813776741499452783e+00,5.590169943749473624e+00,5.590169943749473624e+00,4.248529157249600452e+00,3.577708763999663422e+00,5.366563145999495354e+00,5.590169943749473624e+00,7.602631123499284271e+00,8.944271909999159220e+00,8.944271909999159220e+00,6.037383539249431941e+00,7.826237921249263430e+00,6.260990336999411099e+00,7.155417527999326843e+00,6.037383539249431941e+00,4.695742752749557880e+00,4.248529157249600452e+00,4.024922359499621294e+00,5.590169943749473624e+00,3.801315561749642136e+00,4.919349550499537038e+00,5.590169943749473624e+00,5.590169943749473624e+00,3.577708763999663422e+00,2.236067977499789639e-01,-1.118033988749894903e+00,2.236067977499789639e-01,2.012461179749810647e+00,2.459674775249768519e+00,2.459674775249768519e+00,3.577708763999663422e+00,4.695742752749557880e+00,3.130495168499705549e+00,2.459674775249768519e+00,2.683281572999747677e+00,3.577708763999663422e+00,4.024922359499621294e+00,4.024922359499621294e+00,5.142956348249516196e+00,4.472135954999579610e+00,3.577708763999663422e+00,5.142956348249516196e+00,5.142956348249516196e+00,4.472135954999579610e+00,4.024922359499621294e+00,5.142956348249516196e+00,3.130495168499705549e+00,3.801315561749642136e+00,3.130495168499705549e+00,2.236067977499789805e+00,6.708203932499369193e-01,-8.944271909999158554e-01,-4.472135954999579277e-01,1.565247584249852775e+00,2.906888370749726391e+00,3.577708763999663422e+00,6.037383539249431941e+00,3.801315561749642136e+00,3.130495168499705549e+00,4.248529157249600452e+00,5.142956348249516196e+00,4.472135954999579610e+00,3.130495168499705549e+00,3.354101966249684263e+00,2.236067977499789805e+00,6.708203932499369193e-01,-1.565247584249852775e+00,-8.944271909999158554e-01,1.341640786499873839e+00,-2.236067977499789639e-01,-4.472135954999579277e-01,0.000000000000000000e+00,0.000000000000000000e+00,-1.341640786499873839e+00,-1.788854381999831711e+00,-4.472135954999579277e-01,-1.118033988749894903e+00,-1.341640786499873839e+00,-2.236067977499789805e+00,-1.788854381999831711e+00,-1.565247584249852775e+00,-1.788854381999831711e+00,-6.484597134749389369e+00,-8.944271909999159220e+00,-7.826237921249263430e+00,-8.273451516749220858e+00,-8.273451516749220858e+00,-7.155417527999326843e+00,-6.931810730249347685e+00,-4.472135954999579610e+00,-2.683281572999747677e+00,-4.919349550499537038e+00,-4.472135954999579610e+00,-2.906888370749726391e+00,-1.788854381999831711e+00,-4.919349550499537038e+00,-4.919349550499537038e+00,-6.708203932499368527e+00,-6.037383539249431941e+00,-4.248529157249600452e+00,-4.919349550499537038e+00,-4.248529157249600452e+00,-3.577708763999663422e+00,-8.944271909999158554e-01,-1.341640786499873839e+00,-2.236067977499789639e-01,6.708203932499369193e-01,8.944271909999158554e-01,2.236067977499789639e-01,-1.341640786499873839e+00,-2.236067977499789639e-01,4.472135954999579277e-01,2.236067977499789639e-01,4.472135954999579277e-01,0.000000000000000000e+00,-8.944271909999158554e-01,6.708203932499369193e-01,-4.472135954999579277e-01,-2.236067977499789639e-01,4.472135954999579277e-01,6.708203932499369193e-01,2.236067977499789639e-01,-1.341640786499873839e+00,2.236067977499789639e-01,-4.472135954999579277e-01,0.000000000000000000e+00,-1.118033988749894903e+00,3.130495168499705549e+00,3.354101966249684263e+00,2.236067977499789639e-01,2.236067977499789639e-01,2.683281572999747677e+00,2.459674775249768519e+00,2.459674775249768519e+00,3.801315561749642136e+00,4.472135954999579610e+00,3.801315561749642136e+00,4.695742752749557880e+00,5.366563145999495354e+00,5.142956348249516196e+00,6.260990336999411099e+00,4.695742752749557880e+00,4.919349550499537038e+00,4.472135954999579610e+00,2.012461179749810647e+00,3.577708763999663422e+00,5.142956348249516196e+00,3.577708763999663422e+00,5.366563145999495354e+00,3.130495168499705549e+00,2.683281572999747677e+00,1.565247584249852775e+00,1.118033988749894903e+00,2.012461179749810647e+00,2.236067977499789805e+00,2.236067977499789805e+00,1.118033988749894903e+00,2.459674775249768519e+00,2.012461179749810647e+00,1.788854381999831711e+00,1.788854381999831711e+00,1.788854381999831711e+00,1.565247584249852775e+00,6.708203932499369193e-01,2.459674775249768519e+00,1.341640786499873839e+00,4.472135954999579277e-01,-4.472135954999579277e-01,6.708203932499369193e-01,2.236067977499789805e+00,1.788854381999831711e+00,2.683281572999747677e+00,2.683281572999747677e+00,1.788854381999831711e+00,-1.118033988749894903e+00,-4.472135954999579277e-01,-2.012461179749810647e+00,4.472135954999579277e-01,6.708203932499369193e-01,2.236067977499789805e+00,1.341640786499873839e+00,4.472135954999579277e-01,1.118033988749894903e+00,1.341640786499873839e+00,2.459674775249768519e+00,3.354101966249684263e+00,2.683281572999747677e+00,3.801315561749642136e+00,4.919349550499537038e+00,4.919349550499537038e+00,2.683281572999747677e+00,4.248529157249600452e+00,4.695742752749557880e+00,5.142956348249516196e+00,6.708203932499368527e+00,4.472135954999579610e+00,3.354101966249684263e+00,3.801315561749642136e+00,3.130495168499705549e+00,2.012461179749810647e+00,4.248529157249600452e+00,4.472135954999579610e+00,4.472135954999579610e+00,5.813776741499452783e+00,4.472135954999579610e+00,3.801315561749642136e+00,4.919349550499537038e+00,4.695742752749557880e+00,4.248529157249600452e+00,2.683281572999747677e+00,4.024922359499621294e+00,3.577708763999663422e+00,4.919349550499537038e+00,6.931810730249347685e+00,6.708203932499368527e+00,5.366563145999495354e+00,4.024922359499621294e+00,3.354101966249684263e+00,3.577708763999663422e+00,2.012461179749810647e+00,1.788854381999831711e+00,2.012461179749810647e+00,8.944271909999158554e-01,1.341640786499873839e+00,6.708203932499369193e-01,-2.012461179749810647e+00,-1.118033988749894903e+00,-1.565247584249852775e+00,-1.788854381999831711e+00,-1.341640786499873839e+00,-6.708203932499369193e-01,-8.944271909999158554e-01,2.236067977499789639e-01,1.118033988749894903e+00,-8.944271909999158554e-01,-2.683281572999747677e+00,-1.341640786499873839e+00,-1.788854381999831711e+00,-1.341640786499873839e+00,-1.565247584249852775e+00,2.236067977499789639e-01,4.472135954999579277e-01,0.000000000000000000e+00,4.472135954999579277e-01,8.944271909999158554e-01,6.708203932499369193e-01,-6.708203932499369193e-01,-2.012461179749810647e+00,-1.565247584249852775e+00,6.708203932499369193e-01,3.801315561749642136e+00,2.236067977499789805e+00,2.906888370749726391e+00,2.683281572999747677e+00,1.341640786499873839e+00,2.459674775249768519e+00,2.683281572999747677e+00,2.236067977499789805e+00,4.248529157249600452e+00,5.142956348249516196e+00,4.919349550499537038e+00,4.695742752749557880e+00,6.260990336999411099e+00,5.590169943749473624e+00,7.379024325749306001e+00,7.826237921249263430e+00,9.838699100999074076e+00,1.050951949424901066e+01,9.167878707749137490e+00,9.167878707749137490e+00,7.155417527999326843e+00,5.813776741499452783e+00,6.484597134749389369e+00,5.142956348249516196e+00,5.366563145999495354e+00,5.813776741499452783e+00,7.379024325749306001e+00,6.037383539249431941e+00,6.260990336999411099e+00,6.037383539249431941e+00,5.590169943749473624e+00,5.366563145999495354e+00,5.366563145999495354e+00,6.037383539249431941e+00,4.024922359499621294e+00,4.919349550499537038e+00,5.142956348249516196e+00,6.484597134749389369e+00,5.813776741499452783e+00,5.366563145999495354e+00,5.142956348249516196e+00,3.130495168499705549e+00
5.813776741499452783e+00,6.260990336999411099e+00,6.484597134749389369e+00,6.037383539249431941e+00,4.248529157249600452e+00,2.459674775249768519e+00,3.577708763999663422e+00,4.024922359499621294e+00,3.577708763999663422e+00,3.354101966249684263e+00,5.813776741499452783e+00,6.037383539249431941e+00,4.472135954999579610e+00,5.142956348249516196e+00,6.260990336999411099e+00,4.472135954999579610e+00,3.354101966249684263e+00,4.248529157249600452e+00,2.906888370749726391e+00,2.906888370749726391e+00,2.683281572999747677e+00,2.683281572999747677e+00,2.012461179749810647e+00,3.801315561749642136e+00,3.577708763999663422e+00,4.472135954999579610e+00,2.906888370749726391e+00,-2.236067977499789639e-01,-4.472135954999579277e-01,-2.906888370749726391e+00,-4.024922359499621294e+00,-3.130495168499705549e+00,-4.248529157249600452e+00,-4.919349550499537038e+00,-4.248529157249600452e+00,-4.024922359499621294e+00,-4.248529157249600452e+00,-2.906888370749726391e+00,-2.236067977499789805e+00,-1.788854381999831711e+00,-1.341640786499873839e+00,-2.683281572999747677e+00,-2.683281572999747677e+00,-4.024922359499621294e+00,-1.565247584249852775e+00,-1.565247584249852775e+00,-2.236067977499789805e+00,-3.130495168499705549e+00,-4.248529157249600452e+00,-2.683281572999747677e+00,-1.118033988749894903e+00,-8.944271909999158554e-01,-6.708203932499369193e-01,-2.236067977499789639e-01,-6.708203932499369193e-01,2.236067977499789805e+00,1.788854381999831711e+00,2.906888370749726391e+00,5.590169943749473624e+00,6.484597134749389369e+00,5.813776741499452783e+00,5.142956348249516196e+00,4.024922359499621294e+00,6.037383539249431941e+00,4.919349550499537038e+00,2.236067977499789805e+00,2.236067977499789805e+00,4.695742752749557880e+00,5.142956348249516196e+00,4.472135954999579610e+00,5.366563145999495354e+00,4.695742752749557880e+00,2.236067977499789805e+00,5.142956348249516196e+00,5.813776741499452783e+00,5.813776741499452783e+00,4.472135954999579610e+00,6.037383539249431941e+00,6.708203932499368527e+00,7.379024325749306001e+00,6.931810730249347685e+00,7.155417527999326843e+00,9.391485505499115760e+00,7.379024325749306001e+00,5.366563145999495354e+00,4.919349550499537038e+00,5.366563145999495354e+00,5.813776741499452783e+00,4.919349550499537038e+00,4.248529157249600452e+00,5.142956348249516196e+00,5.142956348249516196e+00,3.801315561749642136e+00,2.683281572999747677e+00,2.236067977499789639e-01,0.000000000000000000e+00,2.236067977499789639e-01,8.944271909999158554e-01,6.708203932499369193e-01,-1.565247584249852775e+00,-2.236067977499789805e+00,-8.944271909999158554e-01,2.236067977499789639e-01,-2.459674775249768519e+00,-2.683281572999747677e+00,-1.565247584249852775e+00,-1.565247584249852775e+00,-8.944271909999158554e-01,-1.118033988749894903e+00,-2.012461179749810647e+00,-2.906888370749726391e+00,-2.012461179749810647e+00,-3.130495168499705549e+00,-2.012461179749810647e+00,-1.565247584249852775e+00,0.000000000000000000e+00,2.236067977499789639e-01,8.944271909999158554e-01,-2.236067977499789639e-01,-6.708203932499369193e-01,2.236067977499789639e-01,4.472135954999579277e-01,-6.708203932499369193e-01,2.236067977499789639e-01,-1.341640786499873839e+00,-2.012461179749810647e+00,-2.236067977499789805e+00,-1.565247584249852775e+00,-6.708203932499369193e-01,-2.236067977499789639e-01,-8.944271909999158554e-01,1.565247584249852775e+00,1.565247584249852775e+00,3.354101966249684263e+00,2.459674775249768519e+00,2.906888370749726391e+00,2.012461179749810647e+00,2.459674775249768519e+00,1.565247584249852775e+00,4.472135954999579277e-01,2.236067977499789639e-01,2.906888370749726391e+00,4.248529157249600452e+00,6.484597134749389369e+00,5.142956348249516196e+00,4.695742752749557880e+00,2.683281572999747677e+00,1.788854381999831711e+00,3.130495168499705549e+00,4.248529157249600452e+00,4.024922359499621294e+00,3.801315561749642136e+00,3.577708763999663422e+00,2.906888370749726391e+00,5.366563145999495354e+00,3.801315561749642136e+00,4.024922359499621294e+00,5.590169943749473624e+00,6.260990336999411099e+00,5.366563145999495354e+00,5.142956348249516196e+00,4.695742752749557880e+00,2.012461179749810647e+00,2.236067977499789805e+00,-1.341640786499873839e+00,-4.472135954999579277e-01,0.000000000000000000e+00,3.801315561749642136e+00,3.354101966249684263e+00,3.354101966249684263e+00,3.577708763999663422e+00,3.801315561749642136e+00,4.248529157249600452e+00,2.906888370749726391e+00,1.788854381999831711e+00,2.683281572999747677e+00,3.354101966249684263e+00,3.577708763999663422e+00,5.813776741499452783e+00,5.590169943749473624e+00,6.037383539249431941e+00,5.142956348249516196e+00,6.260990336999411099e+00,5.142956348249516196e+00,6.484597134749389369e+00,5.813776741499452783e+00,4.919349550499537038e+00,5.366563145999495354e+00,4.472135954999579610e+00,4.024922359499621294e+00,4.248529157249600452e+00,3.801315561749642136e+00,2.236067977499789805e+00,3.354101966249684263e+00,2.906888370749726391e+00,6.037383539249431941e+00,7.379024325749306001e+00,6.260990336999411099e+00,4.248529157249600452e+00,4.024922359499621294e+00,4.472135954999579610e+00,3.577708763999663422e+00,3.577708763999663422e+00,5.813776741499452783e+00,5.590169943749473624e+00,3.801315561749642136e+00,4.695742752749557880e+00,1.788854381999831711e+00,1.565247584249852775e+00,4.472135954999579277e-01,-1.118033988749894903e+00,-1.788854381999831711e+00,-1.788854381999831711e+00,-1.565247584249852775e+00,-6.708203932499369193e-01,1.565247584249852775e+00,2.236067977499789805e+00,4.919349550499537038e+00,1.788854381999831711e+00,2.683281572999747677e+00,2.236067977499789805e+00,1.341640786499873839e+00,2.459674775249768519e+00,2.236067977499789805e+00,3.130495168499705549e+00,3.354101966249684263e+00,4.919349550499537038e+00,6.708203932499368527e+00,6.931810730249347685e+00,6.484597134749389369e+00,5.142956348249516196e+00,5.590169943749473624e+00,5.590169943749473624e+00,3.577708763999663422e+00,5.366563145999495354e+00,5.366563145999495354e+00,4.695742752749557880e+00,6.260990336999411099e+00,6.931810730249347685e+00,6.708203932499368527e+00,3.801315561749642136e+00,3.577708763999663422e+00,4.024922359499621294e+00,4.695742752749557880e+00,5.366563145999495354e+00,5.813776741499452783e+00,5.590169943749473624e+00,3.801315561749642136e+00,2.906888370749726391e+00,2.459674775249768519e+00,1.118033988749894903e+00,4.472135954999579277e-01,1.118033988749894903e+00,1.565247584249852775e+00,2.459674775249768519e+00,4.472135954999579277e-01,1.565247584249852775e+00,1.118033988749894903e+00,1.118033988749894903e+00,1.118033988749894903e+00,0.000000000000000000e+00,-4.472135954999579277e-01,-2.459674775249768519e+00,-1.118033988749894903e+00,-1.565247584249852775e+00,-8.944271909999158554e-01,-1.565247584249852775e+00,-2.236067977499789639e-01,-2.683281572999747677e+00,-1.565247584249852775e+00,-2.236067977499789639e-01,6.708203932499369193e-01,1.341640786499873839e+00,2.906888370749726391e+00,3.354101966249684263e+00,3.577708763999663422e+00,4.472135954999579610e+00,5.142956348249516196e+00,2.906888370749726391e+00,2.236067977499789805e+00,2.012461179749810647e+00,3.801315561749642136e+00,5.366563145999495354e+00,6.037383539249431941e+00,7.155417527999326843e+00,6.484597134749389369e+00,4.695742752749557880e+00,5.366563145999495354e+00,3.801315561749642136e+00,2.236067977499789805e+00,1.565247584249852775e+00,2.012461179749810647e+00,0.000000000000000000e+00,1.341640786499873839e+00,3.577708763999663422e+00,2.906888370749726391e+00,8.944271909999158554e-01,1.565247584249852775e+00,8.944271909999158554e-01,-6.708203932499369193e-01,-1.788854381999831711e+00,-6.708203932499369193e-01,1.341640786499873839e+00,2.236067977499789805e+00,4.248529157249600452e+00,4.919349550499537038e+00,5.590169943749473624e+00,5.813776741499452783e+00,4.248529157249600452e+00,2.906888370749726391e+00,1.118033988749894903e+00,1.565247584249852775e+00,2.236067977499789805e+00,2.236067977499789639e-01,4.472135954999579277e-01,-6.708203932499369193e-01,-3.354101966249684263e+00,-6.037383539249431941e+00,-5.590169943749473624e+00,-2.459674775249768519e+00,-2.236067977499789805e+00,-2.683281572999747677e+00,-8.944271909999158554e-01,-4.472135954999579277e-01,-2.236067977499789639e-01,0.000000000000000000e+00,2.236067977499789639e-01,1.118033988749894903e+00,8.944271909999158554e-01,6.708203932499369193e-01,2.236067977499789805e+00,2.906888370749726391e+00,2.236067977499789805e+00,2.236067977499789805e+00,6.708203932499369193e-01,1.118033988749894903e+00,1.341640786499873839e+00,8.944271909999158554e-01,2.236067977499789639e-01,-4.472135954999579277e-01,-1.788854381999831711e+00,-1.565247584249852775e+00,-2.459674775249768519e+00,-8.944271909999158554e-01,0.000000000000000000e+00,-1.565247584249852775e+00,-2.236067977499789639e-01,-8.944271909999158554e-01,-8.944271909999158554e-01,0.000000000000000000e+00,8.944271909999158554e-01,1.565247584249852775e+00,-8.944271909999158554e-01,-1.118033988749894903e+00,-4.024922359499621294e+00,-4.024922359499621294e+00,-4.695742752749557880e+00,-4.919349550499537038e+00,-3.577708763999663422e+00,-3.130495168499705549e+00,-2.236067977499789805e+00,-1.565247584249852775e+00,-2.683281572999747677e+00,-1.341640786499873839e+00,-8.944271909999158554e-01,-2.236067977499789805e+00,-6.708203932499369193e-01,-1.565247584249852775e+00,-2.012461179749810647e+00,-2.236067977499789639e-01,2.683281572999747677e+00,4.919349550499537038e+00,5.142956348249516196e+00,4.024922359499621294e+00,3.577708763999663422e+00,3.130495168499705549e+00,3.577708763999663422e+00,3.801315561749642136e+00,4.024922359499621294e+00,2.683281572999747677e+00,1.118033988749894903e+00,-2.236067977499789639e-01,4.472135954999579277e-01,0.000000000000000000e+00,2.236067977499789639e-01,6.708203932499369193e-01,-4.472135954999579277e-01,0.000000000000000000e+00,-8.944271909999158554e-01,-6.708203932499369193e-01,-2.236067977499789639e-01,0.000000000000000000e+00,1.565247584249852775e+00,0.000000000000000000e+00,1.565247584249852775e+00,-2.236067977499789639e-01,-2.236067977499789639e-01,-1.565247584249852775e+00,-1.341640786499873839e+00,8.944271909999158554e-01,4.472135954999579277e-01,1.118033988749894903e+00,0.000000000000000000e+00,6.708203932499369193e-01,2.236067977499789639e-01,-1.118033988749894903e+00,-1.118033988749894903e+00,-8.944271909999158554e-01,-2.012461179749810647e+00,-3.130495168499705549e+00,-4.248529157249600452e+00,-5.142956348249516196e+00,-2.906888370749726391e+00,-4.919349550499537038e+00,-5.142956348249516196e+00,-2.683281572999747677e+00,-3.801315561749642136e+00,-2.906888370749726391e+00,-3.801315561749642136e+00,-5.142956348249516196e+00,-4.695742752749557880e+00,-2.683281572999747677e+00,-4.024922359499621294e+00,-4.248529157249600452e+00,-4.024922359499621294e+00,-6.484597134749389369e+00,-4.248529157249600452e+00,-3.130495168499705549e+00,-3.354101966249684263e+00,-5.813776741499452783e+00,-4.248529157249600452e+00,-5.813776741499452783e+00,-5.366563145999495354e+00,-4.024922359499621294e+00,-2.683281572999747677e+00,-1.118033988749894903e+00,1.118033988749894903e+00,6.708203932499369193e-01,1.118033988749894903e+00,4.472135954999579277e-01,2.012461179749810647e+00,6.708203932499369193e-01,-6.708203932499369193e-01,-2.906888370749726391e+00,-1.118033988749894903e+00,-2.459674775249768519e+00,-4.248529157249600452e+00,-2.683281572999747677e+00,-2.236067977499789805e+00,-2.459674775249768519e+00,-3.130495168499705549e+00,-1.788854381999831711e+00,-3.354101966249684263e+00,-4.024922359499621294e+00,-2.459674775249768519e+00,-4.024922359499621294e+00,-4.472135954999579610e+00,-3.130495168499705549e+00,-3.354101966249684263e+00,-2.683281572999747677e+00,-2.683281572999747677e+00,-1.788854381999831711e+00,-2.012461179749810647e+00,-2.683281572999747677e+00,-2.012461179749810647e+00,-6.708203932499369193e-01,1.565247584249852775e+00,1.788854381999831711e+00,2.459674775249768519e+00,4.472135954999579277e-01,-4.472135954999579277e-01,-2.236067977499789805e+00,-6.708203932499369193e-01,-1.118033988749894903e+00,-1.565247584249852775e+00,-2.459674775249768519e+00,0.000000000000000000e+00,-1.788854381999831711e+00,-2.012461179749810647e+00,-3.801315561749642136e+00,-3.354101966249684263e+00,-2.906888370749726391e+00,-2.459674775249768519e+00,-1.788854381999831711e+00,-3.130495168499705549e+00,-4.024922359499621294e+00,-6.260990336999411099e+00,-5.813776741499452783e+00,-5.590169943749473624e+00,-4.695742752749557880e+00,-4.919349550499537038e+00,-4.248529157249600452e+00,-5.590169943749473624e+00,-6.260990336999411099e+00,-4.919349550499537038e+00,-4.472135954999579610e+00,-4.695742752749557880e+00,-5.142956348249516196e+00,-6.931810730249347685e+00,-6.931810730249347685e+00
-1.788854381999831711e+00,-1.565247584249852775e+00,-1.118033988749894903e+00,6.708203932499369193e-01,6.708203932499369193e-01,-8.944271909999158554e-01,4.472135954999579277e-01,6.708203932499369193e-01,1.341640786499873839e+00,4.024922359499621294e+00,3.577708763999663422e+00,5.142956348249516196e+00,4.024922359499621294e+00,3.354101966249684263e+00,3.577708763999663422e+00,2.683281572999747677e+00,3.130495168499705549e+00,3.577708763999663422e+00,2.012461179749810647e+00,8.944271909999158554e-01,1.565247584249852775e+00,8.944271909999158554e-01,-4.472135954999579277e-01,0.000000000000000000e+00,6.708203932499369193e-01,2.683281572999747677e+00,1.788854381999831711e+00,2.236067977499789639e-01,-4.472135954999579277e-01,2.236067977499789639e-01,-1.341640786499873839e+00,-8.944271909999158554e-01,-2.236067977499789805e+00,-2.012461179749810647e+00,-2.459674775249768519e+00,-3.130495168499705549e+00,-3.130495168499705549e+00,-5.366563145999495354e+00,-4.248529157249600452e+00,-2.683281572999747677e+00,-1.565247584249852775e+00,-1.118033988749894903e+00,-2.012461179749810647e+00,-2.683281572999747677e+00,-2.236067977499789805e+00,-2.236067977499789805e+00,-1.118033988749894903e+00,-2.012461179749810647e+00,-3.354101966249684263e+00,-2.459674775249768519e+00,-2.459674775249768519e+00,-2.683281572999747677e+00,-4.472135954999579277e-01,-1.565247584249852775e+00,1.341640786499873839e+00,2.683281572999747677e+00,3.354101966249684263e+00,4.024922359499621294e+00,3.130495168499705549e+00,4.472135954999579610e+00,7.379024325749306001e+00,4.472135954999579610e+00,3.577708763999663422e+00,3.130495168499705549e+00,0.000000000000000000e+00,-1.118033988749894903e+00,-1.788854381999831711e+00,-1.565247584249852775e+00,-1.788854381999831711e+00,-1.118033988749894903e+00,-4.472135954999579277e-01,-4.472135954999579277e-01,-6.708203932499369193e-01,6.708203932499369193e-01,2.236067977499789805e+00,1.565247584249852775e+00,2.236067977499789805e+00,2.459674775249768519e+00,2.012461179749810647e+00,2.012461179749810647e+00,2.236067977499789805e+00,1.118033988749894903e+00,1.788854381999831711e+00,6.708203932499369193e-01,1.341640786499873839e+00,1.565247584249852775e+00,8.944271909999158554e-01,2.683281572999747677e+00,3.354101966249684263e+00,3.577708763999663422e+00,3.801315561749642136e+00,3.130495168499705549e+00,5.813776741499452783e+00,4.919349550499537038e+00,4.248529157249600452e+00,3.801315561749642136e+00,4.024922359499621294e+00,3.354101966249684263e+00,2.683281572999747677e+00,1.788854381999831711e+00,2.236067977499789805e+00,8.944271909999158554e-01,0.000000000000000000e+00,2.236067977499789805e+00,2.683281572999747677e+00,2.236067977499789805e+00,3.354101966249684263e+00,4.472135954999579610e+00,3.801315561749642136e+00,3.801315561749642136e+00,2.683281572999747677e+00,3.577708763999663422e+00,5.366563145999495354e+00,1.788854381999831711e+00,8.944271909999158554e-01,-1.118033988749894903e+00,8.944271909999158554e-01,1.788854381999831711e+00,2.459674775249768519e+00,1.788854381999831711e+00,1.118033988749894903e+00,0.000000000000000000e+00,-8.944271909999158554e-01,4.472135954999579277e-01,0.000000000000000000e+00,-2.236067977499789639e-01,-6.708203932499369193e-01,6.708203932499369193e-01,2.906888370749726391e+00,4.472135954999579610e+00,2.906888370749726391e+00,3.577708763999663422e+00,4.248529157249600452e+00,4.695742752749557880e+00,4.919349550499537038e+00,3.354101966249684263e+00,2.236067977499789805e+00,2.236067977499789805e+00,6.708203932499369193e-01,-1.118033988749894903e+00,-6.708203932499369193e-01,0.000000000000000000e+00,2.236067977499789639e-01,2.012461179749810647e+00,1.565247584249852775e+00,1.118033988749894903e+00,6.708203932499369193e-01,2.236067977499789639e-01,-4.472135954999579277e-01,-1.341640786499873839e+00,-1.341640786499873839e+00,-8.944271909999158554e-01,-6.708203932499369193e-01,4.472135954999579277e-01,1.565247584249852775e+00,2.236067977499789805e+00,2.012461179749810647e+00,2.906888370749726391e+00,4.472135954999579610e+00,4.695742752749557880e+00,3.577708763999663422e+00,2.906888370749726391e+00,4.472135954999579610e+00,3.801315561749642136e+00,3.130495168499705549e+00,3.801315561749642136e+00,3.577708763999663422e+00,4.919349550499537038e+00,3.577708763999663422e+00,2.236067977499789805e+00,2.459674775249768519e+00,6.708203932499369193e-01,6.708203932499369193e-01,6.708203932499369193e-01,2.236067977499789805e+00,1.565247584249852775e+00,8.944271909999158554e-01,8.944271909999158554e-01,-1.341640786499873839e+00,-1.788854381999831711e+00,-1.788854381999831711e+00,-2.459674775249768519e+00,-2.012461179749810647e+00,-2.683281572999747677e+00,-2.906888370749726391e+00,-3.801315561749642136e+00,-4.472135954999579610e+00,-3.577708763999663422e+00,-2.906888370749726391e+00,-2.012461179749810647e+00,4.472135954999579277e-01,2.012461179749810647e+00,6.708203932499369193e-01,1.118033988749894903e+00,4.472135954999579277e-01,-1.118033988749894903e+00,0.000000000000000000e+00,2.236067977499789639e-01,4.472135954999579277e-01,-4.472135954999579277e-01,-1.341640786499873839e+00,0.000000000000000000e+00,4.472135954999579277e-01,4.472135954999579277e-01,1.341640786499873839e+00,1.788854381999831711e+00,3.130495168499705549e+00,1.118033988749894903e+00,1.565247584249852775e+00,4.472135954999579277e-01,8.944271909999158554e-01,6.708203932499369193e-01,2.459674775249768519e+00,3.130495168499705549e+00,2.683281572999747677e+00,1.565247584249852775e+00,1.341640786499873839e+00,6.708203932499369193e-01,1.118033988749894903e+00,1.788854381999831711e+00,2.459674775249768519e+00,3.354101966249684263e+00,3.801315561749642136e+00,3.577708763999663422e+00,3.801315561749642136e+00,3.577708763999663422e+00,3.130495168499705549e+00,3.130495168499705549e+00,3.577708763999663422e+00,2.236067977499789805e+00,4.248529157249600452e+00,6.260990336999411099e+00,8.273451516749220858e+00,9.167878707749137490e+00,8.944271909999159220e+00,1.006230589874905235e+01,8.944271909999159220e+00,1.050951949424901066e+01,8.273451516749220858e+00,6.931810730249347685e+00,7.826237921249263430e+00,6.931810730249347685e+00,5.590169943749473624e+00,4.024922359499621294e+00,3.130495168499705549e+00,3.801315561749642136e+00,5.366563145999495354e+00,4.919349550499537038e+00,2.906888370749726391e+00,1.341640786499873839e+00,8.944271909999158554e-01,-2.236067977499789639e-01,-2.012461179749810647e+00,0.000000000000000000e+00,0.000000000000000000e+00,-6.708203932499369193e-01,-6.708203932499369193e-01,-4.472135954999579277e-01,4.472135954999579277e-01,4.472135954999579277e-01,2.236067977499789805e+00,2.459674775249768519e+00,3.130495168499705549e+00,2.012461179749810647e+00,4.472135954999579277e-01,-2.012461179749810647e+00,-1.565247584249852775e+00,-2.683281572999747677e+00,-2.683281572999747677e+00,-3.577708763999663422e+00,-4.472135954999579610e+00,-3.801315561749642136e+00,-4.248529157249600452e+00,-4.695742752749557880e+00,-4.919349550499537038e+00,-3.577708763999663422e+00,-2.906888370749726391e+00,-8.944271909999158554e-01,-1.118033988749894903e+00,1.118033988749894903e+00,8.944271909999158554e-01,8.944271909999158554e-01,4.472135954999579277e-01,-8.944271909999158554e-01,-1.565247584249852775e+00,-3.801315561749642136e+00,-2.906888370749726391e+00,-2.683281572999747677e+00,-1.341640786499873839e+00,-1.565247584249852775e+00,-1.788854381999831711e+00,-1.788854381999831711e+00,-2.012461179749810647e+00,-3.577708763999663422e+00,-2.459674775249768519e+00,-2.459674775249768519e+00,-4.472135954999579277e-01,-2.236067977499789639e-01,-2.683281572999747677e+00,-1.118033988749894903e+00,-4.472135954999579277e-01,-6.708203932499369193e-01,-1.341640786499873839e+00,-2.459674775249768519e+00,-2.236067977499789805e+00,6.708203932499369193e-01,2.236067977499789639e-01,6.708203932499369193e-01,1.341640786499873839e+00,8.944271909999158554e-01,-1.565247584249852775e+00,-2.236067977499789639e-01,-2.236067977499789805e+00,6.708203932499369193e-01,-6.708203932499369193e-01,-6.708203932499369193e-01,6.708203932499369193e-01,1.788854381999831711e+00,2.236067977499789639e-01,-2.236067977499789639e-01,2.236067977499789639e-01,1.118033988749894903e+00,1.565247584249852775e+00,1.118033988749894903e+00,1.565247584249852775e+00,3.577708763999663422e+00,3.354101966249684263e+00,1.341640786499873839e+00,1.565247584249852775e+00,-2.236067977499789639e-01,-4.472135954999579277e-01,-8.944271909999158554e-01,-2.906888370749726391e+00,-4.024922359499621294e+00,-4.248529157249600452e+00,-5.366563145999495354e+00,-4.919349550499537038e+00,-4.695742752749557880e+00,-6.037383539249431941e+00,-5.366563145999495354e+00,-5.142956348249516196e+00,-5.590169943749473624e+00,-5.366563145999495354e+00,-5.366563145999495354e+00,-3.801315561749642136e+00,-5.142956348249516196e+00,-6.260990336999411099e+00,-6.484597134749389369e+00,-7.379024325749306001e+00,-5.813776741499452783e+00,-7.379024325749306001e+00,-8.944271909999159220e+00,-9.167878707749137490e+00,-1.050951949424901066e+01,-9.615092303249095806e+00,-7.826237921249263430e+00,-8.944271909999159220e+00,-9.167878707749137490e+00,-8.049844718999242588e+00,-5.813776741499452783e+00,-8.049844718999242588e+00,-8.497058314499200904e+00,-5.366563145999495354e+00,-5.813776741499452783e+00,-7.155417527999326843e+00,-7.155417527999326843e+00,-6.484597134749389369e+00,-5.142956348249516196e+00,-5.366563145999495354e+00,-5.366563145999495354e+00,-2.906888370749726391e+00,-1.788854381999831711e+00,2.236067977499789639e-01,-2.236067977499789639e-01,-1.788854381999831711e+00,-1.788854381999831711e+00,-4.472135954999579277e-01,-2.012461179749810647e+00,6.708203932499369193e-01,4.472135954999579277e-01,1.118033988749894903e+00,4.472135954999579277e-01,1.341640786499873839e+00,-8.944271909999158554e-01,6.708203932499369193e-01,1.118033988749894903e+00,4.472135954999579277e-01,-6.708203932499369193e-01,-2.459674775249768519e+00,-4.024922359499621294e+00,-3.354101966249684263e+00,-3.577708763999663422e+00,-2.683281572999747677e+00,-5.142956348249516196e+00,-4.248529157249600452e+00,-4.695742752749557880e+00,-2.683281572999747677e+00,-6.708203932499369193e-01,-6.708203932499369193e-01,6.708203932499369193e-01,-1.341640786499873839e+00,2.236067977499789639e-01,-6.708203932499369193e-01,-2.012461179749810647e+00,-2.683281572999747677e+00,-2.459674775249768519e+00,-8.944271909999158554e-01,-2.683281572999747677e+00,-8.944271909999158554e-01,-1.565247584249852775e+00,-1.341640786499873839e+00,-2.459674775249768519e+00,-2.459674775249768519e+00,-2.236067977499789639e-01,-2.012461179749810647e+00,2.236067977499789639e-01,-4.472135954999579277e-01,-2.012461179749810647e+00,-2.906888370749726391e+00,-1.341640786499873839e+00,-3.577708763999663422e+00,-3.801315561749642136e+00,-4.695742752749557880e+00,-4.248529157249600452e+00,-5.366563145999495354e+00,-5.366563145999495354e+00,-3.577708763999663422e+00,-2.906888370749726391e+00,-2.683281572999747677e+00,-2.012461179749810647e+00,-1.788854381999831711e+00,-4.472135954999579277e-01,-4.472135954999579277e-01,-6.708203932499369193e-01,-6.708203932499369193e-01,8.944271909999158554e-01,-1.341640786499873839e+00,-2.683281572999747677e+00,-3.577708763999663422e+00,-4.248529157249600452e+00,-3.354101966249684263e+00,-2.683281572999747677e+00,-2.236067977499789805e+00,-2.906888370749726391e+00,-2.012461179749810647e+00,-6.708203932499369193e-01,-8.944271909999158554e-01,-4.024922359499621294e+00,-2.459674775249768519e+00,0.000000000000000000e+00,-1.118033988749894903e+00,4.472135954999579277e-01,-1.788854381999831711e+00,2.236067977499789639e-01,-2.236067977499789639e-01,4.472135954999579277e-01,-1.118033988749894903e+00,-1.565247584249852775e+00,-1.788854381999831711e+00,0.000000000000000000e+00,4.472135954999579277e-01,2.012461179749810647e+00,2.459674775249768519e+00,3.130495168499705549e+00,5.590169943749473624e+00,6.708203932499368527e+00,8.049844718999242588e+00,9.838699100999074076e+00,7.379024325749306001e+00,6.037383539249431941e+00,2.012461179749810647e+00,2.906888370749726391e+00,2.683281572999747677e+00,1.341640786499873839e+00,2.012461179749810647e+00,1.565247584249852775e+00,4.472135954999579610e+00,4.248529157249600452e+00,2.906888370749726391e+00,1.788854381999831711e+00,2.683281572999747677e+00,6.708203932499369193e-01,0.000000000000000000e+00,8.944271909999158554e-01,2.012461179749810647e+00,4.248529157249600452e+00,5.142956348249516196e+00,3.354101966249684263e+00,3.354101966249684263e+00,2.683281572999747677e+00,1.788854381999831711e+00,2.459674775249768519e+00,3.354101966249684263e+00,3.577708763999663422e+00,3.354101966249684263e+00,1.118033988749894903e+00,8.944271909999158554e-01,0.000000000000000000e+00,6.708203932499369193e-01,-2.236067977499789805e+00
1.341640786499873839e+00,2.459674775249768519e+00,1.565247584249852775e+00,2.236067977499789805e+00,2.012461179749810647e+00,2.906888370749726391e+00,1.565247584249852775e+00,2.906888370749726391e+00,2.683281572999747677e+00,1.118033988749894903e+00,-6.708203932499369193e-01,-2.236067977499789639e-01,0.000000000000000000e+00,-1.788854381999831711e+00,-2.459674775249768519e+00,-4.919349550499537038e+00,-5.813776741499452783e+00,-3.801315561749642136e+00,-5.813776741499452783e+00,-5.590169943749473624e+00,-4.024922359499621294e+00,-3.801315561749642136e+00,-4.024922359499621294e+00,-4.695742752749557880e+00,-4.024922359499621294e+00,-4.919349550499537038e+00,-6.037383539249431941e+00,-5.590169943749473624e+00,-6.037383539249431941e+00,-6.931810730249347685e+00,-5.142956348249516196e+00,-3.577708763999663422e+00,-2.236067977499789805e+00,-1.788854381999831711e+00,-1.118033988749894903e+00,-2.236067977499789639e-01,-6.708203932499369193e-01,-8.944271909999158554e-01,-2.012461179749810647e+00,0.000000000000000000e+00,6.708203932499369193e-01,4.472135954999579277e-01,1.118033988749894903e+00,-4.472135954999579277e-01,4.472135954999579277e-01,2.236067977499789639e-01,-1.788854381999831711e+00,-2.683281572999747677e+00,0.000000000000000000e+00,4.472135954999579277e-01,8.944271909999158554e-01,1.788854381999831711e+00,1.565247584249852775e+00,8.944271909999158554e-01,2.236067977499789805e+00,0.000000000000000000e+00,2.236067977499789639e-01,-4.472135954999579277e-01,-1.118033988749894903e+00,1.118033988749894903e+00,2.236067977499789805e+00,2.459674775249768519e+00,2.236067977499789805e+00,2.459674775249768519e+00,1.118033988749894903e+00,1.565247584249852775e+00,8.944271909999158554e-01,1.788854381999831711e+00,6.708203932499369193e-01,1.788854381999831711e+00,2.906888370749726391e+00,2.683281572999747677e+00,3.801315561749642136e+00,4.695742752749557880e+00,2.906888370749726391e+00,2.012461179749810647e+00,1.341640786499873839e+00,2.236067977499789639e-01,-4.472135954999579277e-01,4.472135954999579277e-01,1.341640786499873839e+00,-2.236067977499789639e-01,0.000000000000000000e+00,1.118033988749894903e+00,1.565247584249852775e+00,3.130495168499705549e+00,2.012461179749810647e+00,2.012461179749810647e+00,1.788854381999831711e+00,2.236067977499789639e-01,2.236067977499789639e-01,-1.788854381999831711e+00,-2.236067977499789805e+00,-6.708203932499369193e-01,-8.944271909999158554e-01,-8.944271909999158554e-01,-1.565247584249852775e+00,4.472135954999579277e-01,6.708203932499369193e-01,6.708203932499369193e-01,8.944271909999158554e-01,2.683281572999747677e+00,2.683281572999747677e+00,1.788854381999831711e+00,1.788854381999831711e+00,1.341640786499873839e+00,0.000000000000000000e+00,2.012461179749810647e+00,2.236067977499789805e+00,3.354101966249684263e+00,4.919349550499537038e+00,4.248529157249600452e+00,4.024922359499621294e+00,2.236067977499789805e+00,2.012461179749810647e+00,3.354101966249684263e+00,2.236067977499789805e+00,3.354101966249684263e+00,5.142956348249516196e+00,3.801315561749642136e+00,1.565247584249852775e+00,0.000000000000000000e+00,-4.472135954999579277e-01,1.341640786499873839e+00,2.236067977499789639e-01,6.708203932499369193e-01,6.708203932499369193e-01,4.472135954999579277e-01,-6.708203932499369193e-01,-4.472135954999579277e-01,-1.118033988749894903e+00,-2.236067977499789805e+00,-3.801315561749642136e+00,-1.788854381999831711e+00,-2.459674775249768519e+00,-3.130495168499705549e+00,-6.708203932499369193e-01,-6.708203932499369193e-01,2.236067977499789639e-01,-2.236067977499789639e-01,-8.944271909999158554e-01,6.708203932499369193e-01,-8.944271909999158554e-01,-2.906888370749726391e+00,-2.012461179749810647e+00,-2.459674775249768519e+00,-1.341640786499873839e+00,-2.236067977499789805e+00,-1.565247584249852775e+00,-1.341640786499873839e+00,-1.565247584249852775e+00,-2.236067977499789639e-01,0.000000000000000000e+00,-4.472135954999579277e-01,-1.341640786499873839e+00,-8.944271909999158554e-01,-2.236067977499789639e-01,2.459674775249768519e+00,0.000000000000000000e+00,-1.788854381999831711e+00,-1.118033988749894903e+00,-3.354101966249684263e+00,-2.459674775249768519e+00,-1.565247584249852775e+00,-2.459674775249768519e+00,-1.118033988749894903e+00,1.341640786499873839e+00,8.944271909999158554e-01,-6.708203932499369193e-01,-4.472135954999579277e-01,1.118033988749894903e+00,3.801315561749642136e+00,3.354101966249684263e+00,2.683281572999747677e+00,3.130495168499705549e+00,3.354101966249684263e+00,3.354101966249684263e+00,2.459674775249768519e+00,3.801315561749642136e+00,3.130495168499705549e+00,4.024922359499621294e+00,2.906888370749726391e+00,2.236067977499789805e+00,1.565247584249852775e+00,1.341640786499873839e+00,0.000000000000000000e+00,-2.236067977499789639e-01,-4.472135954999579277e-01,1.341640786499873839e+00,2.236067977499789639e-01,1.118033988749894903e+00,1.565247584249852775e+00,0.000000000000000000e+00,2.012461179749810647e+00,-4.472135954999579277e-01,-2.012461179749810647e+00,-1.565247584249852775e+00,-8.944271909999158554e-01,-1.118033988749894903e+00,-4.472135954999579277e-01,-1.565247584249852775e+00,-1.565247584249852775e+00,-1.565247584249852775e+00,-1.118033988749894903e+00,-4.472135954999579277e-01,-1.565247584249852775e+00,-3.130495168499705549e+00,-2.906888370749726391e+00,-3.577708763999663422e+00,-2.683281572999747677e+00,-2.236067977499789805e+00,-2.236067977499789805e+00,-2.012461179749810647e+00,-3.577708763999663422e+00,-2.236067977499789805e+00,-6.708203932499369193e-01,1.788854381999831711e+00,1.118033988749894903e+00,2.236067977499789639e-01,-2.236067977499789639e-01,8.944271909999158554e-01,-6.708203932499369193e-01,-8.944271909999158554e-01,2.012461179749810647e+00,6.708203932499369193e-01,8.944271909999158554e-01,1.565247584249852775e+00,2.906888370749726391e+00,8.944271909999158554e-01,-4.472135954999579277e-01,-6.708203932499369193e-01,-1.788854381999831711e+00,-8.944271909999158554e-01,-1.118033988749894903e+00,-3.801315561749642136e+00,-2.683281572999747677e+00,-2.236067977499789639e-01,-1.341640786499873839e+00,-4.472135954999579277e-01,-6.708203932499369193e-01,2.236067977499789639e-01,4.472135954999579277e-01,4.472135954999579277e-01,-6.708203932499369193e-01,-6.708203932499369193e-01,1.565247584249852775e+00,6.708203932499369193e-01,1.118033988749894903e+00,4.472135954999579277e-01,6.708203932499369193e-01,1.118033988749894903e+00,-1.118033988749894903e+00,-1.341640786499873839e+00,-2.236067977499789639e-01,1.118033988749894903e+00,1.565247584249852775e+00,2.236067977499789805e+00,4.472135954999579277e-01,-1.118033988749894903e+00,-6.708203932499369193e-01,-1.118033988749894903e+00,2.236067977499789639e-01,1.341640786499873839e+00,6.708203932499369193e-01,4.472135954999579277e-01,-8.944271909999158554e-01,-1.341640786499873839e+00,1.118033988749894903e+00,1.565247584249852775e+00,1.341640786499873839e+00,0.000000000000000000e+00,2.236067977499789639e-01,1.788854381999831711e+00,2.012461179749810647e+00,1.341640786499873839e+00,6.708203932499369193e-01,1.788854381999831711e+00,4.472135954999579277e-01,6.708203932499369193e-01,6.708203932499369193e-01,2.683281572999747677e+00,2.236067977499789805e+00,2.683281572999747677e+00,2.012461179749810647e+00,1.788854381999831711e+00,3.130495168499705549e+00,1.118033988749894903e+00,6.708203932499369193e-01,8.944271909999158554e-01,8.944271909999158554e-01,6.708203932499369193e-01,1.341640786499873839e+00,2.236067977499789639e-01,6.708203932499369193e-01,-4.472135954999579277e-01,0.000000000000000000e+00,-2.236067977499789639e-01,1.118033988749894903e+00,1.341640786499873839e+00,2.459674775249768519e+00,2.683281572999747677e+00,2.236067977499789805e+00,2.906888370749726391e+00,1.118033988749894903e+00,4.472135954999579277e-01,1.565247584249852775e+00,8.944271909999158554e-01,-1.118033988749894903e+00,2.236067977499789639e-01,8.944271909999158554e-01,-6.708203932499369193e-01,1.118033988749894903e+00,6.708203932499369193e-01,2.236067977499789805e+00,2.459674775249768519e+00,1.118033988749894903e+00,8.944271909999158554e-01,0.000000000000000000e+00,2.236067977499789639e-01,-2.012461179749810647e+00,-1.788854381999831711e+00,-1.565247584249852775e+00,-6.708203932499369193e-01,-8.944271909999158554e-01,2.236067977499789639e-01,-2.236067977499789805e+00,-2.906888370749726391e+00,-2.683281572999747677e+00,-2.683281572999747677e+00,-4.472135954999579610e+00,-2.012461179749810647e+00,-1.788854381999831711e+00,-2.683281572999747677e+00,-3.130495168499705549e+00,-3.130495168499705549e+00,-5.142956348249516196e+00,-3.801315561749642136e+00,-4.024922359499621294e+00,-2.012461179749810647e+00,-2.906888370749726391e+00,-1.118033988749894903e+00,-1.788854381999831711e+00,-8.944271909999158554e-01,-8.944271909999158554e-01,-2.236067977499789639e-01,1.118033988749894903e+00,1.565247584249852775e+00,1.565247584249852775e+00,2.012461179749810647e+00,1.565247584249852775e+00,1.788854381999831711e+00,1.788854381999831711e+00,2.012461179749810647e+00,2.906888370749726391e+00,2.906888370749726391e+00,2.683281572999747677e+00,2.459674775249768519e+00,2.236067977499789805e+00,1.341640786499873839e+00,4.472135954999579277e-01,0.000000000000000000e+00,-3.354101966249684263e+00,-3.577708763999663422e+00,-2.459674775249768519e+00,-4.472135954999579610e+00,-4.024922359499621294e+00,-2.459674775249768519e+00,-3.577708763999663422e+00,-5.366563145999495354e+00,-5.813776741499452783e+00,-4.695742752749557880e+00,-6.037383539249431941e+00,-5.590169943749473624e+00,-4.248529157249600452e+00,-1.788854381999831711e+00,-3.130495168499705549e+00,-3.354101966249684263e+00,-2.236067977499789805e+00,-1.788854381999831711e+00,-1.118033988749894903e+00,-1.788854381999831711e+00,-8.944271909999158554e-01,-2.236067977499789805e+00,-1.341640786499873839e+00,-1.118033988749894903e+00,-1.118033988749894903e+00,-1.341640786499873839e+00,-6.708203932499369193e-01,-2.236067977499789639e-01,-2.683281572999747677e+00,-3.354101966249684263e+00,-2.906888370749726391e+00,-3.130495168499705549e+00,-3.130495168499705549e+00,-2.683281572999747677e+00,-3.130495168499705549e+00,-3.801315561749642136e+00,-3.130495168499705549e+00,-3.130495168499705549e+00,-3.801315561749642136e+00,-5.142956348249516196e+00,-4.024922359499621294e+00,-3.577708763999663422e+00,-4.695742752749557880e+00,-3.577708763999663422e+00,-3.130495168499705549e+00,-1.118033988749894903e+00,-3.130495168499705549e+00,-1.565247584249852775e+00,-1.118033988749894903e+00,-1.341640786499873839e+00,8.944271909999158554e-01,1.341640786499873839e+00,0.000000000000000000e+00,-8.944271909999158554e-01,2.236067977499789639e-01,1.341640786499873839e+00,1.565247584249852775e+00,1.341640786499873839e+00,2.236067977499789639e-01,1.565247584249852775e+00,2.683281572999747677e+00,2.906888370749726391e+00,2.459674775249768519e+00,2.459674775249768519e+00,0.000000000000000000e+00,0.000000000000000000e+00,2.683281572999747677e+00,3.130495168499705549e+00,8.944271909999158554e-01,2.012461179749810647e+00,5.142956348249516196e+00,3.801315561749642136e+00,3.130495168499705549e+00,2.459674775249768519e+00,6.708203932499369193e-01,-8.944271909999158554e-01,-8.944271909999158554e-01,2.236067977499789639e-01,1.118033988749894903e+00,4.472135954999579277e-01,2.236067977499789639e-01,1.788854381999831711e+00,1.565247584249852775e+00,2.683281572999747677e+00,1.788854381999831711e+00,1.118033988749894903e+00,3.354101966249684263e+00,1.788854381999831711e+00,2.683281572999747677e+00,3.577708763999663422e+00,8.944271909999158554e-01,1.788854381999831711e+00,2.236067977499789639e-01,1.788854381999831711e+00,0.000000000000000000e+00,1.341640786499873839e+00,2.236067977499789639e-01,-4.472135954999579277e-01,-4.472135954999579277e-01,-1.565247584249852775e+00,8.944271909999158554e-01,-1.341640786499873839e+00,-1.118033988749894903e+00,-1.788854381999831711e+00,-1.565247584249852775e+00,-1.341640786499873839e+00,-2.236067977499789805e+00,-1.118033988749894903e+00,2.236067977499789639e-01,-2.236067977499789639e-01,-2.236067977499789639e-01,1.341640786499873839e+00,8.944271909999158554e-01,1.565247584249852775e+00,1.788854381999831711e+00,6.708203932499369193e-01,-1.118033988749894903e+00,2.459674775249768519e+00,3.130495168499705549e+00,4.248529157249600452e+00,4.919349550499537038e+00,1.118033988749894903e+00,6.708203932499369193e-01,1.118033988749894903e+00,1.788854381999831711e+00,2.459674775249768519e+00,2.012461179749810647e+00,2.906888370749726391e+00,4.024922359499621294e+00,5.142956348249516196e+00,3.577708763999663422e+00,3.577708763999663422e+00,2.906888370749726391e+00,5.813776741499452783e+00,5.590169943749473624e+00,4.472135954999579610e+00,2.683281572999747677e+00,2.683281572999747677e+00,1.788854381999831711e+00
6.260990336999411099e+00,4.919349550499537038e+00,3.801315561749642136e+00,3.130495168499705549e+00,3.130495168499705549e+00,2.012461179749810647e+00,6.708203932499369193e-01,1.341640786499873839e+00,3.577708763999663422e+00,2.236067977499789805e+00,4.024922359499621294e+00,2.906888370749726391e+00,4.024922359499621294e+00,2.683281572999747677e+00,3.577708763999663422e+00,1.341640786499873839e+00,-2.236067977499789639e-01,-8.944271909999158554e-01,-2.459674775249768519e+00,-1.341640786499873839e+00,-2.236067977499789805e+00,-1.565247584249852775e+00,-4.472135954999579277e-01,-4.472135954999579277e-01,8.944271909999158554e-01,2.236067977499789639e-01,2.683281572999747677e+00,2.683281572999747677e+00,5.813776741499452783e+00,6.260990336999411099e+00,4.248529157249600452e+00,2.459674775249768519e+00,1.118033988749894903e+00,1.341640786499873839e+00,1.341640786499873839e+00,-1.118033988749894903e+00,-8.944271909999158554e-01,-1.788854381999831711e+00,-1.341640786499873839e+00,-2.012461179749810647e+00,-3.354101966249684263e+00,-2.683281572999747677e+00,-2.459674775249768519e+00,-6.708203932499369193e-01,-6.708203932499369193e-01,4.472135954999579277e-01,-1.118033988749894903e+00,-1.341640786499873839e+00,-8.944271909999158554e-01,-2.459674775249768519e+00,-1.118033988749894903e+00,-2.012461179749810647e+00,-2.459674775249768519e+00,-2.012461179749810647e+00,-2.236067977499789639e-01,8.944271909999158554e-01,1.565247584249852775e+00,8.944271909999158554e-01,-6.708203932499369193e-01,-8.944271909999158554e-01,-4.472135954999579277e-01,8.944271909999158554e-01,-1.118033988749894903e+00,-1.118033988749894903e+00,-1.118033988749894903e+00,2.236067977499789639e-01,-8.944271909999158554e-01,-2.459674775249768519e+00,-2.683281572999747677e+00,-2.906888370749726391e+00,-2.236067977499789805e+00,-2.236067977499789805e+00,-2.236067977499789805e+00,-2.236067977499789639e-01,-6.708203932499369193e-01,0.000000000000000000e+00,2.236067977499789639e-01,-6.708203932499369193e-01,-2.459674775249768519e+00,-6.037383539249431941e+00,-6.260990336999411099e+00,-5.813776741499452783e+00,-2.906888370749726391e+00,-3.354101966249684263e+00,-1.341640786499873839e+00,0.000000000000000000e+00,0.000000000000000000e+00,1.118033988749894903e+00,2.683281572999747677e+00,1.788854381999831711e+00,1.565247584249852775e+00,2.459674775249768519e+00,1.341640786499873839e+00,2.236067977499789639e-01,0.000000000000000000e+00,2.012461179749810647e+00,1.565247584249852775e+00,4.472135954999579277e-01,8.944271909999158554e-01,1.341640786499873839e+00,1.341640786499873839e+00,1.341640786499873839e+00,0.000000000000000000e+00,0.000000000000000000e+00,-2.236067977499789805e+00,-1.341640786499873839e+00,-2.236067977499789639e-01,0.000000000000000000e+00,1.788854381999831711e+00,1.341640786499873839e+00,3.577708763999663422e+00,3.354101966249684263e+00,3.577708763999663422e+00,3.801315561749642136e+00,3.354101966249684263e+00,1.565247584249852775e+00,3.577708763999663422e+00,3.130495168499705549e+00,2.236067977499789805e+00,2.236067977499789805e+00,1.118033988749894903e+00,1.341640786499873839e+00,8.944271909999158554e-01,0.000000000000000000e+00,1.118033988749894903e+00,1.565247584249852775e+00,8.944271909999158554e-01,1.118033988749894903e+00,2.236067977499789639e-01,-1.118033988749894903e+00,-1.565247584249852775e+00,-3.130495168499705549e+00,-2.683281572999747677e+00,-1.788854381999831711e+00,-1.565247584249852775e+00,-1.341640786499873839e+00,0.000000000000000000e+00,-1.565247584249852775e+00,-1.341640786499873839e+00,-8.944271909999158554e-01,-6.708203932499369193e-01,2.236067977499789639e-01,-1.788854381999831711e+00,-1.565247584249852775e+00,0.000000000000000000e+00,-1.565247584249852775e+00,-4.472135954999579277e-01,-6.708203932499369193e-01,-6.708203932499369193e-01,2.683281572999747677e+00,1.565247584249852775e+00,3.577708763999663422e+00,2.683281572999747677e+00,4.472135954999579277e-01,1.341640786499873839e+00,1.341640786499873839e+00,2.236067977499789805e+00,1.788854381999831711e+00,1.788854381999831711e+00,4.695742752749557880e+00,3.130495168499705549e+00,3.354101966249684263e+00,1.788854381999831711e+00,3.801315561749642136e+00,2.236067977499789805e+00,2.236067977499789805e+00,4.248529157249600452e+00,3.354101966249684263e+00,4.248529157249600452e+00,2.459674775249768519e+00,4.248529157249600452e+00,3.354101966249684263e+00,4.024922359499621294e+00,5.366563145999495354e+00,4.919349550499537038e+00,3.577708763999663422e+00,3.354101966249684263e+00,4.248529157249600452e+00,3.354101966249684263e+00,2.236067977499789805e+00,3.801315561749642136e+00,3.577708763999663422e+00,2.236067977499789805e+00,3.130495168499705549e+00,3.577708763999663422e+00,3.354101966249684263e+00,2.012461179749810647e+00,-2.236067977499789639e-01,-1.565247584249852775e+00,-2.683281572999747677e+00,-3.130495168499705549e+00,-4.919349550499537038e+00,-4.248529157249600452e+00,-1.565247584249852775e+00,-8.944271909999158554e-01,-2.012461179749810647e+00,-1.565247584249852775e+00,-1.341640786499873839e+00,2.683281572999747677e+00,2.236067977499789639e-01,1.118033988749894903e+00,4.472135954999579277e-01,1.565247584249852775e+00,2.459674775249768519e+00,8.944271909999158554e-01,6.708203932499369193e-01,2.683281572999747677e+00,2.906888370749726391e+00,3.577708763999663422e+00,4.024922359499621294e+00,3.130495168499705549e+00,3.354101966249684263e+00,2.012461179749810647e+00,1.788854381999831711e+00,2.906888370749726391e+00,2.236067977499789805e+00,1.118033988749894903e+00,2.683281572999747677e+00,4.919349550499537038e+00,3.354101966249684263e+00,1.118033988749894903e+00,1.341640786499873839e+00,1.788854381999831711e+00,6.708203932499369193e-01,2.236067977499789805e+00,1.565247584249852775e+00,3.130495168499705549e+00,4.248529157249600452e+00,6.260990336999411099e+00,4.919349550499537038e+00,4.248529157249600452e+00,2.459674775249768519e+00,1.788854381999831711e+00,8.944271909999158554e-01,2.236067977499789639e-01,1.118033988749894903e+00,1.341640786499873839e+00,2.459674775249768519e+00,2.906888370749726391e+00,3.577708763999663422e+00,1.565247584249852775e+00,2.906888370749726391e+00,4.024922359499621294e+00,2.683281572999747677e+00,3.354101966249684263e+00,4.919349550499537038e+00,4.695742752749557880e+00,3.577708763999663422e+00,2.012461179749810647e+00,4.024922359499621294e+00,3.577708763999663422e+00,4.024922359499621294e+00,2.459674775249768519e+00,2.236067977499789639e-01,-2.236067977499789639e-01,1.565247584249852775e+00,3.130495168499705549e+00,1.341640786499873839e+00,1.118033988749894903e+00,1.341640786499873839e+00,-2.236067977499789639e-01,-1.341640786499873839e+00,-1.118033988749894903e+00,-6.708203932499369193e-01,0.000000000000000000e+00,2.459674775249768519e+00,2.683281572999747677e+00,3.577708763999663422e+00,3.130495168499705549e+00,3.577708763999663422e+00,3.354101966249684263e+00,3.354101966249684263e+00,4.024922359499621294e+00,4.695742752749557880e+00,5.813776741499452783e+00,4.919349550499537038e+00,4.695742752749557880e+00,3.801315561749642136e+00,4.024922359499621294e+00,5.590169943749473624e+00,5.590169943749473624e+00,6.260990336999411099e+00,6.260990336999411099e+00,4.919349550499537038e+00,4.919349550499537038e+00,4.248529157249600452e+00,2.459674775249768519e+00,-2.236067977499789639e-01,-1.118033988749894903e+00,-8.944271909999158554e-01,-4.472135954999579277e-01,-8.944271909999158554e-01,8.944271909999158554e-01,2.906888370749726391e+00,3.801315561749642136e+00,3.130495168499705549e+00,2.459674775249768519e+00,2.906888370749726391e+00,3.130495168499705549e+00,2.683281572999747677e+00,3.354101966249684263e+00,1.788854381999831711e+00,1.565247584249852775e+00,3.130495168499705549e+00,1.788854381999831711e+00,3.354101966249684263e+00,8.944271909999158554e-01,2.012461179749810647e+00,1.565247584249852775e+00,1.341640786499873839e+00,8.944271909999158554e-01,-2.236067977499789639e-01,-4.472135954999579277e-01,-1.341640786499873839e+00,-3.130495168499705549e+00,-2.683281572999747677e+00,-1.341640786499873839e+00,-1.341640786499873839e+00,8.944271909999158554e-01,2.236067977499789639e-01,1.341640786499873839e+00,3.801315561749642136e+00,4.919349550499537038e+00,6.484597134749389369e+00,4.472135954999579610e+00,4.024922359499621294e+00,1.788854381999831711e+00,1.565247584249852775e+00,4.024922359499621294e+00,4.248529157249600452e+00,4.472135954999579610e+00,4.024922359499621294e+00,4.248529157249600452e+00,2.459674775249768519e+00,4.472135954999579610e+00,4.695742752749557880e+00,2.906888370749726391e+00,2.906888370749726391e+00,3.354101966249684263e+00,2.012461179749810647e+00,2.012461179749810647e+00,8.944271909999158554e-01,1.341640786499873839e+00,2.012461179749810647e+00,6.708203932499369193e-01,-2.236067977499789639e-01,2.906888370749726391e+00,3.801315561749642136e+00,3.354101966249684263e+00,5.366563145999495354e+00,4.024922359499621294e+00,3.577708763999663422e+00,3.801315561749642136e+00,3.130495168499705549e+00,2.236067977499789805e+00,1.341640786499873839e+00,6.708203932499369193e-01,2.683281572999747677e+00,2.683281572999747677e+00,2.012461179749810647e+00,1.565247584249852775e+00,2.236067977499789639e-01,4.472135954999579277e-01,8.944271909999158554e-01,4.472135954999579277e-01,2.236067977499789805e+00,1.565247584249852775e+00,2.236067977499789639e-01,4.472135954999579277e-01,-8.944271909999158554e-01,8.944271909999158554e-01,2.012461179749810647e+00,8.944271909999158554e-01,-6.708203932499369193e-01,-1.341640786499873839e+00,-6.708203932499369193e-01,-6.708203932499369193e-01,8.944271909999158554e-01,3.130495168499705549e+00,4.472135954999579610e+00,3.577708763999663422e+00,1.788854381999831711e+00,2.012461179749810647e+00,1.341640786499873839e+00,1.341640786499873839e+00,-1.341640786499873839e+00,1.118033988749894903e+00,1.118033988749894903e+00,0.000000000000000000e+00,-1.118033988749894903e+00,-8.944271909999158554e-01,-8.944271909999158554e-01,-2.012461179749810647e+00,-8.944271909999158554e-01,-1.341640786499873839e+00,-3.130495168499705549e+00,-2.683281572999747677e+00,-3.354101966249684263e+00,-3.801315561749642136e+00,-3.577708763999663422e+00,-4.024922359499621294e+00,-3.354101966249684263e+00,-6.037383539249431941e+00,-5.813776741499452783e+00,-5.142956348249516196e+00,-4.695742752749557880e+00,-5.366563145999495354e+00,-3.354101966249684263e+00,-3.130495168499705549e+00,-2.012461179749810647e+00,-3.577708763999663422e+00,-3.130495168499705549e+00,-2.906888370749726391e+00,-2.459674775249768519e+00,-2.906888370749726391e+00,-1.341640786499873839e+00,-2.236067977499789639e-01,-1.118033988749894903e+00,-8.944271909999158554e-01,-2.012461179749810647e+00,-2.906888370749726391e+00,-1.788854381999831711e+00,-2.459674775249768519e+00,-4.472135954999579277e-01,-1.118033988749894903e+00,-6.708203932499369193e-01,-8.944271909999158554e-01,-2.459674775249768519e+00,-4.024922359499621294e+00,-4.024922359499621294e+00,-5.590169943749473624e+00,-4.024922359499621294e+00,-4.695742752749557880e+00,-2.683281572999747677e+00,-2.459674775249768519e+00,-4.472135954999579277e-01,-1.788854381999831711e+00,-3.354101966249684263e+00,-3.354101966249684263e+00,-1.788854381999831711e+00,-6.708203932499369193e-01,1.341640786499873839e+00,3.130495168499705549e+00,3.354101966249684263e+00,3.130495168499705549e+00,5.142956348249516196e+00,5.590169943749473624e+00,5.813776741499452783e+00,6.931810730249347685e+00,4.695742752749557880e+00,3.354101966249684263e+00,3.801315561749642136e+00,4.472135954999579610e+00,4.472135954999579610e+00,2.906888370749726391e+00,6.708203932499369193e-01,4.472135954999579277e-01,8.944271909999158554e-01,6.708203932499369193e-01,-2.236067977499789639e-01,0.000000000000000000e+00,0.000000000000000000e+00,-4.472135954999579277e-01,0.000000000000000000e+00,1.118033988749894903e+00,8.944271909999158554e-01,-1.341640786499873839e+00,-1.118033988749894903e+00,6.708203932499369193e-01,1.565247584249852775e+00,2.683281572999747677e+00,1.565247584249852775e+00,2.012461179749810647e+00,-4.472135954999579277e-01,-2.236067977499789639e-01,-6.708203932499369193e-01,-2.236067977499789805e+00,-2.683281572999747677e+00,-2.683281572999747677e+00,-2.236067977499789805e+00,-2.683281572999747677e+00,-8.944271909999158554e-01,-2.236067977499789639e-01,1.565247584249852775e+00,2.236067977499789639e-01,0.000000000000000000e+00,1.341640786499873839e+00,2.683281572999747677e+00,4.248529157249600452e+00,2.683281572999747677e+00,3.577708763999663422e+00,4.472135954999579610e+00,5.813776741499452783e+00,6.484597134749389369e+00,5.590169943749473624e+00,3.354101966249684263e+00,3.130495168499705549e+00,6.708203932499369193e-01,2.236067977499789639e-01,1.118033988749894903e+00
2.236067977499789805e+00,1.118033988749894903e+00,1.565247584249852775e+00,5.366563145999495354e+00,3.801315561749642136e+00,3.801315561749642136e+00,4.024922359499621294e+00,3.577708763999663422e+00,8.944271909999158554e-01,1.118033988749894903e+00,8.944271909999158554e-01,6.708203932499369193e-01,-2.236067977499789639e-01,2.459674775249768519e+00,4.248529157249600452e+00,5.142956348249516196e+00,5.813776741499452783e+00,6.260990336999411099e+00,8.049844718999242588e+00,7.379024325749306001e+00,6.037383539249431941e+00,4.472135954999579610e+00,4.919349550499537038e+00,4.695742752749557880e+00,5.366563145999495354e+00,4.248529157249600452e+00,5.142956348249516196e+00,6.037383539249431941e+00,6.484597134749389369e+00,5.590169943749473624e+00,6.037383539249431941e+00,4.472135954999579610e+00,4.024922359499621294e+00,6.037383539249431941e+00,6.484597134749389369e+00,7.155417527999326843e+00,7.155417527999326843e+00,6.708203932499368527e+00,6.708203932499368527e+00,5.590169943749473624e+00,6.260990336999411099e+00,5.590169943749473624e+00,3.801315561749642136e+00,1.788854381999831711e+00,8.944271909999158554e-01,8.944271909999158554e-01,-2.236067977499789639e-01,-3.354101966249684263e+00,-3.801315561749642136e+00,-4.472135954999579610e+00,-3.801315561749642136e+00,-2.012461179749810647e+00,-2.012461179749810647e+00,-8.944271909999158554e-01,-6.708203932499369193e-01,-2.012461179749810647e+00,-6.708203932499369193e-01,1.341640786499873839e+00,2.459674775249768519e+00,1.565247584249852775e+00,-2.236067977499789639e-01,1.565247584249852775e+00,2.459674775249768519e+00,2.683281572999747677e+00,2.012461179749810647e+00,0.000000000000000000e+00,1.118033988749894903e+00,6.708203932499369193e-01,-1.118033988749894903e+00,-4.472135954999579277e-01,-2.236067977499789639e-01,-6.708203932499369193e-01,-6.708203932499369193e-01,-2.012461179749810647e+00,-1.565247584249852775e+00,-1.118033988749894903e+00,-1.788854381999831711e+00,-3.130495168499705549e+00,-4.248529157249600452e+00,-2.459674775249768519e+00,-3.354101966249684263e+00,-4.695742752749557880e+00,-4.472135954999579610e+00,-5.590169943749473624e+00,-5.590169943749473624e+00,-5.590169943749473624e+00,-4.248529157249600452e+00,-3.577708763999663422e+00,-3.801315561749642136e+00,-3.354101966249684263e+00,-4.695742752749557880e+00,-5.366563145999495354e+00,-5.590169943749473624e+00,-4.695742752749557880e+00,-4.472135954999579610e+00,-3.801315561749642136e+00,-2.683281572999747677e+00,-4.919349550499537038e+00,-3.354101966249684263e+00,-1.118033988749894903e+00,-1.341640786499873839e+00,-2.012461179749810647e+00,-3.577708763999663422e+00,-8.944271909999158554e-01,-1.565247584249852775e+00,-2.012461179749810647e+00,-1.341640786499873839e+00,-1.341640786499873839e+00,-6.708203932499369193e-01,-6.708203932499369193e-01,4.472135954999579277e-01,6.708203932499369193e-01,4.472135954999579277e-01,3.577708763999663422e+00,2.683281572999747677e+00,2.459674775249768519e+00,3.130495168499705549e+00,3.801315561749642136e+00,2.906888370749726391e+00,2.683281572999747677e+00,3.130495168499705549e+00,2.236067977499789805e+00,3.354101966249684263e+00,4.248529157249600452e+00,3.801315561749642136e+00,5.142956348249516196e+00,6.484597134749389369e+00,6.484597134749389369e+00,6.484597134749389369e+00,8.497058314499200904e+00,6.708203932499368527e+00,5.366563145999495354e+00,3.130495168499705549e+00,2.236067977499789805e+00,2.683281572999747677e+00,4.472135954999579610e+00,4.248529157249600452e+00,2.236067977499789805e+00,1.788854381999831711e+00,2.906888370749726391e+00,1.118033988749894903e+00,2.906888370749726391e+00,2.459674775249768519e+00,4.024922359499621294e+00,4.695742752749557880e+00,4.695742752749557880e+00,2.906888370749726391e+00,4.695742752749557880e+00,4.695742752749557880e+00,3.354101966249684263e+00,2.459674775249768519e+00,2.236067977499789639e-01,-2.236067977499789639e-01,6.708203932499369193e-01,6.708203932499369193e-01,-2.236067977499789639e-01,-4.472135954999579277e-01,4.472135954999579277e-01,0.000000000000000000e+00,-1.341640786499873839e+00,-2.683281572999747677e+00,-3.577708763999663422e+00,-2.906888370749726391e+00,-2.683281572999747677e+00,-4.024922359499621294e+00,-3.354101966249684263e+00,-2.236067977499789805e+00,-4.472135954999579277e-01,4.472135954999579277e-01,-2.236067977499789639e-01,-2.236067977499789639e-01,-1.341640786499873839e+00,-2.236067977499789805e+00,-5.366563145999495354e+00,-5.590169943749473624e+00,-6.260990336999411099e+00,-5.142956348249516196e+00,-3.577708763999663422e+00,-3.801315561749642136e+00,-3.801315561749642136e+00,-3.801315561749642136e+00,-2.236067977499789805e+00,-2.683281572999747677e+00,-1.341640786499873839e+00,-2.683281572999747677e+00,-2.236067977499789805e+00,-1.118033988749894903e+00,-3.577708763999663422e+00,-4.695742752749557880e+00,-4.919349550499537038e+00,-6.708203932499368527e+00,-5.813776741499452783e+00,-6.260990336999411099e+00,-7.379024325749306001e+00,-5.142956348249516196e+00,-3.577708763999663422e+00,-2.906888370749726391e+00,-3.130495168499705549e+00,-1.565247584249852775e+00,-1.118033988749894903e+00,-1.341640786499873839e+00,-1.341640786499873839e+00,-1.788854381999831711e+00,2.236067977499789639e-01,0.000000000000000000e+00,-6.708203932499369193e-01,-1.341640786499873839e+00,-8.944271909999158554e-01,-2.236067977499789639e-01,-8.944271909999158554e-01,-1.341640786499873839e+00,-6.708203932499369193e-01,-2.906888370749726391e+00,-4.695742752749557880e+00,-5.366563145999495354e+00,-5.813776741499452783e+00,-4.472135954999579610e+00,-3.801315561749642136e+00,-2.012461179749810647e+00,-2.906888370749726391e+00,-1.565247584249852775e+00,-8.944271909999158554e-01,8.944271909999158554e-01,2.236067977499789639e-01,-1.118033988749894903e+00,0.000000000000000000e+00,4.472135954999579277e-01,1.118033988749894903e+00,2.236067977499789805e+00,1.565247584249852775e+00,-4.472135954999579277e-01,-1.788854381999831711e+00,-2.012461179749810647e+00,-4.472135954999579610e+00,-4.919349550499537038e+00,-4.919349550499537038e+00,-5.590169943749473624e+00,-6.484597134749389369e+00,-6.037383539249431941e+00,-4.695742752749557880e+00,-5.366563145999495354e+00,-4.695742752749557880e+00,-5.813776741499452783e+00,-6.260990336999411099e+00,-6.260990336999411099e+00,-5.366563145999495354e+00,-6.260990336999411099e+00,-5.366563145999495354e+00,-3.577708763999663422e+00,-3.801315561749642136e+00,-2.459674775249768519e+00,-3.577708763999663422e+00,-2.236067977499789805e+00,-1.118033988749894903e+00,-4.472135954999579277e-01,0.000000000000000000e+00,2.236067977499789639e-01,8.944271909999158554e-01,6.708203932499369193e-01,8.944271909999158554e-01,2.012461179749810647e+00,0.000000000000000000e+00,0.000000000000000000e+00,-2.012461179749810647e+00,-2.012461179749810647e+00,-1.118033988749894903e+00,1.341640786499873839e+00,-2.236067977499789639e-01,-6.708203932499369193e-01,-2.459674775249768519e+00,-2.906888370749726391e+00,-2.683281572999747677e+00,-2.236067977499789805e+00,-2.012461179749810647e+00,-1.565247584249852775e+00,-6.708203932499369193e-01,2.236067977499789639e-01,-4.472135954999579277e-01,4.472135954999579277e-01,2.906888370749726391e+00,4.472135954999579610e+00,3.354101966249684263e+00,3.577708763999663422e+00,4.248529157249600452e+00,5.142956348249516196e+00,5.813776741499452783e+00,5.142956348249516196e+00,4.919349550499537038e+00,5.366563145999495354e+00,4.695742752749557880e+00,4.919349550499537038e+00,4.248529157249600452e+00,4.919349550499537038e+00,4.248529157249600452e+00,5.590169943749473624e+00,4.695742752749557880e+00,3.354101966249684263e+00,2.459674775249768519e+00,3.130495168499705549e+00,2.236067977499789805e+00,1.565247584249852775e+00,2.683281572999747677e+00,5.142956348249516196e+00,3.801315561749642136e+00,4.472135954999579610e+00,4.695742752749557880e+00,4.024922359499621294e+00,3.577708763999663422e+00,3.130495168499705549e+00,3.354101966249684263e+00,4.695742752749557880e+00,5.366563145999495354e+00,4.024922359499621294e+00,3.577708763999663422e+00,2.459674775249768519e+00,4.248529157249600452e+00,2.459674775249768519e+00,3.130495168499705549e+00,2.683281572999747677e+00,2.459674775249768519e+00,1.788854381999831711e+00,1.341640786499873839e+00,2.906888370749726391e+00,2.012461179749810647e+00,3.130495168499705549e+00,2.459674775249768519e+00,2.236067977499789805e+00,1.341640786499873839e+00,6.708203932499369193e-01,-2.236067977499789639e-01,1.118033988749894903e+00,6.708203932499369193e-01,1.565247584249852775e+00,2.906888370749726391e+00,5.813776741499452783e+00,8.049844718999242588e+00,6.931810730249347685e+00,6.037383539249431941e+00,5.590169943749473624e+00,6.037383539249431941e+00,4.919349550499537038e+00,5.142956348249516196e+00,7.155417527999326843e+00,5.813776741499452783e+00,8.273451516749220858e+00,6.484597134749389369e+00,5.813776741499452783e+00,4.919349550499537038e+00,3.354101966249684263e+00,2.906888370749726391e+00,0.000000000000000000e+00,-1.565247584249852775e+00,-2.459674775249768519e+00,-1.341640786499873839e+00,-1.118033988749894903e+00,-6.708203932499369193e-01,1.118033988749894903e+00,2.236067977499789805e+00,2.236067977499789805e+00,1.788854381999831711e+00,8.944271909999158554e-01,0.000000000000000000e+00,1.341640786499873839e+00,1.788854381999831711e+00,2.906888370749726391e+00,2.236067977499789805e+00,1.341640786499873839e+00,1.118033988749894903e+00,4.472135954999579277e-01,2.459674775249768519e+00,8.944271909999158554e-01,1.118033988749894903e+00,-4.472135954999579277e-01,2.236067977499789639e-01,-2.906888370749726391e+00,-2.459674775249768519e+00,-2.012461179749810647e+00,-2.236067977499789805e+00,-4.472135954999579277e-01,-6.708203932499369193e-01,6.708203932499369193e-01,0.000000000000000000e+00,2.012461179749810647e+00,2.236067977499789805e+00,2.459674775249768519e+00,2.683281572999747677e+00,2.683281572999747677e+00,3.130495168499705549e+00,3.130495168499705549e+00,2.236067977499789805e+00,2.683281572999747677e+00,2.906888370749726391e+00,1.565247584249852775e+00,1.341640786499873839e+00,2.683281572999747677e+00,2.906888370749726391e+00,2.906888370749726391e+00,3.354101966249684263e+00,3.801315561749642136e+00,6.484597134749389369e+00,8.049844718999242588e+00,6.260990336999411099e+00,7.379024325749306001e+00,7.155417527999326843e+00,6.931810730249347685e+00,8.273451516749220858e+00,6.708203932499368527e+00,3.354101966249684263e+00,1.788854381999831711e+00,1.118033988749894903e+00,-1.565247584249852775e+00,-1.341640786499873839e+00,-2.236067977499789805e+00,-2.236067977499789805e+00,2.236067977499789639e-01,-8.944271909999158554e-01,-2.906888370749726391e+00,-2.012461179749810647e+00,-3.130495168499705549e+00,-4.024922359499621294e+00,-4.248529157249600452e+00,-4.248529157249600452e+00,-2.906888370749726391e+00,-4.919349550499537038e+00,-4.024922359499621294e+00,-5.142956348249516196e+00,-5.366563145999495354e+00,-4.248529157249600452e+00,-5.366563145999495354e+00,-5.590169943749473624e+00,-6.484597134749389369e+00,-5.813776741499452783e+00,-3.801315561749642136e+00,-4.024922359499621294e+00,-4.248529157249600452e+00,-4.024922359499621294e+00,-2.236067977499789639e-01,-1.788854381999831711e+00,-3.130495168499705549e+00,-1.788854381999831711e+00,-2.459674775249768519e+00,-1.788854381999831711e+00,-8.944271909999158554e-01,-8.944271909999158554e-01,-2.236067977499789639e-01,2.236067977499789639e-01,1.341640786499873839e+00,0.000000000000000000e+00,-1.565247584249852775e+00,-1.788854381999831711e+00,-4.248529157249600452e+00,-2.683281572999747677e+00,-1.788854381999831711e+00,-2.459674775249768519e+00,-2.683281572999747677e+00,-2.906888370749726391e+00,-3.801315561749642136e+00,-3.801315561749642136e+00,-4.024922359499621294e+00,-3.130495168499705549e+00,-2.236067977499789805e+00,-1.118033988749894903e+00,1.341640786499873839e+00,2.236067977499789639e-01,6.708203932499369193e-01,-2.236067977499789639e-01,-2.012461179749810647e+00,-2.012461179749810647e+00,-1.118033988749894903e+00,-8.944271909999158554e-01,2.236067977499789639e-01,-2.012461179749810647e+00,-1.565247584249852775e+00,-2.459674775249768519e+00,-1.341640786499873839e+00,-6.708203932499369193e-01,-2.683281572999747677e+00,-2.236067977499789639e-01,-1.565247584249852775e+00,-1.118033988749894903e+00,4.472135954999579277e-01,-4.472135954999579277e-01,4.472135954999579277e-01,1.118033988749894903e+00,4.472135954999579277e-01,-8.944271909999158554e-01,8.944271909999158554e-01,4.472135954999579277e-01,8.944271909999158554e-01,1.788854381999831711e+00,1.565247584249852775e+00,2.236067977499789639e-01,-6.708203932499369193e-01,2.236067977499789639e-01,-8.944271909999158554e-01,-2.236067977499789639e-01,-2.012461179749810647e+00,0.000000000000000000e+00,4.472135954999579277e-01,1.118033988749894903e+00
0.000000000000000000e+00,-2.683281572999747677e+00,-3.354101966249684263e+00,-1.341640786499873839e+00,-8.944271909999158554e-01,1.788854381999831711e+00,-2.236067977499789639e-01,2.236067977499789639e-01,-2.012461179749810647e+00,-2.236067977499789805e+00,-2.459674775249768519e+00,-1.565247584249852775e+00,-2.012461179749810647e+00,-2.683281572999747677e+00,-4.248529157249600452e+00,-2.683281572999747677e+00,-1.565247584249852775e+00,-1.341640786499873839e+00,6.708203932499369193e-01,3.801315561749642136e+00,6.708203932499369193e-01,2.906888370749726391e+00,3.577708763999663422e+00,4.248529157249600452e+00,4.248529157249600452e+00,4.024922359499621294e+00,2.012461179749810647e+00,1.788854381999831711e+00,1.118033988749894903e+00,2.683281572999747677e+00,4.024922359499621294e+00,4.024922359499621294e+00,5.813776741499452783e+00,6.931810730249347685e+00,7.826237921249263430e+00,7.155417527999326843e+00,6.484597134749389369e+00,7.379024325749306001e+00,4.919349550499537038e+00,3.577708763999663422e+00,3.130495168499705549e+00,4.472135954999579610e+00,2.683281572999747677e+00,1.341640786499873839e+00,2.236067977499789639e-01,-8.944271909999158554e-01,-2.236067977499789805e+00,-3.801315561749642136e+00,-3.354101966249684263e+00,-6.708203932499369193e-01,-4.472135954999579277e-01,4.472135954999579277e-01,4.472135954999579277e-01,6.708203932499369193e-01,4.472135954999579277e-01,2.236067977499789639e-01,2.236067977499789639e-01,0.000000000000000000e+00,6.708203932499369193e-01,2.236067977499789639e-01,6.708203932499369193e-01,8.944271909999158554e-01,1.118033988749894903e+00,6.708203932499369193e-01,3.130495168499705549e+00,3.801315561749642136e+00,4.472135954999579610e+00,2.012461179749810647e+00,1.565247584249852775e+00,1.118033988749894903e+00,2.236067977499789639e-01,-1.118033988749894903e+00,-4.472135954999579277e-01,-1.788854381999831711e+00,-1.341640786499873839e+00,-2.236067977499789805e+00,-4.024922359499621294e+00,-2.459674775249768519e+00,-2.012461179749810647e+00,-1.118033988749894903e+00,-1.565247584249852775e+00,-3.130495168499705549e+00,-8.944271909999158554e-01,-8.944271909999158554e-01,-2.906888370749726391e+00,-2.906888370749726391e+00,-4.472135954999579277e-01,1.118033988749894903e+00,1.341640786499873839e+00,3.801315561749642136e+00,2.906888370749726391e+00,2.236067977499789805e+00,1.118033988749894903e+00,-2.236067977499789639e-01,-6.708203932499369193e-01,-8.944271909999158554e-01,-3.577708763999663422e+00,-4.472135954999579610e+00,-4.024922359499621294e+00,-3.801315561749642136e+00,-1.788854381999831711e+00,-1.565247584249852775e+00,-2.236067977499789805e+00,-2.236067977499789805e+00,-1.565247584249852775e+00,-3.801315561749642136e+00,-2.906888370749726391e+00,-3.354101966249684263e+00,-3.354101966249684263e+00,-3.354101966249684263e+00,-3.130495168499705549e+00,-3.577708763999663422e+00,-3.354101966249684263e+00,-3.801315561749642136e+00,-4.024922359499621294e+00,-5.590169943749473624e+00,-6.484597134749389369e+00,-4.695742752749557880e+00,-3.130495168499705549e+00,-3.354101966249684263e+00,-2.683281572999747677e+00,-8.944271909999158554e-01,-1.565247584249852775e+00,-2.683281572999747677e+00,0.000000000000000000e+00,0.000000000000000000e+00,-1.341640786499873839e+00,-8.944271909999158554e-01,-2.236067977499789805e+00,-3.354101966249684263e+00,-3.354101966249684263e+00,-4.472135954999579277e-01,4.472135954999579277e-01,-3.130495168499705549e+00,-3.801315561749642136e+00,-2.906888370749726391e+00,-2.236067977499789805e+00,1.118033988749894903e+00,1.788854381999831711e+00,1.118033988749894903e+00,2.236067977499789639e-01,2.236067977499789639e-01,-4.472135954999579277e-01,-2.459674775249768519e+00,-6.708203932499369193e-01,-1.341640786499873839e+00,-6.708203932499369193e-01,-1.788854381999831711e+00,-2.236067977499789639e-01,-4.472135954999579277e-01,2.236067977499789639e-01,0.000000000000000000e+00,-8.944271909999158554e-01,-2.236067977499789639e-01,-2.236067977499789639e-01,-6.708203932499369193e-01,-1.341640786499873839e+00,4.472135954999579277e-01,-6.708203932499369193e-01,1.341640786499873839e+00,6.708203932499369193e-01,-4.472135954999579277e-01,0.000000000000000000e+00,1.788854381999831711e+00,4.472135954999579277e-01,1.788854381999831711e+00,1.118033988749894903e+00,0.000000000000000000e+00,0.000000000000000000e+00,0.000000000000000000e+00,-4.472135954999579277e-01,-1.788854381999831711e+00,-2.012461179749810647e+00,0.000000000000000000e+00,4.472135954999579277e-01,2.236067977499789639e-01,-4.472135954999579277e-01,2.236067977499789639e-01,0.000000000000000000e+00,4.472135954999579277e-01,1.788854381999831711e+00,2.236067977499789639e-01,-6.708203932499369193e-01,4.472135954999579277e-01,2.459674775249768519e+00,-8.944271909999158554e-01,-1.565247584249852775e+00,-2.236067977499789805e+00,-2.236067977499789805e+00,-1.788854381999831711e+00,-1.341640786499873839e+00,0.000000000000000000e+00,1.118033988749894903e+00,1.118033988749894903e+00,-2.236067977499789639e-01,-1.118033988749894903e+00,-8.944271909999158554e-01,4.472135954999579277e-01,-2.683281572999747677e+00,-2.683281572999747677e+00,-2.906888370749726391e+00,-2.012461179749810647e+00,-2.236067977499789805e+00,-2.012461179749810647e+00,-2.236067977499789639e-01,1.565247584249852775e+00,-4.472135954999579277e-01,-1.118033988749894903e+00,-1.118033988749894903e+00,-6.708203932499369193e-01,-4.472135954999579277e-01,-4.472135954999579277e-01,-2.012461179749810647e+00,-8.944271909999158554e-01,-2.012461179749810647e+00,-3.130495168499705549e+00,-5.813776741499452783e+00,-5.366563145999495354e+00,-5.590169943749473624e+00,-8.273451516749220858e+00,-7.826237921249263430e+00,-5.813776741499452783e+00,-7.155417527999326843e+00,-6.708203932499368527e+00,-6.931810730249347685e+00,-5.590169943749473624e+00,-4.024922359499621294e+00,-2.683281572999747677e+00,-2.459674775249768519e+00,-8.944271909999158554e-01,-1.341640786499873839e+00,-4.472135954999579277e-01,0.000000000000000000e+00,2.012461179749810647e+00,1.118033988749894903e+00,1.788854381999831711e+00,3.130495168499705549e+00,1.788854381999831711e+00,2.236067977499789805e+00,3.130495168499705549e+00,3.354101966249684263e+00,3.354101966249684263e+00,2.459674775249768519e+00,2.459674775249768519e+00,3.577708763999663422e+00,2.236067977499789805e+00,1.565247584249852775e+00,8.944271909999158554e-01,1.341640786499873839e+00,3.130495168499705549e+00,2.012461179749810647e+00,1.565247584249852775e+00,6.708203932499369193e-01,-6.708203932499369193e-01,1.788854381999831711e+00,-4.472135954999579277e-01,6.708203932499369193e-01,1.118033988749894903e+00,1.788854381999831711e+00,2.906888370749726391e+00,1.788854381999831711e+00,-4.472135954999579277e-01,-3.354101966249684263e+00,-3.354101966249684263e+00,-2.906888370749726391e+00,-2.459674775249768519e+00,-2.906888370749726391e+00,-6.708203932499369193e-01,0.000000000000000000e+00,-8.944271909999158554e-01,6.708203932499369193e-01,2.012461179749810647e+00,1.565247584249852775e+00,1.341640786499873839e+00,-1.565247584249852775e+00,-2.012461179749810647e+00,4.472135954999579277e-01,4.472135954999579277e-01,3.130495168499705549e+00,2.236067977499789805e+00,0.000000000000000000e+00,-8.944271909999158554e-01,-2.236067977499789639e-01,4.472135954999579277e-01,1.341640786499873839e+00,8.944271909999158554e-01,1.565247584249852775e+00,1.341640786499873839e+00,3.130495168499705549e+00,6.708203932499369193e-01,2.012461179749810647e+00,6.708203932499369193e-01,0.000000000000000000e+00,-8.944271909999158554e-01,-1.118033988749894903e+00,-2.012461179749810647e+00,-3.354101966249684263e+00,-2.012461179749810647e+00,-2.236067977499789805e+00,-3.130495168499705549e+00,-1.341640786499873839e+00,-1.565247584249852775e+00,-6.708203932499369193e-01,-1.118033988749894903e+00,-1.788854381999831711e+00,-1.565247584249852775e+00,-1.341640786499873839e+00,-3.130495168499705549e+00,-2.906888370749726391e+00,-2.906888370749726391e+00,-3.130495168499705549e+00,-2.459674775249768519e+00,-3.130495168499705549e+00,-2.012461179749810647e+00,-1.565247584249852775e+00,-2.236067977499789805e+00,-4.472135954999579277e-01,-1.118033988749894903e+00,-6.708203932499369193e-01,-1.565247584249852775e+00,-4.024922359499621294e+00,-3.130495168499705549e+00,-3.801315561749642136e+00,-5.366563145999495354e+00,-3.130495168499705549e+00,-2.906888370749726391e+00,-3.130495168499705549e+00,-3.577708763999663422e+00,-6.484597134749389369e+00,-6.260990336999411099e+00,-7.826237921249263430e+00,-7.379024325749306001e+00,-8.273451516749220858e+00,-8.944271909999159220e+00,-1.073312629199899071e+01,-8.944271909999159220e+00,-8.497058314499200904e+00,-1.028591269649903239e+01,-1.006230589874905235e+01,-1.073312629199899071e+01,-8.944271909999159220e+00,-8.273451516749220858e+00,-7.155417527999326843e+00,-6.708203932499368527e+00,-6.708203932499368527e+00,-7.379024325749306001e+00,-6.708203932499368527e+00,-5.366563145999495354e+00,-6.037383539249431941e+00,-6.037383539249431941e+00,-6.037383539249431941e+00,-4.695742752749557880e+00,-4.472135954999579610e+00,-3.354101966249684263e+00,-2.236067977499789805e+00,-2.012461179749810647e+00,-1.118033988749894903e+00,-1.118033988749894903e+00,-1.341640786499873839e+00,-4.472135954999579277e-01,6.708203932499369193e-01,2.012461179749810647e+00,2.012461179749810647e+00,1.341640786499873839e+00,-2.236067977499789639e-01,4.472135954999579277e-01,1.341640786499873839e+00,6.708203932499369193e-01,3.130495168499705549e+00,2.683281572999747677e+00,6.708203932499369193e-01,-2.236067977499789639e-01,2.236067977499789639e-01,2.236067977499789639e-01,1.118033988749894903e+00,1.341640786499873839e+00,-6.708203932499369193e-01,-1.118033988749894903e+00,-1.788854381999831711e+00,-2.236067977499789805e+00,-4.248529157249600452e+00,-4.024922359499621294e+00,-2.012461179749810647e+00,6.708203932499369193e-01,1.118033988749894903e+00,-4.472135954999579277e-01,0.000000000000000000e+00,-2.236067977499789639e-01,2.236067977499789805e+00,6.708203932499369193e-01,6.708203932499369193e-01,1.118033988749894903e+00,3.354101966249684263e+00,3.577708763999663422e+00,1.565247584249852775e+00,2.012461179749810647e+00,2.236067977499789639e-01,4.472135954999579277e-01,1.118033988749894903e+00,1.788854381999831711e+00,2.683281572999747677e+00,3.130495168499705549e+00,4.472135954999579610e+00,2.906888370749726391e+00,2.683281572999747677e+00,2.459674775249768519e+00,4.472135954999579277e-01,-1.118033988749894903e+00,-2.683281572999747677e+00,-1.788854381999831711e+00,-8.944271909999158554e-01,1.118033988749894903e+00,1.341640786499873839e+00,1.788854381999831711e+00,2.906888370749726391e+00,2.906888370749726391e+00,3.801315561749642136e+00,3.354101966249684263e+00,2.236067977499789805e+00,8.944271909999158554e-01,0.000000000000000000e+00,-6.708203932499369193e-01,-2.012461179749810647e+00,-1.788854381999831711e+00,-1.341640786499873839e+00,-2.012461179749810647e+00,-2.236067977499789639e-01,1.118033988749894903e+00,1.118033988749894903e+00,2.459674775249768519e+00,2.683281572999747677e+00,2.683281572999747677e+00,1.118033988749894903e+00,1.118033988749894903e+00,-1.341640786499873839e+00,-2.012461179749810647e+00,-2.906888370749726391e+00,-1.118033988749894903e+00,-1.341640786499873839e+00,6.708203932499369193e-01,4.472135954999579277e-01,-6.708203932499369193e-01,1.118033988749894903e+00,1.565247584249852775e+00,2.236067977499789805e+00,2.459674775249768519e+00,3.130495168499705549e+00,2.236067977499789805e+00,1.565247584249852775e+00,2.236067977499789639e-01,-1.565247584249852775e+00,-1.118033988749894903e+00,-2.012461179749810647e+00,-2.906888370749726391e+00,-4.248529157249600452e+00,-5.590169943749473624e+00,-7.602631123499284271e+00,-6.037383539249431941e+00,-5.590169943749473624e+00,-4.919349550499537038e+00,-3.354101966249684263e+00,-3.130495168499705549e+00,-3.354101966249684263e+00,-5.142956348249516196e+00,-5.366563145999495354e+00,-6.037383539249431941e+00,-7.155417527999326843e+00,-5.590169943749473624e+00,-6.484597134749389369e+00,-7.155417527999326843e+00,-7.155417527999326843e+00,-7.826237921249263430e+00,-7.826237921249263430e+00,-5.813776741499452783e+00,-5.142956348249516196e+00,-5.813776741499452783e+00,-7.379024325749306001e+00,-6.708203932499368527e+00,-5.366563145999495354e+00,-4.024922359499621294e+00,-3.801315561749642136e+00,-2.906888370749726391e+00,-1.565247584249852775e+00,-6.708203932499369193e-01,6.708203932499369193e-01,-6.708203932499369193e-01,-6.708203932499369193e-01,2.236067977499789639e-01,8.944271909999158554e-01,6.708203932499369193e-01,0.000000000000000000e+00,1.788854381999831711e+00,2.236067977499789639e-01,0.000000000000000000e+00,-1.788854381999831711e+00,-2.683281572999747677e+00,-2.906888370749726391e+00,-1.565247584249852775e+00,1.118033988749894903e+00,6.708203932499369193e-01
